
10 PERCENT EMPTY

Test For Seed: 1
Problem:
24 10 1 9 7 2 8 22 19 16 17 3 14 21 5 . 23 15 . 4 6 . 13 18 25 
1 13 19 6 9 . 2 18 . 3 23 14 7 5 8 24 21 22 16 12 . 15 4 17 11 
7 15 . 21 23 . 13 9 12 5 6 20 25 24 18 16 . 11 2 14 4 3 19 10 8 
8 23 . 1 4 . 16 17 11 13 21 . 5 18 3 12 20 6 15 7 2 10 14 . 19 
. 17 18 25 21 4 10 3 6 11 16 24 12 15 19 1 2 . 20 22 7 13 8 9 23 
22 11 8 13 10 18 20 14 4 25 5 6 24 17 7 23 15 16 . 1 21 9 3 . 2 
3 7 25 20 2 23 14 4 15 8 10 . 1 6 24 22 18 17 5 9 16 12 11 21 . 
21 . 13 . 20 15 18 1 25 17 9 12 11 10 4 2 16 7 24 6 23 19 22 8 14 
9 21 . 23 11 14 5 . 16 2 19 13 22 8 17 15 25 3 6 20 10 18 12 1 7 
19 3 15 17 16 . 12 20 13 4 11 5 8 23 14 . . 10 18 . 1 2 24 6 22 
15 9 20 4 3 6 . 19 22 . 2 16 10 14 25 21 24 1 8 23 17 11 5 13 12 
5 1 6 7 13 12 22 15 . 23 14 18 21 . 2 3 10 8 25 16 19 24 17 11 20 
23 14 21 16 18 10 24 . 7 22 . 15 2 19 13 4 8 9 11 17 3 1 20 25 5 
2 8 24 14 22 20 4 10 5 19 . 17 6 12 15 . 3 13 . 18 11 21 1 23 16 
. 20 10 2 6 9 11 5 23 7 8 21 4 1 22 18 13 12 3 19 24 . 25 14 15 
13 . 22 . 25 7 23 12 17 6 4 11 3 16 9 19 5 21 1 . 14 8 15 20 24 
25 12 3 8 24 17 15 23 18 10 22 2 13 20 1 5 6 4 7 . 9 14 . 19 21 
4 6 23 12 . 16 21 8 3 14 24 9 19 2 11 7 17 20 10 13 22 . 18 15 1 
20 22 2 11 17 13 9 16 1 . 3 . 15 25 12 14 19 18 23 5 8 7 6 24 4 
17 4 5 15 . 22 1 7 20 24 18 8 23 11 6 13 9 . 14 10 25 16 21 2 3 
11 25 14 19 15 5 . 2 21 . 1 7 16 . 23 17 4 24 13 8 12 22 10 3 18 
18 19 12 24 14 3 25 11 2 . 20 22 . . 10 8 1 23 4 21 5 6 7 16 17 
6 2 7 22 1 8 19 13 24 12 25 23 17 3 . 20 11 14 21 15 18 5 9 4 . 
12 24 16 18 19 11 17 25 . 9 15 1 20 7 21 10 14 2 22 3 . 4 23 5 6 
10 16 11 5 8 19 3 . 14 1 13 4 . 22 20 6 12 25 17 24 15 23 . 7 9 

Solution #1  
24 10 1 9 7 2 8 22 19 16 17 3 14 21 5 11 23 15 12 4 6 20 13 18 25 
1 13 19 6 9 25 2 18 10 3 23 14 7 5 8 24 21 22 16 12 20 15 4 17 11 
7 15 17 21 23 1 13 9 12 5 6 20 25 24 18 16 22 11 2 14 4 3 19 10 8 
8 23 9 1 4 24 16 17 11 13 21 25 5 18 3 12 20 6 15 7 2 10 14 22 19 
14 17 18 25 21 4 10 3 6 11 16 24 12 15 19 1 2 5 20 22 7 13 8 9 23 
22 11 8 13 10 18 20 14 4 25 5 6 24 17 7 23 15 16 19 1 21 9 3 12 2 
3 7 25 20 2 23 14 4 15 8 10 19 1 6 24 22 18 17 5 9 16 12 11 21 13 
21 5 13 3 20 15 18 1 25 17 9 12 11 10 4 2 16 7 24 6 23 19 22 8 14 
9 21 4 23 11 14 5 24 16 2 19 13 22 8 17 15 25 3 6 20 10 18 12 1 7 
19 3 15 17 16 21 12 20 13 4 11 5 8 23 14 9 7 10 18 25 1 2 24 6 22 
15 9 20 4 3 6 7 19 22 18 2 16 10 14 25 21 24 1 8 23 17 11 5 13 12 
5 1 6 7 13 12 22 15 9 23 14 18 21 4 2 3 10 8 25 16 19 24 17 11 20 
23 14 21 16 18 10 24 6 7 22 12 15 2 19 13 4 8 9 11 17 3 1 20 25 5 
2 8 24 14 22 20 4 10 5 19 7 17 6 12 15 25 3 13 9 18 11 21 1 23 16 
16 20 10 2 6 9 11 5 23 7 8 21 4 1 22 18 13 12 3 19 24 17 25 14 15 
13 18 22 10 25 7 23 12 17 6 4 11 3 16 9 19 5 21 1 2 14 8 15 20 24 
25 12 3 8 24 17 15 23 18 10 22 2 13 20 1 5 6 4 7 11 9 14 16 19 21 
4 6 23 12 5 16 21 8 3 14 24 9 19 2 11 7 17 20 10 13 22 25 18 15 1 
20 22 2 11 17 13 9 16 1 21 3 10 15 25 12 14 19 18 23 5 8 7 6 24 4 
17 4 5 15 12 22 1 7 20 24 18 8 23 11 6 13 9 19 14 10 25 16 21 2 3 
11 25 14 19 15 5 6 2 21 20 1 7 16 9 23 17 4 24 13 8 12 22 10 3 18 
18 19 12 24 14 3 25 11 2 15 20 22 9 13 10 8 1 23 4 21 5 6 7 16 17 
6 2 7 22 1 8 19 13 24 12 25 23 17 3 16 20 11 14 21 15 18 5 9 4 10 
12 24 16 18 19 11 17 25 8 9 15 1 20 7 21 10 14 2 22 3 13 4 23 5 6 
10 16 11 5 8 19 3 21 14 1 13 4 18 22 20 6 12 25 17 24 15 23 2 7 9 

Search Limit crossed? False

Solutions: 1
WallTime: 26ms
Failures: 0
Branches: 0 

Test For Seed: 2
Problem:
7 23 14 9 . 3 . 25 1 19 13 . 22 2 8 4 17 24 20 12 16 11 15 18 21 
2 20 24 12 4 8 1 17 15 11 23 9 . 7 25 16 6 5 . 21 19 14 13 3 22 
6 . 19 15 2 17 22 . 14 23 10 25 24 . 13 8 20 7 1 18 12 4 9 21 3 
3 17 25 10 6 1 14 23 8 . . 20 2 . 16 13 18 4 12 24 22 5 19 7 9 
12 9 21 . 24 10 2 16 . 22 3 . 11 25 18 14 8 6 4 19 23 17 20 5 15 
24 15 2 21 14 6 7 20 11 4 16 23 3 22 10 . 25 8 5 17 . 12 1 13 . 
20 . 8 19 16 4 24 5 21 1 2 3 7 9 15 22 11 . 17 13 6 25 12 23 18 
4 14 3 13 17 9 25 . . 16 22 . 19 8 7 15 12 23 2 6 11 20 18 10 5 
. 4 20 17 7 16 9 18 19 3 24 15 8 23 2 5 14 21 6 10 25 1 11 . 13 
25 13 7 . 9 2 21 6 18 14 11 22 16 19 12 20 3 17 15 23 10 . 5 4 1 
21 22 16 14 8 11 18 . 4 . 7 12 20 1 6 17 9 19 13 2 24 10 25 15 23 
11 8 15 22 1 19 12 4 2 18 20 7 17 6 23 3 . 25 . 9 5 24 . 16 10 
5 7 13 23 11 20 15 2 22 6 25 19 12 17 21 . . . 8 14 18 9 4 1 16 
8 . 11 2 12 21 16 . 23 9 5 17 4 14 1 7 15 10 24 3 . 13 22 6 25 
10 6 18 3 13 . 19 12 20 15 14 24 21 4 11 23 2 16 . 1 17 22 8 9 7 
15 11 17 20 10 18 23 9 3 2 19 14 5 21 . 1 4 13 22 . 7 16 6 25 12 
14 24 . 16 25 7 4 10 6 13 . 5 9 12 20 21 19 11 . 15 1 3 2 8 17 
13 2 1 11 3 15 6 8 12 17 9 18 23 16 . 25 7 20 10 5 4 19 . 24 14 
16 1 6 25 23 22 13 15 . 10 8 4 14 18 5 9 21 . 19 7 3 2 24 . 11 
19 5 9 4 18 . 3 21 10 25 12 8 . 15 17 11 1 22 16 20 2 7 23 14 24 
17 25 5 8 . 12 20 24 13 7 1 16 18 10 19 . 23 9 11 4 14 15 3 22 2 
9 19 . 6 22 . 11 13 5 12 4 1 15 20 3 2 24 18 7 25 21 23 16 17 . 
1 3 4 18 15 23 5 7 16 24 21 10 25 . 14 12 22 2 9 . 8 6 17 19 20 
18 12 23 7 20 24 . 22 25 8 6 11 1 3 9 19 5 15 14 16 13 . 10 2 4 
23 21 12 5 19 25 8 14 9 . 17 2 13 24 4 10 16 1 3 22 15 18 . 11 6 

Solution #1  
7 23 14 9 5 3 10 25 1 19 13 6 22 2 8 4 17 24 20 12 16 11 15 18 21 
2 20 24 12 4 8 1 17 15 11 23 9 10 7 25 16 6 5 18 21 19 14 13 3 22 
6 16 19 15 2 17 22 11 14 23 10 25 24 5 13 8 20 7 1 18 12 4 9 21 3 
3 17 25 10 6 1 14 23 8 21 15 20 2 11 16 13 18 4 12 24 22 5 19 7 9 
12 9 21 1 24 10 2 16 7 22 3 13 11 25 18 14 8 6 4 19 23 17 20 5 15 
24 15 2 21 14 6 7 20 11 4 16 23 3 22 10 18 25 8 5 17 9 12 1 13 19 
20 10 8 19 16 4 24 5 21 1 2 3 7 9 15 22 11 14 17 13 6 25 12 23 18 
4 14 3 13 17 9 25 1 24 16 22 21 19 8 7 15 12 23 2 6 11 20 18 10 5 
22 4 20 17 7 16 9 18 19 3 24 15 8 23 2 5 14 21 6 10 25 1 11 12 13 
25 13 7 24 9 2 21 6 18 14 11 22 16 19 12 20 3 17 15 23 10 8 5 4 1 
21 22 16 14 8 11 18 3 4 5 7 12 20 1 6 17 9 19 13 2 24 10 25 15 23 
11 8 15 22 1 19 12 4 2 18 20 7 17 6 23 3 13 25 21 9 5 24 14 16 10 
5 7 13 23 11 20 15 2 22 6 25 19 12 17 21 24 10 3 8 14 18 9 4 1 16 
8 18 11 2 12 21 16 19 23 9 5 17 4 14 1 7 15 10 24 3 20 13 22 6 25 
10 6 18 3 13 5 19 12 20 15 14 24 21 4 11 23 2 16 25 1 17 22 8 9 7 
15 11 17 20 10 18 23 9 3 2 19 14 5 21 24 1 4 13 22 8 7 16 6 25 12 
14 24 22 16 25 7 4 10 6 13 18 5 9 12 20 21 19 11 23 15 1 3 2 8 17 
13 2 1 11 3 15 6 8 12 17 9 18 23 16 22 25 7 20 10 5 4 19 21 24 14 
16 1 6 25 23 22 13 15 17 10 8 4 14 18 5 9 21 12 19 7 3 2 24 20 11 
19 5 9 4 18 13 3 21 10 25 12 8 6 15 17 11 1 22 16 20 2 7 23 14 24 
17 25 5 8 21 12 20 24 13 7 1 16 18 10 19 6 23 9 11 4 14 15 3 22 2 
9 19 10 6 22 14 11 13 5 12 4 1 15 20 3 2 24 18 7 25 21 23 16 17 8 
1 3 4 18 15 23 5 7 16 24 21 10 25 13 14 12 22 2 9 11 8 6 17 19 20 
18 12 23 7 20 24 17 22 25 8 6 11 1 3 9 19 5 15 14 16 13 21 10 2 4 
23 21 12 5 19 25 8 14 9 20 17 2 13 24 4 10 16 1 3 22 15 18 7 11 6 

Search Limit crossed? False

Solutions: 1
WallTime: 12ms
Failures: 0
Branches: 0 

Test For Seed: 3
Problem:
1 . 23 25 3 13 22 9 12 18 10 2 16 17 8 4 14 11 . 21 . 6 24 5 15 
15 25 . 10 19 3 5 8 1 16 12 23 6 2 20 7 . 17 11 18 24 9 14 21 4 
22 7 8 . 9 . 11 12 13 14 2 17 24 5 18 10 15 19 . 3 23 16 25 . 21 
20 4 3 2 25 21 17 7 . 12 16 11 5 10 14 9 19 . 24 8 1 23 15 18 6 
12 19 6 . 11 14 13 10 15 8 5 21 7 1 23 . 16 18 3 20 25 4 22 9 2 
14 3 20 7 . . 9 15 10 24 6 22 25 11 16 19 21 8 23 13 2 18 1 4 17 
16 23 . 15 6 10 8 . 4 21 11 25 14 7 5 2 12 22 20 1 17 . 18 13 . 
10 15 22 8 5 11 7 19 17 23 . 14 13 . 25 3 18 16 1 6 4 2 9 24 20 
4 24 . 16 23 18 . 25 3 20 15 7 21 22 19 1 8 2 14 17 12 13 10 . 9 
19 6 24 . 18 9 25 17 2 3 20 . 15 23 21 14 4 10 7 22 5 1 16 8 11 
. 13 16 19 10 8 2 1 6 15 9 4 23 3 24 . 11 25 21 12 14 22 . 7 5 
5 17 2 4 20 15 19 11 21 10 24 9 3 8 7 6 25 . . 16 13 14 23 22 18 
. 11 25 14 2 6 . 13 9 22 19 24 4 18 3 16 5 12 15 7 10 17 20 23 1 
6 21 15 18 24 16 4 2 25 1 7 20 . 9 10 . 17 14 22 . 8 12 13 3 23 
11 16 14 6 21 24 10 23 5 9 18 19 2 20 . 25 . 15 13 4 22 7 8 1 12 
17 22 18 11 14 19 1 . 16 . 23 15 9 24 13 8 10 4 2 5 20 25 21 12 3 
7 14 17 9 4 23 15 18 . . 25 3 12 19 1 22 13 5 6 24 16 21 11 20 10 
23 1 21 24 . 22 20 5 14 4 3 10 17 . 11 . 6 . 25 2 18 8 7 19 13 
24 . 1 5 7 17 16 22 20 11 . 13 8 4 6 23 2 3 18 15 21 10 12 25 19 
9 5 12 23 22 4 14 21 19 17 1 16 18 6 15 13 7 24 8 10 11 20 3 . 25 
3 12 11 22 8 2 23 14 18 25 13 5 1 21 . 17 20 6 16 9 15 . 19 10 7 
2 18 7 12 13 20 24 4 11 5 22 . 10 25 9 21 1 23 17 19 3 15 . 16 14 
13 10 19 3 17 7 12 16 23 6 8 1 20 14 2 . 24 21 5 25 . 11 4 15 22 
25 8 10 21 1 12 . 20 24 19 4 18 11 13 22 15 23 7 9 14 6 . 2 . . 
21 2 4 1 16 25 18 24 7 13 17 6 . . 12 11 9 20 10 23 19 3 5 14 . 

Solution #1  
1 20 23 25 3 13 22 9 12 18 10 2 16 17 8 4 14 11 19 21 7 6 24 5 15 
15 25 13 10 19 3 5 8 1 16 12 23 6 2 20 7 22 17 11 18 24 9 14 21 4 
22 7 8 20 9 1 11 12 13 14 2 17 24 5 18 10 15 19 4 3 23 16 25 6 21 
20 4 3 2 25 21 17 7 22 12 16 11 5 10 14 9 19 13 24 8 1 23 15 18 6 
12 19 6 17 11 14 13 10 15 8 5 21 7 1 23 24 16 18 3 20 25 4 22 9 2 
14 3 20 7 12 5 9 15 10 24 6 22 25 11 16 19 21 8 23 13 2 18 1 4 17 
16 23 9 15 6 10 8 3 4 21 11 25 14 7 5 2 12 22 20 1 17 19 18 13 24 
10 15 22 8 5 11 7 19 17 23 21 14 13 12 25 3 18 16 1 6 4 2 9 24 20 
4 24 5 16 23 18 6 25 3 20 15 7 21 22 19 1 8 2 14 17 12 13 10 11 9 
19 6 24 13 18 9 25 17 2 3 20 12 15 23 21 14 4 10 7 22 5 1 16 8 11 
18 13 16 19 10 8 2 1 6 15 9 4 23 3 24 20 11 25 21 12 14 22 17 7 5 
5 17 2 4 20 15 19 11 21 10 24 9 3 8 7 6 25 1 12 16 13 14 23 22 18 
8 11 25 14 2 6 21 13 9 22 19 24 4 18 3 16 5 12 15 7 10 17 20 23 1 
6 21 15 18 24 16 4 2 25 1 7 20 19 9 10 5 17 14 22 11 8 12 13 3 23 
11 16 14 6 21 24 10 23 5 9 18 19 2 20 17 25 3 15 13 4 22 7 8 1 12 
17 22 18 11 14 19 1 6 16 7 23 15 9 24 13 8 10 4 2 5 20 25 21 12 3 
7 14 17 9 4 23 15 18 8 2 25 3 12 19 1 22 13 5 6 24 16 21 11 20 10 
23 1 21 24 15 22 20 5 14 4 3 10 17 16 11 12 6 9 25 2 18 8 7 19 13 
24 9 1 5 7 17 16 22 20 11 14 13 8 4 6 23 2 3 18 15 21 10 12 25 19 
9 5 12 23 22 4 14 21 19 17 1 16 18 6 15 13 7 24 8 10 11 20 3 2 25 
3 12 11 22 8 2 23 14 18 25 13 5 1 21 4 17 20 6 16 9 15 24 19 10 7 
2 18 7 12 13 20 24 4 11 5 22 8 10 25 9 21 1 23 17 19 3 15 6 16 14 
13 10 19 3 17 7 12 16 23 6 8 1 20 14 2 18 24 21 5 25 9 11 4 15 22 
25 8 10 21 1 12 3 20 24 19 4 18 11 13 22 15 23 7 9 14 6 5 2 17 16 
21 2 4 1 16 25 18 24 7 13 17 6 22 15 12 11 9 20 10 23 19 3 5 14 8 

Search Limit crossed? False

Solutions: 1
WallTime: 12ms
Failures: 0
Branches: 0 

Test For Seed: 4
Problem:
12 23 19 9 18 13 5 20 17 6 24 10 2 4 25 21 14 11 15 . 22 . 7 8 1 
7 17 14 10 22 21 6 1 15 11 . 9 19 8 24 4 2 3 25 18 13 . 20 5 23 
3 22 9 . 1 10 23 . 18 19 11 25 5 24 13 14 . 20 2 15 12 4 6 7 8 
13 25 16 5 3 4 15 18 . 7 14 . 21 9 1 10 24 12 20 11 8 17 22 19 6 
. 6 3 8 . . 11 10 25 14 4 18 20 17 21 9 13 22 19 2 5 23 24 1 15 
10 18 5 . 11 24 22 23 20 8 19 . 4 25 17 12 9 6 14 13 1 3 16 15 21 
9 1 18 2 14 23 10 25 8 . . 11 15 19 16 3 6 21 . 22 4 5 13 24 12 
24 13 15 6 . 20 18 . 4 23 5 3 8 22 12 2 10 16 11 19 21 7 1 25 17 
21 3 23 11 2 14 1 5 6 22 12 4 9 . 15 7 20 19 24 16 10 18 8 17 . 
20 14 1 . 10 16 2 15 22 18 7 24 25 12 11 . 19 9 8 5 17 21 . 6 13 
8 2 21 19 20 11 4 6 23 9 1 12 18 7 5 25 16 17 22 . 24 15 10 . 3 
11 10 7 14 23 9 12 13 . 17 15 22 . 20 . 8 21 5 3 1 18 6 25 16 . 
23 12 20 . 25 18 13 2 21 1 6 19 16 5 4 22 8 7 9 17 . 24 15 . 14 
15 21 6 12 17 22 8 7 9 . 3 16 14 23 20 11 . . 4 25 19 10 5 18 24 
1 . 2 22 8 17 25 19 13 15 21 5 3 11 7 6 4 14 10 12 23 9 . 20 16 
. 7 12 13 21 8 16 9 24 2 22 . 11 6 19 20 5 15 . 23 . 25 17 4 10 
2 8 . 20 4 15 9 . 14 5 . 1 17 10 6 24 22 23 18 21 16 19 12 11 7 
4 15 . 16 13 25 17 21 3 10 18 7 22 14 . 1 12 24 23 8 6 20 19 2 5 
14 11 25 1 16 3 7 8 12 24 2 17 . . 18 5 15 10 6 9 20 22 4 23 19 
19 9 17 18 5 1 20 24 11 16 10 8 12 15 3 13 7 . 21 6 . 2 23 14 22 
25 19 24 23 15 5 . 12 10 21 13 20 6 3 8 16 18 1 . 4 7 11 2 22 9 
17 16 4 15 . 2 . . 5 25 20 6 7 1 23 19 3 8 12 10 14 13 11 9 18 
22 . 8 17 6 . 24 4 16 3 9 13 10 18 14 15 23 25 5 7 2 1 21 12 11 
. 4 22 25 19 6 3 17 7 12 23 15 1 2 10 18 11 13 . 24 9 8 14 21 20 
6 5 10 24 12 7 19 11 1 . 8 21 . 16 22 17 25 18 13 20 15 14 9 3 2 

Solution #1  
12 23 19 9 18 13 5 20 17 6 24 10 2 4 25 21 14 11 15 3 22 16 7 8 1 
7 17 14 10 22 21 6 1 15 11 16 9 19 8 24 4 2 3 25 18 13 12 20 5 23 
3 22 9 21 1 10 23 16 18 19 11 25 5 24 13 14 17 20 2 15 12 4 6 7 8 
13 25 16 5 3 4 15 18 2 7 14 23 21 9 1 10 24 12 20 11 8 17 22 19 6 
16 6 3 8 7 12 11 10 25 14 4 18 20 17 21 9 13 22 19 2 5 23 24 1 15 
10 18 5 7 11 24 22 23 20 8 19 2 4 25 17 12 9 6 14 13 1 3 16 15 21 
9 1 18 2 14 23 10 25 8 20 17 11 15 19 16 3 6 21 7 22 4 5 13 24 12 
24 13 15 6 9 20 18 14 4 23 5 3 8 22 12 2 10 16 11 19 21 7 1 25 17 
21 3 23 11 2 14 1 5 6 22 12 4 9 13 15 7 20 19 24 16 10 18 8 17 25 
20 14 1 4 10 16 2 15 22 18 7 24 25 12 11 23 19 9 8 5 17 21 3 6 13 
8 2 21 19 20 11 4 6 23 9 1 12 18 7 5 25 16 17 22 14 24 15 10 13 3 
11 10 7 14 23 9 12 13 19 17 15 22 24 20 2 8 21 5 3 1 18 6 25 16 4 
23 12 20 3 25 18 13 2 21 1 6 19 16 5 4 22 8 7 9 17 11 24 15 10 14 
15 21 6 12 17 22 8 7 9 13 3 16 14 23 20 11 1 2 4 25 19 10 5 18 24 
1 24 2 22 8 17 25 19 13 15 21 5 3 11 7 6 4 14 10 12 23 9 18 20 16 
18 7 12 13 21 8 16 9 24 2 22 14 11 6 19 20 5 15 1 23 3 25 17 4 10 
2 8 13 20 4 15 9 3 14 5 25 1 17 10 6 24 22 23 18 21 16 19 12 11 7 
4 15 11 16 13 25 17 21 3 10 18 7 22 14 9 1 12 24 23 8 6 20 19 2 5 
14 11 25 1 16 3 7 8 12 24 2 17 13 21 18 5 15 10 6 9 20 22 4 23 19 
19 9 17 18 5 1 20 24 11 16 10 8 12 15 3 13 7 4 21 6 25 2 23 14 22 
25 19 24 23 15 5 14 12 10 21 13 20 6 3 8 16 18 1 17 4 7 11 2 22 9 
17 16 4 15 24 2 21 22 5 25 20 6 7 1 23 19 3 8 12 10 14 13 11 9 18 
22 20 8 17 6 19 24 4 16 3 9 13 10 18 14 15 23 25 5 7 2 1 21 12 11 
5 4 22 25 19 6 3 17 7 12 23 15 1 2 10 18 11 13 16 24 9 8 14 21 20 
6 5 10 24 12 7 19 11 1 4 8 21 23 16 22 17 25 18 13 20 15 14 9 3 2 

Search Limit crossed? False

Solutions: 1
WallTime: 12ms
Failures: 0
Branches: 0 

Test For Seed: 5
Problem:
3 19 25 8 21 7 4 20 6 14 13 1 . 16 23 5 9 24 10 17 11 . 12 18 22 
. 12 15 1 5 13 18 10 11 8 16 2 19 . . 17 7 9 6 21 20 23 22 3 25 
9 3 4 . 2 15 25 12 20 19 10 8 6 5 11 21 . 7 13 1 16 22 24 23 18 
19 1 17 9 6 10 . 24 22 18 11 15 21 7 25 13 8 20 2 5 12 14 23 . 16 
5 17 22 . 12 11 7 18 21 23 3 14 25 15 20 10 16 1 4 6 13 24 8 . 9 
11 23 18 4 10 9 16 19 8 . 14 20 . 12 5 3 2 21 17 15 25 13 7 22 1 
16 . . . 1 4 22 25 15 3 . 18 12 24 17 14 10 13 9 8 23 2 11 7 6 
7 6 14 21 22 23 12 . 17 10 15 3 4 . 16 1 25 5 8 11 18 19 . 9 24 
12 . 23 22 . 17 . 6 19 11 4 13 7 9 3 2 21 8 20 18 24 25 1 15 14 
8 2 13 15 25 16 24 21 14 20 23 10 3 . 19 22 6 18 7 4 . 5 17 1 12 
4 22 16 25 8 3 19 17 13 . 6 . 1 10 24 7 18 2 21 23 15 12 14 11 20 
1 16 7 24 . 12 15 4 23 13 17 22 5 8 14 25 11 . . 2 19 20 21 10 3 
10 24 11 17 14 1 9 15 3 2 22 . 8 23 . 20 4 19 25 12 5 21 13 16 . 
13 7 . 16 . 19 8 14 24 5 12 23 11 25 21 18 22 15 3 20 2 9 10 6 4 
2 . 20 . 11 6 14 8 10 24 1 9 18 17 13 15 3 25 22 16 21 7 . 12 19 
21 11 24 6 3 8 13 1 . 7 9 16 20 19 . 12 15 4 . 14 10 17 25 5 2 
6 21 9 7 24 . 1 11 2 22 25 12 17 18 10 4 13 23 . 3 8 16 5 20 15 
22 18 5 3 15 20 2 23 16 25 24 7 13 6 1 11 12 10 14 . 4 . 19 21 17 
. 8 3 19 4 22 11 9 25 16 20 21 15 13 7 23 . 14 12 10 6 1 2 17 5 
23 9 12 13 20 18 6 16 7 1 21 19 14 . 2 . 5 11 15 22 17 10 3 25 8 
17 15 8 11 7 . . 2 9 4 5 25 22 3 12 19 23 . . 13 1 6 18 14 10 
25 14 19 18 23 5 10 3 1 17 2 24 9 21 15 . 20 12 16 7 22 4 6 13 . 
15 25 10 12 19 2 17 . 5 21 18 4 23 20 6 16 1 22 11 24 . 3 9 8 13 
20 13 2 10 18 25 23 5 4 12 . 17 16 22 9 6 14 3 1 . 7 11 . 24 21 
14 4 6 20 13 . 21 22 12 15 7 11 10 1 8 9 19 17 5 . 3 18 16 2 23 

Solution #1  
3 19 25 8 21 7 4 20 6 14 13 1 2 16 23 5 9 24 10 17 11 15 12 18 22 
24 12 15 1 5 13 18 10 11 8 16 2 19 14 4 17 7 9 6 21 20 23 22 3 25 
9 3 4 14 2 15 25 12 20 19 10 8 6 5 11 21 17 7 13 1 16 22 24 23 18 
19 1 17 9 6 10 3 24 22 18 11 15 21 7 25 13 8 20 2 5 12 14 23 4 16 
5 17 22 2 12 11 7 18 21 23 3 14 25 15 20 10 16 1 4 6 13 24 8 19 9 
11 23 18 4 10 9 16 19 8 6 14 20 24 12 5 3 2 21 17 15 25 13 7 22 1 
16 20 21 5 1 4 22 25 15 3 19 18 12 24 17 14 10 13 9 8 23 2 11 7 6 
7 6 14 21 22 23 12 13 17 10 15 3 4 2 16 1 25 5 8 11 18 19 20 9 24 
12 10 23 22 16 17 5 6 19 11 4 13 7 9 3 2 21 8 20 18 24 25 1 15 14 
8 2 13 15 25 16 24 21 14 20 23 10 3 11 19 22 6 18 7 4 9 5 17 1 12 
4 22 16 25 8 3 19 17 13 9 6 5 1 10 24 7 18 2 21 23 15 12 14 11 20 
1 16 7 24 9 12 15 4 23 13 17 22 5 8 14 25 11 6 18 2 19 20 21 10 3 
10 24 11 17 14 1 9 15 3 2 22 6 8 23 18 20 4 19 25 12 5 21 13 16 7 
13 7 1 16 17 19 8 14 24 5 12 23 11 25 21 18 22 15 3 20 2 9 10 6 4 
2 5 20 23 11 6 14 8 10 24 1 9 18 17 13 15 3 25 22 16 21 7 4 12 19 
21 11 24 6 3 8 13 1 18 7 9 16 20 19 22 12 15 4 23 14 10 17 25 5 2 
6 21 9 7 24 14 1 11 2 22 25 12 17 18 10 4 13 23 19 3 8 16 5 20 15 
22 18 5 3 15 20 2 23 16 25 24 7 13 6 1 11 12 10 14 9 4 8 19 21 17 
18 8 3 19 4 22 11 9 25 16 20 21 15 13 7 23 24 14 12 10 6 1 2 17 5 
23 9 12 13 20 18 6 16 7 1 21 19 14 4 2 24 5 11 15 22 17 10 3 25 8 
17 15 8 11 7 21 20 2 9 4 5 25 22 3 12 19 23 16 24 13 1 6 18 14 10 
25 14 19 18 23 5 10 3 1 17 2 24 9 21 15 8 20 12 16 7 22 4 6 13 11 
15 25 10 12 19 2 17 7 5 21 18 4 23 20 6 16 1 22 11 24 14 3 9 8 13 
20 13 2 10 18 25 23 5 4 12 8 17 16 22 9 6 14 3 1 19 7 11 15 24 21 
14 4 6 20 13 24 21 22 12 15 7 11 10 1 8 9 19 17 5 25 3 18 16 2 23 

Search Limit crossed? False

Solutions: 1
WallTime: 10ms
Failures: 0
Branches: 0 
Group time: 382635 ticks

25 PERCENT EMPTY

Test For Seed: 1
Problem:
24 10 1 9 7 2 . 22 . 16 17 3 . 21 5 . 23 15 . 4 . 20 13 18 25 
1 13 19 . 9 25 2 . 10 3 23 14 7 5 8 24 . 22 16 12 . . . 17 11 
7 . 17 21 23 . 13 9 12 . 6 . 25 24 . . 22 11 2 . 4 3 19 10 8 
8 23 9 1 4 . . 17 11 . . 25 . 18 3 12 20 6 15 7 2 10 14 . 19 
14 17 18 25 21 4 10 3 6 . 16 24 12 . 19 . 2 . 20 22 7 . 8 . 23 
22 . 8 13 10 18 20 . . 25 5 6 24 17 7 23 15 16 . 1 21 9 . 12 . 
. 7 25 . 2 23 . 4 15 8 . 19 1 6 24 22 18 17 . 9 16 12 11 21 . 
. . 13 3 20 . 18 1 25 17 . 12 11 10 4 2 16 . 24 . 23 19 22 8 14 
9 21 . . 11 14 5 . 16 . 19 13 . 8 17 15 25 3 6 20 . . 12 1 7 
. 3 . 17 16 21 12 20 . 4 11 . 8 23 14 9 . 10 18 . 1 2 24 6 22 
15 9 20 4 3 . 7 19 22 . 2 . 10 14 . 21 24 1 8 . 17 11 5 13 . 
5 1 6 7 13 12 22 . 9 23 14 18 . . 2 . . 8 25 16 . 24 17 11 20 
. 14 21 16 18 10 24 6 7 22 . 15 2 . . 4 8 . 11 . 3 1 20 25 . 
2 8 24 14 . 20 4 10 5 19 7 17 6 12 . 25 3 13 . 18 11 . . . 16 
. . . 2 6 . 11 5 23 7 . 21 4 1 22 18 13 . 3 19 24 17 25 14 15 
. 18 . 10 25 7 23 12 17 6 4 . 3 16 . 19 . 21 1 2 14 8 . 20 24 
25 12 3 . . 17 . 23 18 10 22 . 13 20 1 . 6 4 . 11 9 14 16 . 21 
4 6 23 12 5 16 21 . 3 14 24 9 19 . 11 7 . . 10 . 22 . . 15 1 
20 22 2 . . 13 9 . . 21 3 . 15 25 12 14 19 . 23 5 8 . 6 24 4 
17 . 5 15 12 22 1 7 . . 18 8 23 11 6 . . 19 14 10 25 16 21 2 . 
11 25 14 19 . 5 6 2 21 20 1 7 16 . . 17 4 . 13 . . 22 10 3 18 
18 19 12 24 14 3 . 11 2 15 20 . 9 . . 8 1 23 4 21 . 6 . 16 17 
6 . 7 . . 8 19 13 24 12 . 23 17 3 16 20 11 14 . 15 18 5 9 . 10 
12 24 . 18 . 11 . 25 8 9 15 1 . 7 21 . 14 2 22 3 13 4 23 . 6 
10 16 . 5 8 . 3 21 . 1 13 4 . 22 20 6 12 25 17 24 . 23 2 7 . 

Solution #1  
24 10 1 9 7 2 8 22 19 16 17 3 14 21 5 11 23 15 12 4 6 20 13 18 25 
1 13 19 6 9 25 2 18 10 3 23 14 7 5 8 24 21 22 16 12 20 15 4 17 11 
7 15 17 21 23 1 13 9 12 5 6 20 25 24 18 16 22 11 2 14 4 3 19 10 8 
8 23 9 1 4 24 16 17 11 13 21 25 5 18 3 12 20 6 15 7 2 10 14 22 19 
14 17 18 25 21 4 10 3 6 11 16 24 12 15 19 1 2 5 20 22 7 13 8 9 23 
22 11 8 13 10 18 20 14 4 25 5 6 24 17 7 23 15 16 19 1 21 9 3 12 2 
3 7 25 20 2 23 14 4 15 8 10 19 1 6 24 22 18 17 5 9 16 12 11 21 13 
21 5 13 3 20 15 18 1 25 17 9 12 11 10 4 2 16 7 24 6 23 19 22 8 14 
9 21 4 23 11 14 5 24 16 2 19 13 22 8 17 15 25 3 6 20 10 18 12 1 7 
19 3 15 17 16 21 12 20 13 4 11 5 8 23 14 9 7 10 18 25 1 2 24 6 22 
15 9 20 4 3 6 7 19 22 18 2 16 10 14 25 21 24 1 8 23 17 11 5 13 12 
5 1 6 7 13 12 22 15 9 23 14 18 21 4 2 3 10 8 25 16 19 24 17 11 20 
23 14 21 16 18 10 24 6 7 22 12 15 2 19 13 4 8 9 11 17 3 1 20 25 5 
2 8 24 14 22 20 4 10 5 19 7 17 6 12 15 25 3 13 9 18 11 21 1 23 16 
16 20 10 2 6 9 11 5 23 7 8 21 4 1 22 18 13 12 3 19 24 17 25 14 15 
13 18 22 10 25 7 23 12 17 6 4 11 3 16 9 19 5 21 1 2 14 8 15 20 24 
25 12 3 8 24 17 15 23 18 10 22 2 13 20 1 5 6 4 7 11 9 14 16 19 21 
4 6 23 12 5 16 21 8 3 14 24 9 19 2 11 7 17 20 10 13 22 25 18 15 1 
20 22 2 11 17 13 9 16 1 21 3 10 15 25 12 14 19 18 23 5 8 7 6 24 4 
17 4 5 15 12 22 1 7 20 24 18 8 23 11 6 13 9 19 14 10 25 16 21 2 3 
11 25 14 19 15 5 6 2 21 20 1 7 16 9 23 17 4 24 13 8 12 22 10 3 18 
18 19 12 24 14 3 25 11 2 15 20 22 9 13 10 8 1 23 4 21 5 6 7 16 17 
6 2 7 22 1 8 19 13 24 12 25 23 17 3 16 20 11 14 21 15 18 5 9 4 10 
12 24 16 18 19 11 17 25 8 9 15 1 20 7 21 10 14 2 22 3 13 4 23 5 6 
10 16 11 5 8 19 3 21 14 1 13 4 18 22 20 6 12 25 17 24 15 23 2 7 9 

Search Limit crossed? False

Solutions: 1
WallTime: 12ms
Failures: 0
Branches: 0 

Test For Seed: 2
Problem:
7 23 . 9 . 3 10 25 1 19 13 . 22 2 8 4 17 24 20 . . . 15 18 21 
2 . 24 . 4 8 1 17 15 11 . 9 . 7 25 16 . 5 18 21 19 14 . 3 22 
6 16 . 15 2 17 22 . 14 23 10 . 24 5 13 8 . 7 . 18 12 4 9 . 3 
3 17 . 10 6 1 14 23 8 . . 20 2 11 . . 18 4 12 24 22 5 19 . 9 
. 9 21 1 24 10 2 16 . . 3 13 . 25 18 14 . . . 19 23 17 20 5 15 
. 15 2 21 14 . 7 20 . 4 16 23 3 . 10 18 . . 5 17 9 12 1 13 . 
20 10 8 19 16 4 . 5 . 1 . . 7 9 15 22 11 . 17 13 . 25 12 23 18 
4 14 3 13 . . 25 1 . . 22 21 19 . . 15 12 23 2 6 11 20 18 . 5 
22 4 . . 7 16 9 . 19 3 24 15 8 . 2 5 . 21 6 10 . 1 11 . 13 
25 13 7 . 9 2 21 6 . 14 . 22 . . 12 20 3 17 . 23 . 8 5 4 1 
21 . 16 . . 11 18 . 4 5 7 12 20 1 6 17 9 . . . 24 10 25 15 23 
. . 15 22 1 19 12 4 2 18 . . 17 6 23 3 13 25 21 9 5 24 . 16 . 
5 7 13 . 11 20 15 2 22 6 25 19 12 17 . . 10 3 . 14 . 9 4 . 16 
. . . 2 12 . 16 19 . 9 5 . 4 14 1 7 15 10 24 3 20 13 22 6 25 
10 6 18 3 . 5 19 12 20 15 14 24 21 4 . . . 16 . 1 17 . 8 9 7 
15 11 17 20 . . 23 . . 2 19 14 5 21 24 1 . 13 22 8 7 16 6 25 . 
14 . 22 16 25 7 4 10 6 . 18 . . 12 . 21 19 11 23 15 . 3 2 8 17 
. 2 1 11 3 15 6 8 12 17 . 18 23 16 22 . 7 20 . . 4 . 21 24 14 
. 1 . 25 23 22 13 15 17 . 8 4 14 . . 9 21 12 19 7 3 2 . 20 11 
19 . 9 4 18 13 . 21 10 25 12 8 6 15 17 11 1 22 16 20 2 . . . . 
17 25 5 8 21 12 20 24 13 7 1 16 . 10 . . 23 . 11 4 . . . 22 2 
9 19 10 6 22 14 11 . 5 12 4 1 . 20 3 2 24 18 7 . 21 23 . 17 . 
. 3 4 . 15 . 5 7 16 24 21 10 25 . 14 . 22 2 9 . 8 6 17 19 20 
18 12 . 7 20 24 . . 25 . 6 11 1 3 9 19 5 . 14 16 13 . 10 2 4 
23 21 12 5 . . . 14 9 . 17 2 13 24 . 10 16 1 3 . 15 18 7 11 6 

Solution #1  
7 23 14 9 5 3 10 25 1 19 13 6 22 2 8 4 17 24 20 12 16 11 15 18 21 
2 20 24 12 4 8 1 17 15 11 23 9 10 7 25 16 6 5 18 21 19 14 13 3 22 
6 16 19 15 2 17 22 11 14 23 10 25 24 5 13 8 20 7 1 18 12 4 9 21 3 
3 17 25 10 6 1 14 23 8 21 15 20 2 11 16 13 18 4 12 24 22 5 19 7 9 
12 9 21 1 24 10 2 16 7 22 3 13 11 25 18 14 8 6 4 19 23 17 20 5 15 
24 15 2 21 14 6 7 20 11 4 16 23 3 22 10 18 25 8 5 17 9 12 1 13 19 
20 10 8 19 16 4 24 5 21 1 2 3 7 9 15 22 11 14 17 13 6 25 12 23 18 
4 14 3 13 17 9 25 1 24 16 22 21 19 8 7 15 12 23 2 6 11 20 18 10 5 
22 4 20 17 7 16 9 18 19 3 24 15 8 23 2 5 14 21 6 10 25 1 11 12 13 
25 13 7 24 9 2 21 6 18 14 11 22 16 19 12 20 3 17 15 23 10 8 5 4 1 
21 22 16 14 8 11 18 3 4 5 7 12 20 1 6 17 9 19 13 2 24 10 25 15 23 
11 8 15 22 1 19 12 4 2 18 20 7 17 6 23 3 13 25 21 9 5 24 14 16 10 
5 7 13 23 11 20 15 2 22 6 25 19 12 17 21 24 10 3 8 14 18 9 4 1 16 
8 18 11 2 12 21 16 19 23 9 5 17 4 14 1 7 15 10 24 3 20 13 22 6 25 
10 6 18 3 13 5 19 12 20 15 14 24 21 4 11 23 2 16 25 1 17 22 8 9 7 
15 11 17 20 10 18 23 9 3 2 19 14 5 21 24 1 4 13 22 8 7 16 6 25 12 
14 24 22 16 25 7 4 10 6 13 18 5 9 12 20 21 19 11 23 15 1 3 2 8 17 
13 2 1 11 3 15 6 8 12 17 9 18 23 16 22 25 7 20 10 5 4 19 21 24 14 
16 1 6 25 23 22 13 15 17 10 8 4 14 18 5 9 21 12 19 7 3 2 24 20 11 
19 5 9 4 18 13 3 21 10 25 12 8 6 15 17 11 1 22 16 20 2 7 23 14 24 
17 25 5 8 21 12 20 24 13 7 1 16 18 10 19 6 23 9 11 4 14 15 3 22 2 
9 19 10 6 22 14 11 13 5 12 4 1 15 20 3 2 24 18 7 25 21 23 16 17 8 
1 3 4 18 15 23 5 7 16 24 21 10 25 13 14 12 22 2 9 11 8 6 17 19 20 
18 12 23 7 20 24 17 22 25 8 6 11 1 3 9 19 5 15 14 16 13 21 10 2 4 
23 21 12 5 19 25 8 14 9 20 17 2 13 24 4 10 16 1 3 22 15 18 7 11 6 

Search Limit crossed? False

Solutions: 1
WallTime: 14ms
Failures: 0
Branches: 0 

Test For Seed: 3
Problem:
1 20 23 25 3 13 22 9 . 18 10 . 16 17 8 4 . 11 . 21 . . 24 5 15 
15 25 13 10 19 3 . . . 16 12 . 6 2 20 7 . 17 . 18 24 9 14 21 4 
22 7 8 20 9 . . 12 13 14 2 17 24 5 18 . 15 19 4 . 23 . 25 6 . 
20 . 3 . 25 21 17 7 22 12 16 11 5 10 14 9 . . 24 8 1 23 15 . . 
12 . 6 17 . . 13 10 . 8 5 . 7 . 23 . 16 18 3 20 25 4 22 9 2 
14 . 20 7 12 . 9 . 10 24 6 22 . 11 . 19 21 8 23 13 2 18 1 . 17 
16 23 9 15 6 10 . . 4 . 11 25 14 7 . 2 . . 20 1 17 19 18 13 24 
10 15 . 8 5 11 7 19 17 23 . 14 13 . . 3 18 . 1 6 4 . 9 24 20 
. 24 5 16 23 18 . 25 3 20 15 . . . 19 . 8 2 14 17 12 13 10 11 9 
19 6 . 13 18 9 25 17 2 . . . 15 23 21 . 4 10 7 22 5 1 16 . 11 
. 13 . 19 10 8 2 1 6 . 9 4 23 3 24 . 11 25 21 12 . 22 . 7 5 
5 . 2 4 20 15 19 11 . . 24 9 3 8 7 6 25 . . . 13 14 23 22 18 
. 11 . 14 2 . . 13 9 22 19 24 4 18 3 16 5 . 15 7 . 17 20 23 1 
. 21 15 18 . 16 4 2 . 1 . 20 . 9 10 5 17 14 22 . 8 12 13 3 23 
11 16 14 . 21 24 10 . 5 . 18 19 2 20 . 25 . 15 13 4 22 7 . 1 12 
17 22 . 11 . 19 1 . 16 7 23 15 9 24 . 8 10 4 . 5 20 25 21 12 . 
7 14 17 . . 23 15 18 . . 25 3 12 19 1 22 13 5 6 24 16 . 11 20 . 
23 1 21 24 . . 20 5 14 4 . 10 17 . 11 12 6 9 25 2 18 . . 19 . 
24 . . 5 7 17 16 22 20 . 14 13 . . 6 23 2 3 18 15 21 . 12 25 19 
9 5 12 23 22 . 14 . 19 17 1 16 18 . 15 13 7 . 8 . 11 20 . . . 
3 12 11 . 8 . 23 14 18 25 . . 1 21 . 17 20 6 . 9 15 24 19 10 7 
. 18 7 . . 20 24 4 11 5 . 8 . 25 9 21 . 23 17 19 3 15 6 16 14 
13 . 19 . . 7 12 . 23 6 8 1 20 14 2 18 24 . 5 . 9 . 4 . 22 
25 8 10 21 . 12 . 20 24 19 4 18 11 13 22 . 23 7 9 . 6 5 . . 16 
. . 4 1 16 . 18 24 7 13 17 6 22 15 12 . 9 20 10 23 . 3 . 14 8 

Solution #1  
1 20 23 25 3 13 22 9 12 18 10 2 16 17 8 4 14 11 19 21 7 6 24 5 15 
15 25 13 10 19 3 5 8 1 16 12 23 6 2 20 7 22 17 11 18 24 9 14 21 4 
22 7 8 20 9 1 11 12 13 14 2 17 24 5 18 10 15 19 4 3 23 16 25 6 21 
20 4 3 2 25 21 17 7 22 12 16 11 5 10 14 9 19 13 24 8 1 23 15 18 6 
12 19 6 17 11 14 13 10 15 8 5 21 7 1 23 24 16 18 3 20 25 4 22 9 2 
14 3 20 7 12 5 9 15 10 24 6 22 25 11 16 19 21 8 23 13 2 18 1 4 17 
16 23 9 15 6 10 8 3 4 21 11 25 14 7 5 2 12 22 20 1 17 19 18 13 24 
10 15 22 8 5 11 7 19 17 23 21 14 13 12 25 3 18 16 1 6 4 2 9 24 20 
4 24 5 16 23 18 6 25 3 20 15 7 21 22 19 1 8 2 14 17 12 13 10 11 9 
19 6 24 13 18 9 25 17 2 3 20 12 15 23 21 14 4 10 7 22 5 1 16 8 11 
18 13 16 19 10 8 2 1 6 15 9 4 23 3 24 20 11 25 21 12 14 22 17 7 5 
5 17 2 4 20 15 19 11 21 10 24 9 3 8 7 6 25 1 12 16 13 14 23 22 18 
8 11 25 14 2 6 21 13 9 22 19 24 4 18 3 16 5 12 15 7 10 17 20 23 1 
6 21 15 18 24 16 4 2 25 1 7 20 19 9 10 5 17 14 22 11 8 12 13 3 23 
11 16 14 6 21 24 10 23 5 9 18 19 2 20 17 25 3 15 13 4 22 7 8 1 12 
17 22 18 11 14 19 1 6 16 7 23 15 9 24 13 8 10 4 2 5 20 25 21 12 3 
7 14 17 9 4 23 15 18 8 2 25 3 12 19 1 22 13 5 6 24 16 21 11 20 10 
23 1 21 24 15 22 20 5 14 4 3 10 17 16 11 12 6 9 25 2 18 8 7 19 13 
24 9 1 5 7 17 16 22 20 11 14 13 8 4 6 23 2 3 18 15 21 10 12 25 19 
9 5 12 23 22 4 14 21 19 17 1 16 18 6 15 13 7 24 8 10 11 20 3 2 25 
3 12 11 22 8 2 23 14 18 25 13 5 1 21 4 17 20 6 16 9 15 24 19 10 7 
2 18 7 12 13 20 24 4 11 5 22 8 10 25 9 21 1 23 17 19 3 15 6 16 14 
13 10 19 3 17 7 12 16 23 6 8 1 20 14 2 18 24 21 5 25 9 11 4 15 22 
25 8 10 21 1 12 3 20 24 19 4 18 11 13 22 15 23 7 9 14 6 5 2 17 16 
21 2 4 1 16 25 18 24 7 13 17 6 22 15 12 11 9 20 10 23 19 3 5 14 8 

Search Limit crossed? False

Solutions: 1
WallTime: 10ms
Failures: 0
Branches: 0 

Test For Seed: 4
Problem:
12 . 19 9 . 13 5 . . . 24 10 2 4 25 21 14 11 15 . 22 16 7 8 1 
. 17 14 . 22 21 6 . 15 11 16 9 19 8 24 4 2 3 25 . 13 . . 5 23 
3 22 . . 1 10 23 16 18 19 . 25 . . 13 14 . 20 2 15 12 4 6 7 8 
13 . 16 5 . 4 . 18 . 7 14 23 . 9 1 10 24 . 20 11 8 17 22 19 6 
16 6 3 8 7 . 11 10 25 14 4 18 20 . . . . 22 19 2 5 . 24 1 15 
10 18 . . . 24 . 23 20 8 19 2 4 25 17 12 9 6 14 13 . . 16 15 21 
. 1 18 . 14 23 10 25 8 . . . 15 19 16 . 6 21 . 22 4 . 13 24 12 
24 13 15 6 . . 18 14 . 23 5 3 8 22 . 2 . 16 11 . 21 7 1 25 17 
21 3 23 11 2 14 1 5 6 22 12 . 9 . 15 . 20 19 24 16 10 18 . . . 
20 14 . 4 . 16 2 15 22 18 7 24 25 12 11 . 19 9 . 5 . 21 3 6 . 
8 . 21 19 20 11 4 6 23 9 1 . . 7 5 25 16 . 22 14 24 . 10 . 3 
11 . 7 14 23 9 12 . . . 15 22 . 20 2 8 21 5 3 1 . 6 . 16 4 
. . . 3 25 18 13 . 21 . 6 19 16 5 4 22 8 7 9 17 11 24 15 . 14 
15 21 6 12 17 22 8 . 9 13 3 . 14 . 20 11 . 2 . 25 19 10 5 18 . 
1 . 2 22 8 17 25 19 13 15 21 5 3 . 7 . 4 14 . . 23 9 . 20 16 
. 7 12 . 21 . . 9 . 2 . 14 11 6 19 . 5 15 1 23 3 25 17 4 10 
. 8 . 20 4 15 . . 14 5 25 . 17 10 6 24 22 23 . 21 16 19 12 11 7 
4 15 11 16 13 25 17 21 3 . . 7 22 14 9 1 . 24 23 . . 20 . 2 5 
14 11 25 . 16 . 7 8 12 . . 17 13 21 . 5 . 10 6 9 20 22 4 23 . 
. 9 17 . . 1 20 24 . 16 10 8 12 15 3 13 7 4 21 6 25 2 . . 22 
25 19 24 23 15 5 14 12 10 21 13 20 6 . 8 16 18 . . . . . 2 22 9 
17 16 4 15 24 . 21 22 . . 20 6 7 1 . 19 3 8 12 10 . 13 11 . 18 
22 20 8 17 6 19 24 4 16 . . 13 10 18 . 15 23 . 5 7 2 1 . 12 . 
5 4 22 25 19 6 . 17 7 12 23 . . 2 . 18 . . 16 24 9 8 14 21 20 
6 5 . 24 12 7 . 11 1 4 8 21 . 16 22 . 25 18 . 20 15 14 . . 2 

Solution #1  
12 23 19 9 18 13 5 20 17 6 24 10 2 4 25 21 14 11 15 3 22 16 7 8 1 
7 17 14 10 22 21 6 1 15 11 16 9 19 8 24 4 2 3 25 18 13 12 20 5 23 
3 22 9 21 1 10 23 16 18 19 11 25 5 24 13 14 17 20 2 15 12 4 6 7 8 
13 25 16 5 3 4 15 18 2 7 14 23 21 9 1 10 24 12 20 11 8 17 22 19 6 
16 6 3 8 7 12 11 10 25 14 4 18 20 17 21 9 13 22 19 2 5 23 24 1 15 
10 18 5 7 11 24 22 23 20 8 19 2 4 25 17 12 9 6 14 13 1 3 16 15 21 
9 1 18 2 14 23 10 25 8 20 17 11 15 19 16 3 6 21 7 22 4 5 13 24 12 
24 13 15 6 9 20 18 14 4 23 5 3 8 22 12 2 10 16 11 19 21 7 1 25 17 
21 3 23 11 2 14 1 5 6 22 12 4 9 13 15 7 20 19 24 16 10 18 8 17 25 
20 14 1 4 10 16 2 15 22 18 7 24 25 12 11 23 19 9 8 5 17 21 3 6 13 
8 2 21 19 20 11 4 6 23 9 1 12 18 7 5 25 16 17 22 14 24 15 10 13 3 
11 10 7 14 23 9 12 13 19 17 15 22 24 20 2 8 21 5 3 1 18 6 25 16 4 
23 12 20 3 25 18 13 2 21 1 6 19 16 5 4 22 8 7 9 17 11 24 15 10 14 
15 21 6 12 17 22 8 7 9 13 3 16 14 23 20 11 1 2 4 25 19 10 5 18 24 
1 24 2 22 8 17 25 19 13 15 21 5 3 11 7 6 4 14 10 12 23 9 18 20 16 
18 7 12 13 21 8 16 9 24 2 22 14 11 6 19 20 5 15 1 23 3 25 17 4 10 
2 8 13 20 4 15 9 3 14 5 25 1 17 10 6 24 22 23 18 21 16 19 12 11 7 
4 15 11 16 13 25 17 21 3 10 18 7 22 14 9 1 12 24 23 8 6 20 19 2 5 
14 11 25 1 16 3 7 8 12 24 2 17 13 21 18 5 15 10 6 9 20 22 4 23 19 
19 9 17 18 5 1 20 24 11 16 10 8 12 15 3 13 7 4 21 6 25 2 23 14 22 
25 19 24 23 15 5 14 12 10 21 13 20 6 3 8 16 18 1 17 4 7 11 2 22 9 
17 16 4 15 24 2 21 22 5 25 20 6 7 1 23 19 3 8 12 10 14 13 11 9 18 
22 20 8 17 6 19 24 4 16 3 9 13 10 18 14 15 23 25 5 7 2 1 21 12 11 
5 4 22 25 19 6 3 17 7 12 23 15 1 2 10 18 11 13 16 24 9 8 14 21 20 
6 5 10 24 12 7 19 11 1 4 8 21 23 16 22 17 25 18 13 20 15 14 9 3 2 

Search Limit crossed? False

Solutions: 1
WallTime: 10ms
Failures: 0
Branches: 0 

Test For Seed: 5
Problem:
3 . 25 8 21 . 4 20 6 14 13 1 2 16 23 . 9 . 10 . 11 . 12 18 22 
. 12 15 1 5 13 18 10 . 8 . 2 . . 4 17 7 9 6 21 20 23 . . 25 
9 3 4 . . 15 25 12 20 19 10 8 6 5 . 21 17 7 13 . 16 22 . . . 
. 1 . 9 6 10 . 24 22 . 11 15 21 7 25 13 . 20 2 5 12 14 23 . 16 
5 . 22 . 12 11 . 18 21 . 3 14 25 15 20 10 16 . 4 . 13 24 8 19 9 
. . 18 4 10 9 16 19 . 6 14 20 . 12 5 . 2 21 17 15 25 . 7 22 1 
16 20 . 5 1 4 22 25 15 3 . 18 12 24 17 . 10 . . 8 23 2 11 . 6 
7 6 14 21 22 . . . . . 15 3 4 2 . 1 25 5 8 11 18 19 20 9 24 
. . 23 22 16 17 . . 19 11 4 . 7 . 3 2 21 8 20 18 24 . 1 15 14 
8 2 . 15 . 16 24 21 14 20 23 . 3 . 19 22 6 18 7 4 . 5 17 1 . 
4 22 16 25 8 . 19 . 13 . 6 5 1 10 24 7 . 2 21 . 15 12 . 11 . 
. 16 7 . . 12 15 4 23 13 17 . 5 8 14 . 11 6 18 2 . 20 21 10 3 
10 24 11 17 . 1 9 . 3 2 22 . 8 23 18 20 4 . . 12 5 21 . 16 7 
13 . . 16 17 19 8 . 24 5 12 23 . 25 . 18 22 . 3 20 2 9 10 6 4 
. 5 . . 11 6 14 8 10 . . 9 18 17 13 15 3 25 22 16 21 7 . 12 19 
21 11 24 6 3 8 13 1 18 . 9 16 . 19 . 12 15 4 . 14 . 17 25 . 2 
6 21 9 7 . . 1 11 2 22 25 . . 18 10 4 13 23 . 3 . 16 5 20 15 
22 18 5 3 15 20 . 23 . 25 24 7 . 6 1 11 . 10 14 . 4 . 19 21 17 
. 8 3 19 4 22 11 9 25 16 20 . 15 13 . 23 24 14 . 10 . 1 2 17 . 
23 9 12 13 . 18 6 . 7 1 21 19 14 . 2 24 . 11 15 22 17 . . 25 . 
17 . 8 . 7 21 20 2 9 4 5 25 22 3 12 19 . . . 13 1 6 . 14 10 
25 14 19 . 23 5 10 3 1 17 . 24 9 21 15 . . 12 16 . 22 4 6 . . 
15 25 10 12 19 . 17 7 . 21 18 4 23 20 . . 1 22 11 24 . 3 9 8 . 
20 13 2 . 18 25 23 5 . 12 . 17 16 . 9 6 14 3 1 . 7 11 15 . 21 
14 4 6 20 . 24 . 22 12 . . 11 10 . 8 9 . 17 5 25 3 18 16 2 23 

Solution #1  
3 19 25 8 21 7 4 20 6 14 13 1 2 16 23 5 9 24 10 17 11 15 12 18 22 
24 12 15 1 5 13 18 10 11 8 16 2 19 14 4 17 7 9 6 21 20 23 22 3 25 
9 3 4 14 2 15 25 12 20 19 10 8 6 5 11 21 17 7 13 1 16 22 24 23 18 
19 1 17 9 6 10 3 24 22 18 11 15 21 7 25 13 8 20 2 5 12 14 23 4 16 
5 17 22 2 12 11 7 18 21 23 3 14 25 15 20 10 16 1 4 6 13 24 8 19 9 
11 23 18 4 10 9 16 19 8 6 14 20 24 12 5 3 2 21 17 15 25 13 7 22 1 
16 20 21 5 1 4 22 25 15 3 19 18 12 24 17 14 10 13 9 8 23 2 11 7 6 
7 6 14 21 22 23 12 13 17 10 15 3 4 2 16 1 25 5 8 11 18 19 20 9 24 
12 10 23 22 16 17 5 6 19 11 4 13 7 9 3 2 21 8 20 18 24 25 1 15 14 
8 2 13 15 25 16 24 21 14 20 23 10 3 11 19 22 6 18 7 4 9 5 17 1 12 
4 22 16 25 8 3 19 17 13 9 6 5 1 10 24 7 18 2 21 23 15 12 14 11 20 
1 16 7 24 9 12 15 4 23 13 17 22 5 8 14 25 11 6 18 2 19 20 21 10 3 
10 24 11 17 14 1 9 15 3 2 22 6 8 23 18 20 4 19 25 12 5 21 13 16 7 
13 7 1 16 17 19 8 14 24 5 12 23 11 25 21 18 22 15 3 20 2 9 10 6 4 
2 5 20 23 11 6 14 8 10 24 1 9 18 17 13 15 3 25 22 16 21 7 4 12 19 
21 11 24 6 3 8 13 1 18 7 9 16 20 19 22 12 15 4 23 14 10 17 25 5 2 
6 21 9 7 24 14 1 11 2 22 25 12 17 18 10 4 13 23 19 3 8 16 5 20 15 
22 18 5 3 15 20 2 23 16 25 24 7 13 6 1 11 12 10 14 9 4 8 19 21 17 
18 8 3 19 4 22 11 9 25 16 20 21 15 13 7 23 24 14 12 10 6 1 2 17 5 
23 9 12 13 20 18 6 16 7 1 21 19 14 4 2 24 5 11 15 22 17 10 3 25 8 
17 15 8 11 7 21 20 2 9 4 5 25 22 3 12 19 23 16 24 13 1 6 18 14 10 
25 14 19 18 23 5 10 3 1 17 2 24 9 21 15 8 20 12 16 7 22 4 6 13 11 
15 25 10 12 19 2 17 7 5 21 18 4 23 20 6 16 1 22 11 24 14 3 9 8 13 
20 13 2 10 18 25 23 5 4 12 8 17 16 22 9 6 14 3 1 19 7 11 15 24 21 
14 4 6 20 13 24 21 22 12 15 7 11 10 1 8 9 19 17 5 25 3 18 16 2 23 

Search Limit crossed? False

Solutions: 1
WallTime: 14ms
Failures: 0
Branches: 0 
Group time: 242997 ticks

50 PERCENT EMPTY

Test For Seed: 1
Problem:
24 10 1 9 . . . 22 . . 17 3 . 21 . 11 . . . 4 . . . 18 25 
1 . 19 6 9 . 2 . 10 3 . . . 5 8 . . . 16 . . . . 17 . 
7 . . . 23 . . 9 12 . . 20 . 24 . . 22 11 2 14 . 3 19 10 . 
8 . . 1 4 . 16 17 . . . 25 . 18 . . . 6 15 7 2 10 14 . . 
. 17 18 25 . . 10 3 6 . . . . 15 . . 2 . . . . . . 9 23 
22 . 8 13 10 . 20 . 4 . 5 . . 17 . . 15 . . 1 21 9 . . 2 
. 7 25 . 2 23 14 . . 8 . 19 1 . 24 . . 17 . . . . 11 21 . 
21 . 13 . 20 . . 1 . 17 . 12 11 . 4 2 16 . . 6 . 19 . 8 14 
9 21 . . . 14 5 . . . . . 22 8 . . 25 . 6 20 10 18 . 1 7 
. 3 . . . 21 12 . 13 4 11 . 8 23 14 . . . 18 . 1 . . 6 22 
. 9 20 . 3 . 7 . 22 . 2 . 10 . . 21 24 1 . . 17 . 5 13 . 
. . 6 . 13 12 . . 9 . 14 . 21 . 2 3 . 8 25 16 . . 17 11 . 
. 14 21 16 18 10 24 . . . . . 2 . . . 8 9 11 . 3 1 . 25 . 
. . 24 . 22 20 . 10 . 19 7 17 . . 15 25 3 13 . 18 . . . . . 
. 20 . 2 6 9 11 . . . . . 4 . 22 18 . 12 . . 24 17 . 14 15 
. . . 10 25 7 . . 17 6 4 . . . . 19 5 . . 2 . . 15 20 . 
25 . 3 . . 17 . 23 18 10 22 . . . 1 5 6 . . 11 . 14 . . 21 
4 6 23 12 . 16 21 . . 14 24 . . 2 . 7 17 . . . 22 25 . . . 
20 22 . . . . 9 . 1 21 3 10 15 . 12 . . 18 23 . 8 7 6 . . 
. 4 . . . 22 . . . . 18 8 23 11 6 13 . 19 14 10 25 . 21 . . 
. 25 . 19 . . . 2 . . 1 7 . . . 17 4 24 13 . . 22 10 3 18 
. . . 24 14 . . 11 2 15 . 22 . . 10 . . 23 4 . . . 7 16 17 
6 . 7 . . . . . 24 12 . 23 17 3 16 . . . . . 18 5 . 4 . 
12 24 . 18 . . . 25 . 9 . 1 . 7 21 10 . . 22 . . 4 23 5 6 
10 16 . 5 . . . 21 14 1 13 . . . . 6 12 25 17 . . . . . . 

Search Limit crossed? True

Solutions: 0
WallTime: 90004ms
Failures: 1404405
Branches: 2808719 

Test For Seed: 2
Problem:
7 . . 9 . . 10 . 1 . 13 . 22 2 8 . 17 . 20 . 16 . . 18 21 
. 20 . 12 . . . . 15 11 23 9 . . 25 16 . . 18 21 . 14 . 3 22 
. . 19 . 2 . 22 . . 23 10 . 24 5 13 . 20 . . 18 12 4 9 . . 
3 17 25 . . 1 14 23 . . . 20 2 . . . . 4 12 24 22 . 19 . . 
12 9 . 1 24 . 2 16 . 22 . 13 11 . . 14 . 6 . . . 17 20 . . 
24 . . . 14 6 . . . . 16 23 3 . . 18 25 . . 17 . . 1 13 . 
20 10 8 19 . . . 5 . . . 3 7 . . 22 . . 17 . . 25 12 23 18 
4 14 . 13 17 . . 1 . . . . . 8 . 15 12 . 2 . . . 18 10 5 
. 4 20 . 7 . 9 . . . . 15 8 23 . . 14 21 . . 25 1 11 . 13 
25 . . . 9 . 21 6 . 14 . 22 . . 12 20 3 . 15 . . . 5 . 1 
. . . . . 11 18 . 4 5 . . 20 1 . 17 . 19 13 . 24 . 25 . 23 
. 8 15 . 1 . 12 4 2 . 20 . . 6 . 3 13 25 . 9 . . . . . 
. . . 23 . 20 . . 22 6 . 19 . 17 21 . 10 . 8 14 . 9 4 1 . 
. . 11 . 12 21 . 19 23 . 5 . 4 . 1 . . . 24 . . 13 22 . 25 
10 6 . . . 5 19 12 20 15 . . . 4 . 23 2 . . 1 17 22 . . . 
. 11 17 20 10 . . . . 2 . . . . 24 . 4 13 22 8 7 . . . 12 
. . 22 . . 7 . 10 6 13 . . . 12 . 21 . 11 . 15 1 . 2 8 17 
. . 1 11 . 15 6 . 12 17 . . . 16 . 25 . 20 10 5 . 19 . 24 . 
16 1 . 25 . . 13 15 17 10 8 4 . . . 9 . 12 . . 3 . . . 11 
19 . . 4 18 13 3 . . . 12 . 6 . 17 11 1 22 . 20 2 . . . . 
17 . 5 . 21 . . 24 . 7 1 16 . . . 6 . . 11 4 14 . . 22 2 
. 19 10 . 22 14 11 . 5 . 4 . . 20 3 . 24 . . . . 23 . 17 . 
. . 4 . 15 23 . 7 . . 21 . 25 13 14 . 22 . . . 8 6 . 19 . 
18 . . 7 . 24 . 22 . . . . 1 . 9 19 5 15 14 16 13 . . 2 . 
. 21 . 5 . 25 . . 9 20 17 2 . . . 10 . 1 . . . . 7 . 6 

Search Limit crossed? True

Solutions: 0
WallTime: 90004ms
Failures: 3559888
Branches: 7119711 

Test For Seed: 3
Problem:
1 . 23 . 3 . . 9 12 18 10 . 16 17 . . . 11 . 21 . . . 5 . 
15 25 13 . 19 . . . . . 12 23 6 . 20 7 . 17 11 18 . . . . 4 
22 . 8 20 9 . 11 12 . . . . . 5 18 . 15 19 4 . . 16 25 . . 
20 . 3 . . . . 7 22 12 16 . . . 14 9 . . 24 8 . 23 15 18 . 
. . . 17 . 14 13 10 . . 5 21 7 . 23 . 16 . 3 20 . . 22 9 . 
14 3 . 7 12 . . . . 24 . 22 25 11 . . . . . 13 2 18 1 . 17 
16 23 9 15 . . 8 . 4 . . 25 14 . . 2 . 22 . . . . 18 13 . 
10 15 . 8 . 11 . 19 . 23 . 14 . . 25 3 18 . . . 4 . 9 . . 
. . 5 . . 18 . . 3 20 . 7 21 22 . . 8 . 14 . 12 . 10 . 9 
19 . . 13 18 9 . . . . 20 . . 23 21 . 4 10 . . 5 . 16 . 11 
. . . 19 10 . 2 1 6 15 9 . 23 . 24 . 11 . . 12 . . . . 5 
5 . . . 20 . 19 . . 10 24 9 3 . 7 . . . . 16 13 14 23 . 18 
. 11 . . 2 . 21 13 . 22 . . 4 18 . . . 12 . . 10 17 . 23 1 
6 . 15 . . 16 . . . 1 . 20 . 9 . 5 . 14 22 11 . 12 . 3 23 
. 16 . . . 24 10 23 5 . 18 . . 20 . 25 . . . 4 . 7 8 1 . 
. 22 . 11 . 19 . . 16 7 . . 9 24 13 . . 4 2 5 20 . . 12 . 
. 14 . . . 23 . 18 . . 25 3 . 19 . 22 13 . . 24 . 21 11 20 . 
23 . 21 . . 22 20 5 14 . . . 17 . 11 12 . . . . . 8 . 19 13 
. . . 5 7 17 . 22 . 11 14 13 8 . . 23 2 . . . 21 . . 25 19 
. 5 12 . 22 . . . 19 . 1 16 18 . . 13 7 . . . 11 . . . 25 
. 12 11 . 8 . 23 . . . . . . 21 . 17 20 6 16 . 15 24 . 10 . 
. . 7 . . 20 24 . . 5 . 8 10 . . 21 . 23 17 . 3 15 6 16 . 
. 10 19 3 17 . . . . . 8 1 20 14 2 . . . 5 25 9 . . . 22 
. . . 21 . 12 3 20 24 19 . 18 . 13 . . 23 7 9 . 6 5 . . . 
21 . 4 1 16 25 18 24 . . 17 6 . . 12 . 9 20 10 . . 3 . . . 

Search Limit crossed? True

Solutions: 0
WallTime: 90004ms
Failures: 1817893
Branches: 3635709 

Test For Seed: 4
Problem:
. . 19 9 . . 5 . 17 6 . 10 2 . 25 . . 11 15 . 22 . 7 . 1 
. 17 . 10 . 21 . . 15 11 16 9 19 8 24 . 2 3 . . . . . 5 . 
. 22 9 . . 10 23 . . 19 . 25 . . 13 14 . 20 . 15 12 4 6 7 . 
13 . . 5 . . . 18 . 7 . 23 . 9 1 10 . . 20 11 . 17 22 . 6 
. 6 . 8 . . 11 10 25 . 4 18 . 17 . 9 . . 19 2 . . 24 . 15 
10 . 5 . 11 24 . 23 . . . . . . 17 12 9 . 14 13 . . . 15 . 
9 1 . . . 23 10 25 . 20 . . . 19 . 3 6 . 7 . 4 . 13 24 . 
24 . . . . . . 14 . 23 5 3 8 22 . 2 . 16 . 19 . 7 1 25 . 
. 3 . 11 . 14 1 5 6 22 . . 9 13 . . 20 19 . . 10 . . . . 
. 14 . 4 . 16 2 15 22 . . 24 25 . 11 . 19 . . . . . 3 6 13 
8 . . . 20 11 . 6 23 . . . . 7 5 . 16 17 22 . 24 15 10 . 3 
11 . . 14 23 9 . . . . 15 22 24 . . . . 5 3 . . . 25 16 4 
23 . 20 3 . . 13 . 21 . 6 19 . 5 4 22 . . 9 17 11 . . . 14 
15 . 6 . 17 22 8 . 9 13 . . 14 . . 11 . . . . 19 10 . 18 . 
1 . 2 22 8 . 25 19 . . 21 . 3 . . . 4 . . 12 23 . . 20 . 
. . . . 21 8 . . . . . . 11 6 . 20 5 . . 23 3 25 17 4 10 
2 8 . . . 15 . . . 5 25 . 17 . 6 . 22 23 18 . . . 12 11 7 
. . 11 . 13 25 17 . 3 10 . . . . 9 1 . . 23 . . 20 . . 5 
14 . 25 1 16 . 7 8 12 . . . 13 21 . . 15 . . 9 20 . . 23 . 
. . . . . . . 24 . 16 10 8 . 15 . 13 . 4 21 6 25 2 . . 22 
. . 24 . 15 5 14 . 10 21 13 20 . . 8 . 18 . . 4 . . . 22 . 
. 16 4 15 24 . 21 22 . . 20 . . . 23 . 3 . 12 . . . . . 18 
. 20 8 17 6 . . . . . . . 10 18 14 15 23 . . . 2 1 . . 11 
5 4 22 . . 6 . 17 7 12 23 15 . . . 18 . 13 16 . . 8 . . . 
6 5 . 24 12 7 . 11 . . 8 21 23 . . . . 18 . . 15 14 . . . 

Search Limit crossed? True

Solutions: 0
WallTime: 90006ms
Failures: 3853932
Branches: 7707808 

Test For Seed: 5
Problem:
3 . . 8 21 . 4 20 . . 13 1 2 . 23 . 9 24 . . . . 12 . . 
. . 15 1 . 13 . 10 11 8 . . . . . 17 7 . 6 . 20 23 22 3 . 
9 3 4 . . 15 . . . 19 10 8 6 5 . 21 17 7 . . . . . 23 . 
. 1 17 . 6 10 . 24 22 . . 15 21 7 . . . 20 2 . . 14 23 . . 
. 17 . . . . . 18 21 . 3 14 . . 20 10 . . . 6 13 24 . 19 . 
. . . 4 . 9 16 19 . . 14 . . 12 5 . . . 17 15 25 . 7 . 1 
16 20 . 5 . . 22 . 15 . . 18 . . 17 14 . 13 9 8 . 2 . . 6 
7 6 . 21 22 . . . . . . 3 4 2 . . 25 . . 11 18 . . 9 24 
. 10 23 . 16 . . 6 19 11 . . 7 . 3 . . 8 . 18 24 . 1 . . 
8 . . . . 16 24 . . 20 23 . . . 19 22 6 . 7 4 . . 17 . 12 
. . 16 25 8 . 19 17 13 . 6 . 1 . 24 . 18 . 21 . 15 . . . 20 
. . . . . 12 15 4 23 . . . 5 8 . . . . 18 . 19 20 21 10 3 
10 24 . . 14 . . . . 2 22 . 8 23 18 . 4 19 . . 5 . . 16 7 
13 . . . 17 19 . 14 . 5 . 23 . 25 21 18 22 . . . . 9 10 6 . 
. 5 . . 11 . . . 10 24 . 9 . 17 . 15 . 25 22 . 21 7 . . 19 
. 11 . 6 . 8 13 . . 7 9 . . 19 . 12 15 . . 14 . 17 25 . 2 
6 21 9 . . . 1 . . 22 25 . . . 10 4 13 23 . 3 8 . . 20 . 
22 . . . 15 20 2 23 . . 24 . . 6 . . 12 10 14 . 4 . . . 17 
. . 3 . 4 22 . 9 25 . . . 15 13 . 23 24 14 12 10 . . . 17 . 
23 . . 13 . 18 . . . . 21 19 . . 2 24 5 . . 22 17 10 . 25 . 
. 15 8 11 . . 20 2 9 4 . . 22 . . 19 23 . . . . 6 . 14 10 
. 14 19 18 23 . . . . 17 . 24 9 21 . 8 . 12 16 7 . 4 6 . . 
15 . . 12 19 2 . 7 . . 18 4 . 20 6 . . . . . . . . 8 . 
20 13 . . 18 25 23 . 4 12 . . 16 . . 6 14 . . 19 . 11 15 . 21 
14 . . 20 . . . . 12 15 . 11 . . 8 9 . . 5 25 . 18 16 2 23 

Search Limit crossed? True

Solutions: 0
WallTime: 90005ms
Failures: 3180596
Branches: 6361111 
Group time: 1545203521 ticks

75 PERCENT EMPTY

Test For Seed: 1
Problem:
. . 1 9 . . . 22 . . . . . 21 5 . . . . . . . . . . 
1 . 19 . . . . . 10 3 . . . 5 . . . 22 16 . . . . . . 
7 . 17 . . . . . . . 6 20 . 24 . . 22 . . . . 3 . . . 
. . . 1 . . . . . . . . . . 3 . . . 15 7 . 10 14 . . 
. . . . . 4 . . . . . 24 . . . . . . . . 7 . . 9 . 
. . 8 13 . . . . 4 . 5 6 . . . . . . . . 21 . . . . 
. . . . 2 23 14 . 15 . . . 1 6 . . . . . . . . . 21 . 
. . . . . . . . . 17 . 12 . . 4 . 16 . . . . 19 . 8 14 
. 21 . . 11 . . . . . 19 . . 8 . . . . . 20 10 . . . . 
. . . . . 21 . . . 4 . . . 23 . . . . 18 . . . . . . 
15 . . . 3 . 7 19 . . . . . . . . 24 . . . . . . . . 
. 1 . . . 12 . . . . . . . . . 3 . . 25 . . . . 11 20 
. 14 . . . . . . . . . . 2 . . 4 8 . . . 3 . . 25 . 
. . . . . . . . . 19 . . . . 15 25 . 13 . 18 11 . . . . 
. . . . . . 11 5 . . . . 4 . . 18 . 12 . . . 17 . . . 
. . . . 25 . . . 17 . . . . 16 . 19 . . 1 . . . . . . 
. . 3 . . . 15 . . 10 22 . . . . 5 . . . . . 14 . . 21 
. . 23 . . 16 . . . . . . 19 . . 7 17 . 10 . . . . . 1 
20 . . . . . 9 . . . . 10 . . 12 . . 18 . . . . 6 . . 
17 . . . 12 . . . . . 18 . 23 . . . . 19 . 10 25 . . . . 
. 25 . . . . . 2 . . . . . . 23 17 4 . 13 . . . 10 . . 
. . . 24 . . . 11 2 15 . 22 . . . . . . 4 . . . . . 17 
6 . . . . 8 . 13 24 . . 23 17 . . . . . . . . 5 . . . 
. 24 . 18 . . . . 8 . . . . . . . . . 22 . . . 23 5 6 
. . . 5 . 19 . 21 14 . 13 . . . . . 12 25 . 24 . . . . . 

Solution #1  
2 3 1 9 4 6 8 22 7 11 10 13 12 21 5 14 15 16 17 19 18 20 24 23 25 
1 2 19 4 6 7 12 8 10 3 9 11 13 5 14 15 18 22 16 17 20 21 25 24 23 
7 4 17 2 1 5 10 9 11 8 6 20 14 24 13 12 22 15 19 25 23 3 21 16 18 
4 5 2 1 8 9 6 12 13 16 11 17 18 19 3 21 25 23 15 7 22 10 14 20 24 
3 6 5 8 10 4 1 14 12 2 15 24 11 13 16 20 19 17 21 23 7 25 18 9 22 
9 7 8 13 14 1 2 3 4 12 5 6 10 11 25 16 20 24 23 15 21 18 17 22 19 
5 8 4 3 2 23 14 7 15 9 12 25 1 6 18 10 11 20 24 13 17 22 19 21 16 
10 9 6 7 5 2 3 1 18 17 20 12 15 25 4 23 16 21 11 22 24 19 13 8 14 
12 21 7 6 11 3 4 15 1 5 19 2 25 8 17 22 23 9 14 20 10 24 16 18 13 
8 10 9 11 7 21 5 6 3 4 25 1 16 23 20 24 2 14 18 12 19 13 22 17 15 
15 11 10 12 3 13 7 19 5 25 1 18 6 17 22 2 24 4 8 21 16 23 20 14 9 
13 1 14 10 9 12 16 4 6 23 17 19 22 18 24 3 21 2 25 5 8 7 15 11 20 
11 14 12 15 13 10 17 16 23 18 24 21 2 22 19 4 8 1 20 6 3 9 5 25 7 
14 12 16 17 20 22 21 10 9 19 23 3 24 1 15 25 5 13 2 18 11 4 7 6 8 
16 13 15 14 23 24 11 5 25 22 2 7 4 20 21 18 1 12 3 8 6 17 9 19 10 
18 15 11 20 25 14 22 23 17 24 3 4 21 16 2 19 6 7 1 9 13 8 12 10 5 
19 17 3 23 18 25 15 24 16 10 22 8 20 2 1 5 7 6 9 4 12 14 11 13 21 
21 20 23 25 15 16 24 18 22 13 4 5 19 3 6 7 17 8 10 14 9 11 2 12 1 
20 23 13 22 24 17 9 25 19 1 21 10 3 4 12 8 14 18 7 2 5 16 6 15 11 
17 22 24 16 12 11 13 20 21 6 18 14 23 7 8 1 9 19 5 10 25 15 3 2 4 
24 25 22 21 16 18 19 2 20 7 8 9 5 14 23 17 4 3 13 11 15 6 10 1 12 
23 19 25 24 21 20 18 11 2 15 14 22 7 9 10 6 13 5 4 16 1 12 8 3 17 
6 18 20 19 22 8 25 13 24 21 16 23 17 15 7 9 10 11 12 3 14 5 1 4 2 
25 24 21 18 19 15 20 17 8 14 7 16 9 12 11 13 3 10 22 1 4 2 23 5 6 
22 16 18 5 17 19 23 21 14 20 13 15 8 10 9 11 12 25 6 24 2 1 4 7 3 

Search Limit crossed? True

Solutions: 1
WallTime: 25ms
Failures: 502
Branches: 755 

Test For Seed: 2
Problem:
. . . 9 . . . . 1 . 13 . . . 8 . 17 . . 12 . . . 18 . 
. . . . . 8 . . . . 23 9 . . . 16 . . 18 . 19 . . . . 
. . 19 . 2 . 22 . 14 . . . . 5 13 . 20 . . . . . . . . 
. 17 . 10 . . . 23 8 . 15 . . . . . . . . 24 . . . . . 
12 . . . . . . . . . . 13 11 . . . . 6 . . 23 . 20 5 . 
24 . . . 14 . . . . . . . 3 . . 18 . . 5 . 9 . . 13 . 
20 10 . . . . . 5 . . . 3 . 9 . . . . . . . . . . 18 
4 14 . 13 17 . . . . . . . . . . 15 . 23 . . . . 18 . . 
. . . . 7 . . . . . . . . 23 . 5 14 21 . . . 1 . . . 
25 . 7 . . . . . . 14 . . . 19 . . . . . . . . . . 1 
. . . . . . . . . 5 . . 20 . 6 . 9 . . . . . 25 . 23 
. . . . . . . 4 . . . . . . . . . . . . . 24 . . . 
. . . 23 . . . . . . . . . 17 21 . . . . 14 . 9 4 1 . 
. . . . 12 21 . . . . 5 . 4 14 . . 15 . . . . . 22 . . 
. 6 . . . . . . 20 15 . 24 . . . 23 2 . . 1 . . . . . 
. 11 . . . . 23 . . 2 . . . . . . . . . . . 16 . . . 
. . 22 . . 7 . 10 6 . 18 . 9 . . . . . . . . . . 8 . 
. . . . . 15 6 . . . . . . . 22 25 . . . 5 . 19 . . 14 
. . 6 . . . . . 17 . 8 4 . . . . . . . . 3 . . . . 
. . . 4 . . . . . . . . . . 17 . 1 . 16 20 2 . . . 24 
. . . . 21 . 20 . . 7 . . . 10 . . . . 11 . . . . . 2 
9 . 10 . 22 14 11 . . . . . . . . . 24 . . . . . . 17 . 
. . 4 . . 23 5 7 . . . . . . . . . 2 . . 8 . . 19 . 
. . . . 20 24 . 22 . . . . 1 . 9 19 . . . 16 . . . . . 
. 21 . . . . . . . . . 2 . . . . . 1 3 . . 18 7 . . 

Solution #1  
2 3 5 9 4 6 7 11 1 10 13 14 15 16 8 20 17 19 21 12 22 23 24 18 25 
1 2 3 5 6 8 4 12 7 11 23 9 10 13 14 16 21 15 18 22 19 25 17 24 20 
3 1 19 6 2 4 22 8 14 9 7 10 12 5 13 11 20 16 15 18 24 17 23 25 21 
5 17 1 10 3 2 9 23 8 4 15 6 7 11 12 13 16 14 25 24 18 20 19 21 22 
12 4 2 1 8 3 10 9 15 16 14 13 11 7 18 17 22 6 24 25 23 21 20 5 19 
24 7 8 2 14 1 12 6 4 17 10 11 3 15 19 18 25 20 5 23 9 22 21 13 16 
20 10 11 7 1 12 2 5 13 6 4 3 8 9 15 21 19 24 22 17 25 14 16 23 18 
4 14 9 13 17 5 1 2 3 8 6 7 16 24 25 15 10 23 19 21 20 11 18 22 12 
6 8 12 3 7 9 13 15 2 18 11 22 25 23 24 5 14 21 4 19 16 1 10 20 17 
25 5 7 8 9 10 3 13 11 14 2 12 17 19 20 24 18 22 23 4 21 6 15 16 1 
7 12 13 11 10 16 8 1 18 5 24 19 20 21 6 22 9 3 2 15 17 4 25 14 23 
8 9 14 12 5 11 15 4 10 19 17 18 21 22 16 1 23 25 20 2 6 24 3 7 13 
10 13 15 23 11 18 16 3 19 20 22 25 24 17 21 2 5 7 6 14 12 9 4 1 8 
11 16 17 18 12 21 19 20 24 25 5 1 4 14 23 3 15 8 7 6 10 13 22 2 9 
13 6 16 14 18 17 21 19 20 15 3 24 22 25 4 23 2 5 8 1 7 10 9 12 11 
14 11 18 15 13 19 23 24 22 2 25 21 5 20 1 6 3 9 17 8 4 16 12 10 7 
16 19 22 20 24 7 25 10 6 21 18 23 9 1 2 4 11 17 12 3 13 5 14 8 15 
17 18 20 16 23 15 6 21 9 24 1 8 2 3 22 25 7 12 10 5 11 19 13 4 14 
15 20 6 21 16 22 24 25 17 23 8 4 19 2 7 9 13 18 14 10 3 12 1 11 5 
21 22 23 4 19 25 18 14 5 13 9 15 6 12 17 7 1 10 16 20 2 8 11 3 24 
19 25 24 22 21 13 20 18 12 7 16 17 23 10 5 14 6 4 11 9 1 3 8 15 2 
9 23 10 19 22 14 11 16 25 12 21 20 18 4 3 8 24 13 1 7 15 2 5 17 6 
22 24 4 17 25 23 5 7 21 1 20 16 14 18 11 10 12 2 9 13 8 15 6 19 3 
18 15 21 25 20 24 17 22 23 3 12 5 1 8 9 19 4 11 13 16 14 7 2 6 10 
23 21 25 24 15 20 14 17 16 22 19 2 13 6 10 12 8 1 3 11 5 18 7 9 4 

Search Limit crossed? True

Solutions: 1
WallTime: 21ms
Failures: 296
Branches: 347 

Test For Seed: 3
Problem:
1 . 23 . . . . 9 . . . . . . . . . . . . . . . 5 15 
. 25 . . . 3 . . . . 12 . 6 . . . . 17 . . . . 14 . . 
22 . 8 20 . . . . . . . . 24 . . . . . 4 . . . 25 . . 
20 . . . 25 . . . . . . 11 . . . . . . . . . 23 . 18 . 
. . . . . . . . . 8 5 . . . 23 . 16 . . 20 25 . . . 2 
. . . 7 12 . 9 . 10 24 . . . . . . . . . . . . . . 17 
. . . . . . . . 4 . . . 14 7 . . . . . 1 17 . . 13 . 
10 . . . . . . . . . . . . . 25 . 18 . 1 . . . 9 . 20 
. . 5 . . . . . . . . 7 . 22 . . . . 14 . 12 13 . 11 . 
. . . 13 . . . 17 . . . . . 23 . . . . . 22 . . . . 11 
. 13 . 19 . . . . . . 9 . . 3 . . . . . 12 . 22 . . . 
. . . . 20 . 19 11 . . . 9 3 . 7 6 . . . . . . . . . 
. . . . . . . 13 . 22 19 24 4 18 . . . . . . . . 20 . 1 
. . . . . 16 . 2 . . . 20 . . . . . 14 . 11 8 . . . . 
11 16 . . 21 24 10 . 5 . . . 2 . . . . . . . . . 8 . . 
. . . . . . . . 16 . 23 15 . . 13 . . . 2 . 20 25 . . . 
. 14 . . . 23 . 18 . . . . . . 1 22 13 . 6 . . . . . . 
. . 21 . . 22 . . 14 . . . . . 11 . 6 . . . . 8 . . . 
. . . 5 7 17 . . . . . . . . . . 2 . . . 21 . 12 25 . 
. . 12 . . . 14 . 19 . . . . . . 13 . 24 . . . . . . . 
3 . 11 . . . . . . 25 . . . . . 17 . . . . . 24 19 . . 
. 18 . 12 . . 24 . . . . . . . . 21 . . . 19 3 . . 16 14 
. 10 19 . . . . . 23 . . . . . . 18 . . . . . . . . . 
. . . . . . 3 . . 19 . 18 . . . . 23 7 . . . . . 17 . 
21 . . 1 . 25 . 24 . . 17 . . . . . 9 . . . . . . . . 

Search Limit crossed? True

Solutions: 0
WallTime: 90006ms
Failures: 2807626
Branches: 5615005 

Test For Seed: 4
Problem:
. . . . . . 5 . . 6 . . 2 . 25 . 14 . 15 . . . . . 1 
. . 14 . . 21 . . . . . 9 19 . 24 . 2 . . . . . . . . 
. . 9 . 1 . . . . . . 25 . . 13 14 . 20 . 15 . . . . . 
. . . 5 . . . . . . . 23 . 9 . 10 . 12 . . . 17 22 . . 
16 6 . 8 . . . . . . . . . . . . . . 19 . . . 24 . . 
. . . . 11 . . . . . 19 . . 25 . . . . 14 . . . . 15 . 
. . . . . . . . . . . . . 19 . 3 . . . 22 4 . 13 24 . 
. . . . . . . . . 23 . 3 . . . . . 16 . 19 . 7 1 . . 
. 3 . 11 . 14 . . 6 . . . . 13 . . . 19 . . 10 . . . . 
. . . . . . 2 . . . . 24 . . . . 19 . . . 17 . 3 6 . 
. . 21 . . . . 6 23 9 1 . . . 5 . . . 22 . . . . . . 
11 . 7 14 23 . . . . . 15 . 24 . . . . . . . . . . 16 . 
. . . . . 18 13 . 21 . . 19 . 5 . . . . 9 . . . . . . 
. . 6 . . 22 . . . 13 . . . . . 11 . . . 25 19 10 . . . 
. . . 22 . . 25 . . . . . 3 11 . . 4 . . . . 9 . 20 . 
. 7 . . 21 8 . 9 . . . . . . . . . . . . 3 . . . 10 
. . . . . 15 . 3 . . 25 . . . . . . 23 18 . . . 12 . 7 
. . 11 . . . . . . 10 . . . . . 1 . . 23 . . 20 . . 5 
. 11 . . . . . 8 . . . . . . . . 15 . . . . . 4 23 . 
19 . . . 5 1 . 24 . . 10 . . . . 13 7 . . . . . . . . 
. 19 24 . . . 14 . . 21 13 20 6 . . . . 1 . . . . . . . 
17 . . . . . 21 . . . . . . . . . . . . 10 . . . 9 18 
. . . 17 6 . . . . 3 . . . 18 . 15 23 . . . . . . . 11 
. . . . . 6 . 17 7 . 23 . . 2 . . . . . 24 . . . . . 
. . . . . . . 11 . . . 21 . . . . . 18 . . . . . . . 

Solution #1  
3 4 8 7 9 10 5 12 11 6 16 13 2 17 25 18 14 21 15 20 22 24 23 19 1 
1 5 14 3 4 21 6 7 8 11 12 9 19 10 24 16 2 13 17 18 15 22 20 25 23 
2 8 9 4 1 3 7 5 10 12 6 25 11 16 13 14 17 20 21 15 18 23 19 22 24 
4 1 2 5 3 7 8 13 14 15 11 23 16 9 6 10 20 12 24 21 25 17 22 18 19 
16 6 1 8 2 4 3 10 5 7 9 11 12 14 15 17 13 22 19 23 20 18 24 21 25 
5 2 3 1 11 9 4 16 12 8 19 6 7 25 10 20 18 24 14 13 23 21 17 15 22 
6 9 5 2 7 11 1 14 15 16 8 10 18 19 23 3 12 17 20 22 4 25 13 24 21 
8 10 4 6 12 2 9 15 13 23 5 3 14 20 18 21 22 16 25 19 24 7 1 11 17 
7 3 12 11 8 14 15 1 6 2 4 18 21 13 22 23 24 19 5 9 10 16 25 17 20 
9 12 10 13 14 5 2 4 1 18 7 24 20 23 21 22 19 25 8 11 17 15 3 6 16 
10 13 21 12 15 16 20 6 23 9 1 2 4 3 5 24 25 7 22 17 11 19 18 8 14 
11 17 7 14 23 12 10 2 18 19 15 1 24 22 20 25 3 4 6 5 8 13 21 16 9 
12 14 15 10 20 18 13 22 21 25 24 19 23 5 17 2 1 3 9 4 6 11 16 7 8 
14 15 6 9 16 22 12 23 20 13 18 4 17 24 1 11 21 2 7 25 19 10 8 5 3 
13 16 17 22 10 23 25 18 2 24 14 5 3 11 7 19 4 6 1 8 21 9 15 20 12 
15 7 13 18 21 8 23 9 24 17 20 22 25 1 19 4 5 11 2 16 3 6 14 12 10 
20 21 16 19 13 15 24 3 4 1 25 17 22 6 2 5 11 23 18 14 9 8 12 10 7 
18 22 11 15 17 24 16 19 25 10 21 7 8 4 3 1 6 9 23 12 13 20 2 14 5 
21 11 18 20 24 25 17 8 19 5 22 12 1 7 9 6 15 10 3 2 16 14 4 23 13 
19 20 23 25 5 1 18 24 17 22 10 8 9 21 4 13 7 14 16 6 2 12 11 3 15 
22 19 24 23 18 17 14 25 3 21 13 20 6 15 8 9 16 1 11 7 12 5 10 4 2 
17 23 25 24 22 19 21 20 16 14 3 15 13 12 11 7 8 5 4 10 1 2 6 9 18 
24 25 19 17 6 20 22 21 9 3 2 14 10 18 16 15 23 8 12 1 5 4 7 13 11 
25 18 22 21 19 6 11 17 7 20 23 16 5 2 12 8 10 15 13 24 14 3 9 1 4 
23 24 20 16 25 13 19 11 22 4 17 21 15 8 14 12 9 18 10 3 7 1 5 2 6 

Search Limit crossed? True

Solutions: 1
WallTime: 42ms
Failures: 1427
Branches: 2608 

Test For Seed: 5
Problem:
. . 25 . 21 . . . . 14 . . . . . . 9 24 . . . . 12 . . 
. . . 1 . . . 10 . 8 . . . . . 17 7 . . 21 20 . 22 . . 
. . . . . . 25 . . . . . . 5 . . 17 7 . . . . . 23 . 
. . 17 . . 10 . 24 . . . 15 . . . . . 20 2 5 . . . . . 
5 . 22 . . . . 18 . . 3 . 25 . 20 . . . . . . . . . . 
. . . 4 . . . . . . 14 20 . . . . . . . . 25 13 7 . . 
. . . . . . . . . . . . . . . 14 10 . . 8 . . . . 6 
7 . . . 22 . . . . . . . . 2 . . . 5 . . . . 20 9 24 
. . 23 . 16 . . . . 11 . . 7 . 3 . 21 . 20 . . . . . . 
. . . 15 . . . 21 . . 23 . . . . . 6 . 7 . . . . . 12 
. . . . 8 3 19 17 13 . . . . . 24 . . . . . 15 . . . . 
. . . . . 12 . . . . . . . 8 . . . . . . . . 21 10 . 
. 24 . . . . . . 3 . . . 8 . . . 4 19 . . 5 . . 16 . 
13 . . . . 19 . 14 . 5 . . . . . . 22 . . . . 9 . . . 
. 5 . . . . . . . 24 . . . . . . . 25 22 . 21 7 . . . 
. 11 . . . . 13 . 18 7 9 . . . . . . . . . . 17 . . 2 
. 21 . . 24 . . . 2 . . 12 . . 10 4 . . . . . . . 20 . 
22 18 . . 15 . 2 . . . 24 . . 6 . . . . . . . . . . . 
. . 3 . . . . 9 . . . . 15 . . 23 . . 12 10 . 1 . . . 
. . . . . 18 . . . . 21 . . . . . 5 . . . 17 . . 25 . 
17 . . 11 . . 20 . . 4 . . . 3 . . . . . . 1 6 . . . 
. . 19 18 . . . . . . . . 9 . 15 8 . . . 7 . 4 . . . 
15 25 . 12 . 2 . . . . . 4 . 20 . . . . . 24 . . . . . 
. 13 . . 18 . . . 4 . . . . . . 6 . 3 . . . . . . 21 
. . . 20 . . . . . . . . . . . 9 . . 5 . 3 . . 2 . 

Solution #1  
1 2 25 3 21 4 5 6 7 14 8 10 11 13 16 15 9 24 17 18 19 20 12 22 23 
2 3 4 1 5 6 9 10 11 8 12 13 14 15 18 17 7 16 19 21 20 23 22 24 25 
3 1 2 6 4 8 25 11 9 10 13 14 12 5 19 16 17 7 15 20 18 21 24 23 22 
4 6 17 7 1 10 3 24 8 9 11 15 13 12 14 18 16 20 2 5 22 25 23 21 19 
5 4 22 2 6 1 7 18 10 12 3 8 25 9 20 11 13 14 21 15 23 24 16 19 17 
6 8 1 4 2 5 10 3 12 15 14 20 16 11 9 19 23 21 24 22 25 13 7 17 18 
9 7 5 13 3 11 1 2 15 16 4 17 20 18 21 14 10 22 23 8 24 19 25 12 6 
7 10 6 8 22 13 4 1 14 3 15 11 17 2 12 21 19 5 25 23 16 18 20 9 24 
8 9 23 5 16 14 6 4 1 11 2 18 7 10 3 24 21 17 20 25 12 22 19 13 15 
10 14 8 15 9 16 11 21 5 1 23 2 22 24 25 20 6 4 7 19 13 3 17 18 12 
11 12 7 9 8 3 19 17 13 2 1 5 4 21 24 22 25 23 6 16 15 10 18 14 20 
14 15 9 16 7 12 17 5 6 13 19 22 24 8 23 25 20 1 18 2 4 11 21 10 3 
12 24 10 14 11 7 15 20 3 18 25 21 8 23 22 1 4 19 9 17 5 2 6 16 13 
13 16 11 10 12 19 8 14 21 5 20 24 23 25 17 2 22 18 1 3 6 9 4 15 7 
16 5 12 17 10 9 14 8 20 24 6 23 1 19 2 3 18 25 22 13 21 7 15 4 11 
19 11 14 21 20 15 13 23 18 7 9 25 3 22 1 5 24 12 16 4 8 17 10 6 2 
18 21 13 19 24 17 16 25 2 23 22 12 5 1 10 4 3 6 8 9 7 15 11 20 14 
22 18 16 23 15 20 2 7 17 25 24 19 21 6 4 10 1 8 3 11 14 12 13 5 9 
20 17 3 22 13 21 24 9 25 19 18 6 15 4 5 23 8 2 12 10 11 1 14 7 16 
23 19 15 24 14 18 12 13 22 20 21 3 2 16 11 7 5 9 4 6 17 8 1 25 10 
17 22 21 11 25 23 20 19 24 4 16 7 18 3 13 12 2 15 10 14 1 6 9 8 5 
25 20 19 18 17 24 21 22 23 6 5 16 9 14 15 8 12 11 13 7 10 4 2 3 1 
15 25 18 12 23 2 22 16 19 21 17 4 6 20 7 13 14 10 11 24 9 5 3 1 8 
24 13 20 25 18 22 23 12 4 17 10 9 19 7 8 6 15 3 14 1 2 16 5 11 21 
21 23 24 20 19 25 18 15 16 22 7 1 10 17 6 9 11 13 5 12 3 14 8 2 4 

Search Limit crossed? True

Solutions: 1
WallTime: 17ms
Failures: 279
Branches: 312 
Group time: 309430476 ticks

Total Test Running Time:
 Wall Time:	00:09:00.3337598 
 Milliseconds:	540333 
 Ticks:		1855259739 
