
DIMENSION: 15 
Problem:
. 2 10 9 . 5 1 6 7 15 . 3 14 13 11 
1 8 11 6 . . . 9 14 5 3 4 10 . 7 
10 . 14 11 15 7 3 8 . . 1 12 . 5 2 
14 15 . 4 2 8 7 . 11 1 10 . 13 . 12 
15 6 12 . 10 . 13 7 5 11 . 1 2 9 3 
. 12 . . 4 15 14 11 3 6 . 7 8 1 10 
. . 9 8 13 6 . 4 2 3 5 10 7 14 1 
7 4 5 13 14 3 10 . 1 . 2 8 11 12 . 
6 10 13 12 1 11 8 2 . 7 14 . 4 . . 
3 7 1 . . 14 4 12 6 2 9 . 15 8 . 
8 14 6 7 9 1 . . 10 . 15 2 5 4 13 
. 3 4 1 . 10 6 14 9 . . . 12 2 15 
11 5 8 15 3 2 . 13 12 . 6 14 . . 4 
5 . 7 2 6 . 12 1 8 . 11 15 3 10 . 
2 1 . 3 7 12 5 10 . 14 . 6 . 11 8 

Solution #1  
4 2 10 9 8 5 1 6 7 15 12 3 14 13 11 
1 8 11 6 12 13 2 9 14 5 3 4 10 15 7 
10 9 14 11 15 7 3 8 4 13 1 12 6 5 2 
14 15 3 4 2 8 7 5 11 1 10 9 13 6 12 
15 6 12 14 10 4 13 7 5 11 8 1 2 9 3 
9 12 2 5 4 15 14 11 3 6 13 7 8 1 10 
12 11 9 8 13 6 15 4 2 3 5 10 7 14 1 
7 4 5 13 14 3 10 15 1 9 2 8 11 12 6 
6 10 13 12 1 11 8 2 15 7 14 5 4 3 9 
3 7 1 10 11 14 4 12 6 2 9 13 15 8 5 
8 14 6 7 9 1 11 3 10 12 15 2 5 4 13 
13 3 4 1 5 10 6 14 9 8 7 11 12 2 15 
11 5 8 15 3 2 9 13 12 10 6 14 1 7 4 
5 13 7 2 6 9 12 1 8 4 11 15 3 10 14 
2 1 15 3 7 12 5 10 13 14 4 6 9 11 8 

Search Limit crossed? False

Solutions: 1
WallTime: 14ms
Failures: 0
Branches: 0 

DIMENSION: 20 
Problem:
5 11 12 7 2 . 8 15 6 1 . . 3 9 10 14 . . 16 18 
1 13 5 12 10 . . 17 2 . 11 . 19 20 . 4 8 16 14 7 
. . 11 8 12 14 13 4 5 10 18 17 1 . . 6 19 3 . 2 
15 . 18 11 14 1 . . 8 13 6 16 2 3 9 10 . 5 . 17 
14 6 1 . 13 2 10 . 11 4 19 . 8 17 16 . . 18 12 3 
9 16 20 18 8 12 3 13 . . 4 1 . 14 5 2 17 . . 19 
8 . 3 13 19 11 . 9 . 12 15 10 6 4 . 18 14 2 . 1 
. 5 4 1 . 20 2 8 14 . . 12 18 13 3 . 15 10 19 9 
11 18 17 4 5 13 6 . 1 19 . . 10 8 2 . 12 9 . 15 
. 2 6 20 17 15 7 . . 9 13 19 . 10 11 8 3 . 5 12 
3 1 . . 11 19 . 5 4 14 12 9 . 6 15 16 13 . 7 10 
. . 14 16 20 9 19 18 . 2 8 3 . . 13 5 11 17 1 6 
18 19 9 17 . 6 . 20 12 . . 14 15 2 8 1 10 11 . 16 
12 . . 5 . . 17 10 3 11 7 2 20 1 6 15 . 8 18 13 
17 8 7 10 15 . 11 12 13 3 1 18 9 . . 19 6 . 2 . 
4 15 . . 16 8 14 6 9 . 2 7 5 . 12 . 1 13 17 11 
13 20 . . . 18 1 11 . 5 10 8 . 19 4 17 2 12 9 14 
. 17 2 . 18 7 12 14 20 16 3 4 13 . 1 . 5 . 10 8 
7 . . 9 4 10 16 2 19 8 17 . 14 15 . 12 . 1 11 5 
2 10 16 14 . . 15 . 17 18 . 11 7 12 19 13 20 6 8 . 

Solution #1  
5 11 12 7 2 17 8 15 6 1 20 13 3 9 10 14 4 19 16 18 
1 13 5 12 10 3 9 17 2 6 11 15 19 20 18 4 8 16 14 7 
20 9 11 8 12 14 13 4 5 10 18 17 1 16 7 6 19 3 15 2 
15 12 18 11 14 1 20 19 8 13 6 16 2 3 9 10 7 5 4 17 
14 6 1 15 13 2 10 7 11 4 19 5 8 17 16 20 9 18 12 3 
9 16 20 18 8 12 3 13 10 15 4 1 11 14 5 2 17 7 6 19 
8 7 3 13 19 11 5 9 16 12 15 10 6 4 17 18 14 2 20 1 
6 5 4 1 7 20 2 8 14 17 16 12 18 13 3 11 15 10 19 9 
11 18 17 4 5 13 6 16 1 19 14 20 10 8 2 7 12 9 3 15 
16 2 6 20 17 15 7 1 18 9 13 19 4 10 11 8 3 14 5 12 
3 1 8 2 11 19 18 5 4 14 12 9 17 6 15 16 13 20 7 10 
10 4 14 16 20 9 19 18 15 2 8 3 12 7 13 5 11 17 1 6 
18 19 9 17 3 6 4 20 12 7 5 14 15 2 8 1 10 11 13 16 
12 14 19 5 9 4 17 10 3 11 7 2 20 1 6 15 16 8 18 13 
17 8 7 10 15 16 11 12 13 3 1 18 9 5 14 19 6 4 2 20 
4 15 10 19 16 8 14 6 9 20 2 7 5 18 12 3 1 13 17 11 
13 20 15 3 6 18 1 11 7 5 10 8 16 19 4 17 2 12 9 14 
19 17 2 6 18 7 12 14 20 16 3 4 13 11 1 9 5 15 10 8 
7 3 13 9 4 10 16 2 19 8 17 6 14 15 20 12 18 1 11 5 
2 10 16 14 1 5 15 3 17 18 9 11 7 12 19 13 20 6 8 4 

Search Limit crossed? False

Solutions: 1
WallTime: 9ms
Failures: 0
Branches: 0 

DIMENSION: 50 
Problem:
42 26 12 22 30 18 41 4 32 34 36 31 . 10 . . 9 47 2 48 . 46 13 21 11 28 35 25 . 1 49 . . 43 23 14 27 17 20 44 6 . . 40 39 . 24 . . . 
. 46 10 4 14 13 21 39 22 44 17 3 23 41 2 12 28 . 8 11 35 6 18 . 43 . . 29 . . 33 49 . 26 1 30 25 . 19 5 31 . 24 . 34 48 . 9 40 16 
47 45 9 35 . . . 44 6 21 32 30 40 8 . 34 . 41 23 33 25 13 10 17 36 22 . . 3 24 20 15 . 49 16 29 26 . . 12 38 46 19 50 27 14 . 31 18 . 
11 23 46 24 13 . 48 7 18 . 14 . 25 49 19 . 20 28 . 10 . 17 12 43 34 6 . 35 . 37 15 1 39 21 . 8 4 . 9 31 29 44 5 33 42 27 . 40 . 47 
4 10 . 47 . 7 5 . 19 . 49 . 3 42 38 30 . 46 . 1 40 31 11 9 17 . 28 41 12 50 21 35 29 48 33 . 2 15 16 43 . . 27 8 44 22 . 18 6 . 
46 31 36 . . . 27 . 8 30 6 . 48 13 12 . 32 4 29 28 11 33 15 45 23 39 10 37 . 34 17 16 50 42 25 19 41 . 21 26 . . 43 . . 49 18 22 47 44 
35 15 32 41 38 31 . 50 30 10 . 46 27 24 43 . 12 11 25 45 17 42 39 20 . 16 6 40 28 . . 36 44 29 18 7 . . 1 . 3 49 26 . . 19 . 2 . 37 
30 22 . 36 19 5 12 . . 13 33 35 . 45 6 49 . . 17 29 7 34 37 50 10 24 . . 25 . 16 3 . 40 11 21 42 28 32 39 . 31 2 . 26 38 44 20 27 8 
19 . 50 30 26 36 25 37 17 1 41 . 14 . 20 . . 16 7 . 42 45 34 23 . 27 43 49 4 6 32 . 24 13 . . 11 10 . . 5 33 22 . 47 18 15 46 31 28 
5 37 26 48 . 6 14 . 38 29 . 20 35 9 . . 27 23 33 36 32 . 19 7 . . . . . 40 50 . 43 34 46 22 17 42 18 13 . 10 3 47 . 8 39 45 25 1 
14 49 25 37 18 48 34 8 47 11 16 29 . 46 10 20 . . . 43 24 . . 27 . 44 . 23 39 9 . 26 35 . 12 45 . 21 40 28 22 . . 19 7 33 5 13 4 42 
48 41 . . 6 . 19 12 . 43 1 18 33 16 50 9 45 36 34 37 47 . . 25 . 32 26 10 . 13 3 24 46 39 49 38 . 4 14 27 . 30 7 42 . . . 11 44 22 
. . 22 . . 16 45 . 9 14 10 8 37 19 36 1 40 18 . . 30 7 . 46 32 . 44 48 13 4 . 29 5 50 . . 23 38 31 15 28 35 . 6 11 21 41 . 39 24 
. 8 7 . 9 46 4 26 13 . 23 . 30 22 44 2 . 27 42 12 49 15 43 16 38 . 3 . 18 . 48 31 32 14 40 6 33 39 . 24 19 29 21 . 25 . 11 47 . 20 
24 . 21 5 . 19 28 6 48 . . 49 39 32 37 44 3 38 1 . 43 11 33 41 . 42 8 20 7 47 25 . 23 . . 50 35 . 30 18 27 17 . . . 2 10 29 13 36 
. 42 . 46 16 34 22 33 . 12 18 13 . 7 . 48 31 9 6 4 45 . . . 27 5 37 39 21 35 36 38 11 . 19 49 15 14 41 . . 47 25 3 10 28 26 17 50 . 
. 29 19 45 23 49 30 42 33 22 . 11 . . 31 . 35 25 5 . 48 28 . . 44 21 16 15 47 46 24 43 18 4 . 27 34 . 37 36 . 2 . 14 20 9 12 10 7 6 
34 39 44 18 . . 32 . 14 . . . 10 6 7 3 . . 48 8 5 19 41 13 . 46 47 31 30 . 45 23 12 11 . 16 50 27 . 17 40 4 20 49 38 29 28 25 43 21 
10 19 14 21 41 . 50 29 37 7 . 36 . . . 28 25 31 49 42 . . 22 . 3 33 32 18 24 16 39 46 . 35 34 17 . . . . 4 12 44 48 6 30 40 8 20 2 
40 . 4 . 7 . 8 34 41 24 28 27 15 43 48 33 13 50 30 31 39 3 23 . 37 20 45 21 . . 6 42 10 . 14 . . 47 . 35 . 19 . 32 18 46 25 38 36 49 
18 25 37 . 17 . 39 5 . 41 . . 8 27 4 47 . . . . 3 50 40 36 45 48 9 . . 12 14 . . 22 42 . 30 34 13 6 46 24 11 21 32 31 33 43 49 35 
29 28 34 32 12 17 13 . . . 45 5 38 21 30 . 49 . 40 23 . . 25 39 50 8 . . 41 . 7 22 3 20 48 35 31 24 2 . 26 43 . . 1 4 14 33 9 15 
13 5 3 . 36 25 33 . . . 22 . . . 32 42 . 24 28 14 10 35 . 19 47 . 31 27 15 8 1 6 20 38 39 23 21 44 43 . 18 41 30 12 16 11 34 . 2 9 
28 7 . 6 . 24 49 19 43 42 8 15 22 . 18 . 47 20 . . 29 . 9 48 4 . 25 34 17 . . 5 21 44 36 32 . 46 38 3 23 1 . . 2 35 50 . 12 . 
. 30 23 11 8 27 20 24 . 40 48 16 12 . 1 14 . . 13 . 18 25 49 33 19 17 . 2 5 29 35 9 4 . 47 . 46 41 28 50 45 6 . 10 36 . . 15 26 7 
. 16 43 . 48 23 36 13 . 9 12 38 41 . 21 7 15 39 . 35 4 27 2 8 . . 24 1 20 . 22 . . 19 10 . 6 37 5 46 34 32 47 31 . 40 30 42 . 14 
. . 16 34 22 39 10 35 15 23 25 32 2 . 49 6 . . . 44 50 38 42 18 24 43 4 13 9 31 29 . . 30 20 . 19 . 33 1 . 40 . 45 37 . 46 26 28 12 
33 47 40 28 29 12 7 . 4 . 42 37 . . 26 10 34 6 . 24 31 . 50 38 20 30 49 36 45 48 9 11 22 . 35 . . . . 2 14 18 17 43 21 15 13 . 46 39 
36 14 41 19 . 28 . 17 21 48 . 9 18 33 15 29 1 . 20 26 27 30 5 3 40 7 2 42 31 49 44 . . 47 . . 37 12 25 . . 39 34 . 50 24 32 4 . 23 
31 13 . 15 43 40 46 22 36 50 . . . 25 3 . 38 . 47 34 20 12 16 . 21 . 1 7 27 28 . 33 17 6 2 37 9 19 . 48 39 11 41 44 8 10 . 14 29 5 
22 18 17 7 44 35 3 9 24 31 34 . 6 40 . 19 5 1 11 49 28 . 29 . . . . 45 43 21 . 8 30 15 37 48 . 25 . . 32 20 46 38 . 50 2 27 41 26 
7 . 15 . 50 . 42 46 45 28 29 39 17 14 . 40 26 37 . 3 . 22 44 35 2 9 19 24 36 . . 47 6 25 43 18 12 48 49 32 . 23 13 27 33 . 21 . . 31 
. . 45 . . 9 26 41 12 4 30 . 34 50 . 37 46 5 39 . . 44 . 49 16 10 21 33 . 19 8 20 7 31 3 11 29 . 47 . 15 42 18 28 22 . 35 36 24 32 
17 32 42 43 49 26 . . 25 33 9 4 50 29 16 13 8 21 3 30 . . . 15 . 34 46 22 . . 37 . 40 . 38 39 . 1 36 7 2 45 31 24 35 47 . 6 . 10 
38 . 29 2 1 47 . 48 27 46 39 14 13 28 42 5 36 45 . 18 12 23 . 32 9 35 . 26 . 44 . 21 . . 4 3 24 22 8 19 33 . 6 41 43 20 16 . . 40 
3 24 . 39 15 4 38 . 5 . 43 25 1 17 . 22 19 40 . 7 . 2 . . 48 41 . 50 . 20 . 32 49 33 44 31 45 35 6 47 12 16 28 11 . 37 9 30 42 . 
12 44 6 3 34 . 1 20 35 . 47 43 . 36 28 46 33 . 22 13 2 8 17 31 29 . 48 . 10 7 18 . 15 . . 4 32 30 27 . 50 . 37 9 45 . 42 . 11 38 
2 3 39 9 . . . 11 42 8 31 44 21 . . 25 16 30 19 20 . 26 . . 35 50 29 . 14 23 40 48 41 32 27 47 43 49 46 34 24 13 . 1 . 7 36 37 . . 
. . . 44 . 22 24 16 7 27 46 17 43 . 39 . 37 34 . 2 . 5 6 28 25 38 40 4 50 3 . 19 13 18 32 . 47 31 11 . 30 14 33 . 9 36 29 48 8 . 
. 11 2 . 20 30 . 49 40 . 15 21 36 12 22 17 18 13 31 39 . 24 . 10 42 26 50 . 16 32 46 27 48 41 . 1 . 6 . 8 47 . 35 . 28 44 . 3 33 19 
39 36 48 23 45 2 9 3 . 20 . 41 . 11 8 35 7 22 43 17 . . 30 . 15 . 38 . 6 42 10 18 33 24 21 28 16 29 . 25 1 5 4 46 . . 47 44 14 27 
. 20 . . 47 3 . 28 34 35 5 19 . . 23 27 44 42 26 . 46 . 24 11 18 37 13 9 48 10 43 14 31 8 . 12 40 36 17 . . . 45 30 29 16 6 21 32 50 
50 . 33 49 11 14 29 47 31 16 . . 9 44 17 . 24 10 . . . 39 26 6 41 18 12 8 34 30 4 37 . . 28 46 . 32 . . 48 27 42 13 40 43 19 35 38 3 
15 . . 31 2 50 . 10 20 49 24 33 42 26 9 18 . . 21 40 23 14 8 4 . 19 27 30 38 36 11 13 . . 6 5 . . 22 16 44 48 32 34 46 25 3 . . 29 
37 . 8 12 21 38 15 18 29 2 20 40 28 48 35 45 10 17 46 27 . 36 47 24 14 31 41 . . 26 23 25 . . . 9 13 11 50 30 42 . . 5 . 39 49 32 16 . 
20 40 28 50 25 33 35 45 3 39 19 22 44 34 . 43 . 29 9 . 15 . 46 . . 11 . 5 8 2 . 30 37 27 13 24 49 18 10 38 . 21 16 17 41 . 31 7 48 . 
6 48 24 . . 44 43 . . 47 37 42 26 4 25 23 14 19 32 50 13 9 . 29 7 1 17 . 46 39 . . 36 45 . 33 28 5 15 49 35 3 8 . . . 22 12 . 18 
16 34 . 42 37 . . 31 49 32 3 6 11 . . 39 21 35 18 . 36 20 14 47 30 . 33 38 1 . . 4 27 17 24 . 22 9 48 41 7 50 12 29 19 26 . 23 . . 
21 . . 17 28 43 16 . . 36 . 47 24 38 . 31 42 14 35 . 33 10 45 5 22 4 7 3 40 27 19 12 1 . 26 2 39 20 44 29 9 . . 18 49 . . 41 37 . 
45 33 13 27 3 32 40 15 . . . 34 4 35 46 36 30 . 50 6 14 48 21 . 5 25 . . 49 43 38 10 42 9 . 41 18 26 12 20 16 . 29 39 24 17 . . 23 11 

Search Limit crossed? True

Solutions: 0
WallTime: 30023ms
Failures: 327137
Branches: 654255 

DIMENSION: 75 
Problem:
68 . 61 26 54 33 28 49 39 12 62 . 59 19 16 . 13 . 46 17 42 47 . . 74 67 7 24 75 . 65 . 43 35 50 . 32 29 40 . . 4 . . 69 36 . 9 52 10 45 23 3 . 56 14 55 51 18 21 48 37 73 57 38 22 25 44 . 66 . . 5 15 31 
. . 57 7 60 12 68 . 15 . 54 32 6 62 74 71 21 22 59 65 61 3 16 51 . 64 . 38 46 . 5 . . 36 42 39 8 11 43 70 48 67 . . 10 1 . 35 26 41 . 69 . 56 . 24 37 . 23 45 . 44 40 27 19 . 49 28 58 20 72 17 30 31 63 
. 24 29 30 33 17 . 9 8 48 . . 60 6 34 53 . 10 15 35 31 54 41 55 51 . . 2 61 16 47 72 . 4 67 3 40 69 73 19 . 75 65 . 59 71 56 . . 43 28 26 22 5 45 . . 1 7 64 . . 44 66 14 42 . 46 18 27 . 74 36 70 11 
51 66 41 75 72 . 63 17 29 3 58 19 39 . 18 38 31 60 71 . 25 73 8 . 4 37 . . . 50 28 11 42 61 . 23 16 24 . . 12 6 70 5 . . 45 . 54 62 15 2 47 55 48 22 . 44 10 74 64 . 52 . . 7 . 34 68 57 56 43 13 . 27 
. . 16 13 . 55 71 66 5 54 39 1 31 8 49 . 35 75 64 37 . 28 2 . 68 48 . 51 24 62 . 3 70 56 10 69 29 22 15 58 9 59 7 72 . 38 41 44 36 32 60 6 . 26 23 57 30 33 . 63 . 18 . 17 34 25 52 . 47 . 61 . . 19 . 
5 . 9 73 39 60 . 25 . 74 . 70 21 . 40 17 18 50 30 46 69 58 6 20 57 68 26 . . . 4 36 72 . 54 37 44 . 55 66 33 56 . 51 67 2 11 . 23 . 29 12 13 43 . 47 31 . 8 3 53 48 . 65 . . 28 7 64 62 35 63 71 22 52 
47 . . 32 55 8 44 42 . 65 11 16 25 5 48 41 51 . 27 18 36 68 75 43 2 . 74 . 58 73 70 . 46 3 63 12 . 34 . 9 61 57 . 31 15 53 72 52 24 6 13 . 71 45 22 4 40 . 56 . . . 59 26 7 . 19 10 20 50 49 . 17 . 33 
59 . 36 . 48 . 39 72 . 55 51 . 17 56 64 47 11 4 7 58 20 50 3 35 54 65 6 5 13 75 . 74 . . 37 8 69 66 . 15 24 . 10 45 21 16 38 . . 68 67 41 33 53 . 23 . 63 . 30 12 29 43 14 . 1 71 . 22 . . 61 73 25 9 
52 53 59 64 31 . 48 40 . 7 . . . 11 . . 8 58 72 61 19 . 39 26 55 15 73 10 . . . 38 16 . 30 74 68 14 28 5 27 43 35 47 18 32 . 23 21 . 42 75 57 12 66 . . 62 51 . 60 25 70 . 29 9 3 36 1 24 . 67 4 54 65 
27 69 22 11 17 . 42 . 60 50 70 47 5 . . 29 67 30 48 . 41 2 18 . . 49 28 39 . . 37 21 . 74 . . 23 25 12 38 57 34 32 . 72 59 75 43 56 64 20 40 44 73 . 65 33 . 45 14 6 . . 10 24 62 54 8 13 . . 1 63 . 26 
54 33 20 . 37 11 55 5 38 40 . . 7 31 13 44 70 46 56 16 . . 47 71 26 30 . 63 51 42 49 67 53 . 1 68 9 12 34 . 52 . . 36 6 . 64 4 59 3 72 73 45 . . 62 66 69 21 35 43 . 23 58 . 8 15 27 . . 65 2 . 60 22 
. 55 19 . 8 69 56 32 . . 29 . 47 52 26 . 30 64 . 7 70 74 51 57 . 61 68 . 49 . 62 17 65 22 . . 58 . 39 . 10 53 43 . 41 . 71 3 42 . 16 45 50 38 20 . 11 12 25 48 . 59 2 40 23 34 5 . 21 35 46 36 14 73 28 
. 71 . 63 . 67 52 11 16 . 35 . 73 46 23 3 . 31 10 6 . . . 13 5 8 61 . 50 . . 40 37 47 65 15 2 . 70 53 34 22 42 24 54 . 7 48 57 39 19 . 49 . 51 68 17 32 . 4 25 27 . 56 72 44 43 45 55 26 . . 60 62 29 
46 2 43 4 74 29 6 54 3 57 60 64 70 36 . 13 7 . . 62 10 53 9 42 47 . 40 22 66 52 39 75 19 1 . 32 21 8 23 . 28 61 45 63 . 67 37 73 . 34 33 24 72 49 . 31 . . 65 . . 17 55 35 . . . 58 15 18 26 . 11 68 . 
. 34 1 12 62 14 51 19 53 . 18 68 . 24 70 30 72 . 28 . 13 56 54 37 41 22 50 42 47 66 15 57 3 2 9 46 36 . 44 65 59 58 . . . . . 31 . . 6 60 74 64 35 . 32 67 . . 20 . . 7 16 63 45 71 . 73 17 8 75 52 39 
. 45 . 48 56 . 21 . . 30 69 28 20 63 12 67 26 51 . 25 44 . 42 36 23 11 . 57 8 70 19 . 40 . 43 2 46 10 71 50 35 . 29 55 . 74 14 1 58 13 18 65 4 68 5 64 53 17 . . 38 32 6 75 54 47 73 . 33 . 60 . 41 . 15 
33 . 24 20 35 27 72 65 67 73 64 38 22 58 . 70 . 17 1 36 47 66 7 62 15 . . 16 . 18 . 50 39 55 . 10 . 57 60 49 42 . 54 . 31 11 . 5 . 23 32 74 40 . 2 75 63 29 14 44 9 21 . . 56 26 . 68 6 41 . 45 3 46 61 
50 . . 1 5 39 73 57 61 37 75 45 23 32 . 11 14 12 42 . 2 25 71 29 64 . 13 58 . 74 21 65 38 . 26 . . 16 . . 17 44 6 48 . . 31 56 40 8 35 70 46 63 55 19 51 . . 36 47 33 67 62 59 28 9 15 . . 69 34 . 18 4 
. . 48 . 3 37 65 . 22 26 66 7 . 40 . 56 63 21 . . 49 20 31 . 9 34 47 54 25 60 57 42 44 19 . 71 45 53 29 8 72 16 24 67 30 . . 74 70 27 23 64 43 13 28 15 . 11 5 68 . . 62 59 51 39 33 . 10 14 1 . . 38 36 
18 65 . 27 13 . 45 34 4 38 9 . 8 23 42 75 46 26 68 . 40 . . 74 16 . 60 15 29 57 7 . . 53 . 54 62 . 63 73 . 1 . 35 5 17 . 59 10 69 31 . 70 72 33 55 41 14 30 52 . 2 61 48 39 . 6 37 51 . 47 56 28 49 67 
15 . 62 3 . 1 12 46 32 53 2 13 64 70 10 7 74 38 . 63 . . 34 . . 72 43 . 60 25 . . 5 . 47 . 75 30 27 4 . 33 51 58 66 50 42 . 31 54 . 39 67 . 69 36 68 23 37 . 52 49 26 44 18 14 . 57 24 56 20 6 16 . 8 
13 . 15 66 64 22 5 59 42 31 30 52 . 53 . . . . 73 75 72 . 62 21 14 71 27 7 . 33 55 . 51 12 46 34 65 . . 26 39 49 47 6 . 29 . 8 . 48 43 10 9 11 50 60 . . 28 56 41 68 19 . 61 3 32 . 16 38 . 54 20 63 2 
. . 45 18 . 16 . 15 25 71 22 69 . 54 28 35 73 2 49 43 34 10 . 6 17 59 32 4 1 46 68 56 50 . 29 . 53 47 74 . . 23 55 . 14 9 52 . 48 . 36 31 5 27 . 3 58 8 62 12 70 . . . 37 40 41 13 7 21 30 . 33 66 . 
1 36 18 . 23 51 57 22 . . . 44 . . 55 4 3 73 . 40 7 49 35 54 24 47 . 52 64 11 63 45 20 50 19 . 71 60 67 30 65 15 . . 61 66 69 . 5 21 . . . 34 39 70 . 10 26 58 74 . 56 72 27 6 68 41 . 43 31 . 48 29 . 
16 57 39 45 . 52 69 50 1 6 47 23 . 61 7 59 42 19 67 70 33 24 56 8 20 43 . 53 22 . 32 54 62 58 21 40 4 49 14 55 . 64 . 46 68 . . 26 . . 9 17 . . 12 44 48 . 36 . 13 3 . 28 . . 75 . 63 74 41 29 . 72 . 
71 . 30 5 . 28 67 68 54 . . . 62 12 8 25 61 59 . 47 29 9 20 . 75 18 16 . 2 . 31 73 41 11 48 38 60 74 . 13 19 . 46 . 55 64 57 66 44 50 63 33 . . 49 . 36 42 . 10 26 . 4 . 69 32 53 22 3 . 70 27 51 14 23 
58 48 5 . 49 15 38 69 . . . 66 50 20 36 21 52 7 54 72 53 30 44 3 73 12 41 26 4 39 34 . 32 37 14 63 . . 6 60 . 70 9 . . 25 1 47 . . . 59 61 74 . 8 67 . 22 16 10 55 13 42 43 . . 31 65 11 75 40 . 56 . 
9 25 33 28 38 . 13 75 . 47 63 8 34 . 62 60 57 53 22 54 48 64 . 18 . . 36 14 73 10 . 19 7 42 . 5 . . 37 39 49 29 56 40 44 68 51 67 . . . 4 55 24 17 11 . . 59 27 21 20 35 32 74 30 65 23 . . 43 . 72 58 69 
73 31 58 21 41 42 . 2 49 28 40 36 53 51 . 46 29 48 50 23 37 39 17 . . 13 . . 9 71 . 44 60 . 69 . 55 32 . 34 . . . 61 8 22 35 . 15 25 66 5 56 62 14 6 . 20 . 70 33 16 54 . 3 68 27 63 67 47 24 59 19 . 74 
21 56 69 17 18 62 60 38 44 24 . . 46 37 11 . . 16 26 73 1 19 55 23 . 40 64 . 72 . 25 . 28 10 . 36 22 68 59 . 32 20 15 . 13 51 33 . 49 . . 34 63 57 61 29 . 35 75 53 45 5 27 . 8 66 74 52 71 30 42 . . 47 . 
. 46 . . 14 50 1 13 70 5 26 62 12 71 . . 48 . 23 . 28 18 65 . . 9 75 . 19 43 42 15 . 24 33 58 35 64 41 37 63 68 30 . 11 3 21 32 66 74 55 47 20 7 16 2 49 54 . 6 61 60 29 . . 53 . 56 17 . . 25 . 40 72 
31 62 70 41 58 4 . 14 . 20 12 10 54 44 38 . . 52 53 . 5 51 37 45 8 . . 21 3 . . 25 59 17 . 30 49 19 . 24 69 71 . . 40 . 26 34 43 22 46 63 48 61 29 73 7 72 . 2 57 . 11 74 60 65 64 39 . 33 6 15 47 28 . 
72 43 13 39 . 2 37 31 10 4 15 20 . 45 57 48 40 62 34 69 71 . 21 73 59 66 17 . . 68 . 47 52 8 56 29 50 . 5 3 . . . 22 49 . 25 . 61 63 . 44 . 58 74 32 . 19 . . 14 1 18 51 65 23 46 26 41 70 16 . 12 11 55 
. . 4 44 . 74 . 23 36 17 6 . . 2 67 16 66 . 51 22 62 48 52 . 63 3 59 55 . 15 72 . 18 75 5 56 27 50 61 41 14 . 25 37 71 13 73 10 1 7 . . 28 19 21 54 . 24 . 31 34 65 45 11 . 57 26 32 . 64 33 . . 12 20 
36 26 . . 29 5 . 61 69 45 . 73 . . 43 27 54 71 20 50 . 60 . . 49 7 35 19 11 44 . 9 17 67 4 55 12 56 31 6 23 52 18 68 32 . 28 25 41 . 70 62 2 33 30 . . 21 64 66 65 58 . . 46 72 . 14 39 48 . 10 1 57 75 
65 16 66 . . 46 2 74 30 27 50 . . 42 14 . . 35 . . 52 . . 24 62 . 49 71 . 56 45 31 68 18 . 75 6 7 9 . 11 60 20 59 43 41 58 70 47 73 53 . 8 . 3 26 28 15 13 39 . 34 25 55 64 51 . 21 37 17 . 38 22 1 . 
26 63 46 . 70 44 10 64 . 29 24 35 15 . . 28 9 67 31 38 17 11 73 39 3 . 55 . 56 48 1 34 49 . 12 . . . 21 23 71 45 27 8 19 14 6 . . . 54 32 18 37 7 . . 2 . 59 4 72 57 69 20 16 . 42 36 5 58 75 40 . . 
63 5 35 34 57 . . 24 31 52 4 22 10 38 . 62 64 55 2 29 43 . 33 . . 50 . 13 69 17 18 . 48 16 3 66 . 45 36 . 20 47 26 . 46 15 60 . 14 49 1 61 . . 58 40 . 9 72 75 . . 71 73 . 11 67 53 . . 21 7 54 39 42 
14 . 63 36 46 . 18 . 55 42 25 56 71 65 22 19 50 24 43 66 . 62 10 . 48 74 . 67 . 61 23 41 8 . 51 . 70 . 4 11 . 31 39 26 64 20 40 6 17 33 44 . 53 . . 58 . 38 12 1 . 45 32 15 28 29 21 47 30 . 37 13 . 2 . 
45 32 72 37 73 65 29 3 40 22 52 30 57 . 44 . 47 . 60 . 38 . 26 5 . 4 11 . 21 . 8 46 56 . . 41 24 23 20 . 68 69 67 12 42 54 74 27 28 66 64 25 10 36 9 . 13 71 . . 15 . 7 70 17 75 55 . . 59 . 48 . 51 35 
49 17 . 25 1 45 3 60 . . 20 67 9 73 47 42 16 . 41 71 23 . 43 68 72 75 56 69 26 . 2 61 54 40 64 62 . 13 . 28 . 21 14 38 24 34 36 . 51 37 . 52 65 18 . 30 35 70 46 11 32 31 . . . 59 . 48 . 53 . 5 66 . 6 
62 38 23 54 10 6 59 30 65 68 74 75 . . 72 12 . 15 8 20 . . 48 52 1 60 70 . . 19 53 37 9 44 40 21 . . . 35 . 18 41 33 29 42 50 36 73 67 . 28 14 22 43 . 3 34 31 25 24 4 64 46 . . 16 66 26 39 63 11 . . . 
57 41 . 74 . . . 47 18 . 8 . 67 . 51 36 28 37 . 31 16 13 68 15 70 19 42 43 27 5 59 . . 14 . 61 1 46 7 22 64 62 3 65 . 40 66 63 . 52 . . 38 10 60 56 72 6 39 32 . 73 17 . . . 11 4 29 75 9 44 24 21 25 
10 70 . 42 47 . 7 71 63 59 57 21 3 17 . 64 . . . 39 56 34 60 66 25 1 52 35 12 . 29 16 67 5 . . 72 58 . 68 45 73 . 43 48 18 24 11 30 . 61 . 51 50 40 33 15 27 19 26 62 . . 49 75 . 13 54 . 46 22 23 37 . 53 
69 15 . 19 . 58 61 . 68 35 28 51 . 4 . 8 71 14 11 33 64 . . . . 24 57 66 45 49 6 10 2 25 . 47 74 43 22 54 30 . 31 73 56 46 39 . . 20 41 29 21 . 53 9 59 52 17 7 . 12 75 23 63 48 . 70 . . 62 72 . . 16 
41 1 34 69 44 . 50 . 73 32 . 46 4 3 53 . 60 66 . 10 35 15 27 70 42 . . . 36 40 24 7 . 6 57 20 48 18 11 31 8 . 58 . 75 21 . . 37 14 22 51 . 28 63 72 71 65 . . 16 74 . 45 . 38 47 . 23 25 59 64 68 55 56 
61 74 55 49 . 47 70 44 46 34 . 5 32 64 75 54 39 29 14 . 15 . 4 69 71 53 . 18 68 20 43 . . . . 50 . 40 58 56 . . 33 . 73 19 65 2 8 30 57 72 . 31 . 12 10 7 . . 22 63 1 52 67 45 62 . 11 36 28 16 59 6 37 
19 . . 40 . 38 9 . 50 70 56 . 41 74 60 57 34 . 21 48 6 75 30 . 53 69 62 20 18 12 . 52 58 33 27 26 . 31 66 25 55 72 . 44 23 7 13 14 39 46 24 1 . 54 . 35 47 . 32 15 . 22 . . . 43 29 . 2 63 . 49 8 65 . 
6 19 64 10 59 . 4 . 66 . 33 58 28 . 50 9 . 18 65 . 3 61 49 22 . 2 5 . 74 13 75 68 15 20 45 . . 26 8 1 43 42 63 57 . 70 . . 27 44 . . 31 . 25 . 14 47 . 41 40 51 69 38 35 36 17 . 72 16 48 24 29 32 54 
7 6 56 8 . 24 49 51 . 44 48 27 18 . 5 69 37 . 61 13 74 65 46 63 22 55 30 60 16 58 66 . 45 . 36 . . 4 25 12 40 . 59 29 17 23 . . 50 . 68 . 15 35 41 1 75 39 53 . 2 47 3 21 10 . . 9 73 31 64 . . 26 19 
39 9 50 43 68 34 17 1 75 56 73 55 . 60 35 18 25 . 29 . . 57 . 33 69 41 31 28 32 . 44 5 30 . 24 51 67 3 2 47 53 . . 14 7 . . 58 . 16 10 . 62 42 . . 54 46 40 20 37 11 38 19 4 70 22 . 12 . 45 71 52 . . 
. 49 73 22 66 . 26 . 19 51 . 41 . 18 . 55 10 9 74 8 . . . 44 43 6 29 40 31 34 35 . . . 32 45 15 27 69 48 47 3 64 71 36 60 67 . 4 . 56 21 . 25 65 63 50 . 54 23 17 62 24 12 30 . 20 59 61 28 11 . 2 37 . 
56 39 . 2 40 21 . 58 20 69 . 3 24 29 . 31 . . . 11 59 . 22 46 60 10 67 73 48 36 54 8 23 64 25 49 . 70 53 . 50 . . 28 . 33 15 16 . 9 . 57 27 47 26 74 44 5 68 55 72 71 37 43 66 52 . 75 14 . 51 32 6 . 38 
. 12 31 57 32 25 . . 74 . 34 71 . 43 52 20 19 23 40 3 68 17 64 48 . 35 46 11 55 41 10 53 . 9 73 28 33 . 54 21 38 14 5 69 39 47 . 30 . . 49 67 . . 72 42 . 56 44 . . 36 65 22 . 27 7 60 66 . 13 51 18 16 62 
. 47 27 . 11 54 . 70 64 21 59 63 . 13 73 49 65 61 18 60 . 67 53 2 30 36 . 12 . 37 17 . . 38 44 31 . 33 . 52 26 10 23 34 3 . 32 55 22 35 58 56 25 48 6 28 . . 1 46 51 41 8 68 . 15 . 43 9 . . 19 45 5 14 
48 14 . 58 . . 27 7 . 41 67 24 52 . 61 . 68 6 17 21 . 55 23 75 . . 39 59 40 35 74 62 69 57 15 . 30 . . 32 70 8 . 1 . 65 53 71 . . 11 9 19 4 31 25 42 . 38 47 63 . 28 2 49 18 56 20 . 60 34 66 26 3 12 
. 51 53 71 28 9 35 33 . . 7 40 69 68 15 73 . . 36 14 4 32 67 11 44 . 24 . 20 55 60 26 . 54 66 13 47 17 . . 74 38 8 25 . 48 . 65 75 . 52 . . 29 . 21 62 3 42 72 19 10 31 18 . . 30 61 57 6 27 50 49 . 34 
60 52 75 59 36 64 33 . 13 . . 74 48 27 68 66 22 34 . . 67 29 40 . 35 . 19 72 6 38 26 69 . 23 31 14 54 . 57 44 62 39 16 3 20 . . 7 45 . 21 8 37 30 24 . 61 49 47 17 11 70 15 50 41 10 12 . . 2 . . 46 . 32 
67 10 . 56 75 . 47 21 58 60 . 11 61 . . 50 62 . 24 15 12 37 13 19 . 28 33 36 . 22 . 14 26 51 49 53 . 1 45 . 16 54 68 32 25 . 29 64 69 4 48 20 23 59 . 27 . 41 74 43 . 30 . 71 44 2 31 5 46 55 66 . . . 73 
. 50 25 70 63 68 . 10 2 36 . 61 40 16 58 43 17 56 . 30 45 4 57 . 37 73 14 44 59 28 . 12 . . . 7 5 48 3 75 . 46 1 15 . 35 54 24 . 72 62 55 . 71 . 52 65 . 27 38 18 . 41 . . . 8 51 42 34 32 21 39 23 . 
. 11 60 14 . 10 . 62 6 . 19 50 . 28 66 . 44 . . 32 . 72 25 67 27 58 53 34 . . . 49 . 43 38 . 52 . 13 20 3 51 69 41 70 61 9 18 46 29 73 35 36 . 54 . 45 26 63 37 56 7 22 8 48 31 2 . 40 42 . . 21 75 5 
23 27 7 . . 75 64 . 48 . . 65 38 59 19 1 . 20 70 2 30 . 72 17 11 21 . 56 39 29 36 6 66 46 58 33 3 9 . . 54 63 37 42 34 . . 68 . 40 . 22 52 14 13 50 69 61 4 . 31 . 16 60 . . 10 . . 45 15 26 25 41 51 
66 20 . 53 21 . 36 27 17 . 44 9 35 . 29 . . 25 . 56 58 26 14 31 7 52 23 47 65 72 . . 10 32 . . 39 37 49 42 51 48 2 . 50 8 63 69 13 . 40 71 68 6 59 5 24 74 3 28 . 46 . 41 . 54 1 . 34 61 67 62 . 4 60 
70 18 74 52 50 48 41 45 . . 3 . 19 25 54 34 . 32 . 42 26 46 38 14 . 57 44 31 . 24 58 . 6 72 60 22 . . 30 43 . 40 28 . 63 5 68 15 16 . 69 . 35 17 1 . 29 36 73 49 27 75 10 61 2 . 37 55 8 . . 47 23 71 . 
. 72 54 . 26 . 11 63 14 16 36 18 . 9 . 37 5 33 6 . . 35 . 28 39 . 34 1 23 7 41 13 . 48 70 19 . 15 62 . 21 . 52 49 58 . 47 60 . 51 38 . 12 2 75 59 74 4 61 22 3 69 46 . 53 73 44 40 31 . 50 20 57 24 10 
12 . 38 . 24 72 34 4 27 62 . 42 30 66 . . 20 28 . 51 54 45 69 47 50 70 . 3 . 26 . 63 14 59 17 48 11 39 . 71 73 2 21 7 . 44 55 . 35 65 . 15 58 23 . 41 56 22 49 67 . 8 53 6 . 61 18 33 . 9 . 31 74 36 40 
25 22 32 47 52 . . . 12 49 . 34 26 41 56 24 . 13 . . 73 . 66 50 . 23 1 . . 3 64 59 55 39 2 43 38 44 51 29 . . 4 60 65 . 8 17 53 19 71 30 . 40 . 67 21 18 69 54 28 61 . 16 11 . 57 72 48 10 14 9 7 27 46 
4 23 . 16 6 30 . 52 . 18 42 60 49 . 9 58 . 43 66 . 65 59 61 . . 31 22 45 10 21 48 55 34 41 39 . 56 62 33 . 13 12 53 75 1 72 20 40 63 24 17 . . 44 71 38 73 . . . 29 26 68 . 47 46 50 25 69 19 74 57 . . 3 
28 68 67 72 25 40 . . 45 63 21 15 37 . 41 . . 39 . . . 5 . 56 34 . 58 27 53 23 46 . 4 49 20 . 42 2 24 62 75 . 12 9 38 69 3 22 7 55 14 18 . . 11 17 8 . 29 . 35 64 47 31 73 19 60 30 . 13 36 65 61 43 70 
35 54 68 62 42 23 66 36 43 10 41 . 16 72 21 32 24 47 3 44 . 69 1 . 56 . 63 61 14 2 27 51 . 13 . 65 . 28 26 46 4 7 40 . 57 75 12 49 9 58 74 19 . . . . 5 . 50 . 59 . 33 37 22 17 . 11 25 8 73 18 15 . . 
. . 47 . 51 . . . 7 23 71 14 1 75 31 15 2 42 45 34 . 27 28 4 10 17 20 29 63 . 11 60 13 70 52 25 26 . 18 59 41 30 73 53 . 24 16 72 . 57 . 58 64 . 32 . 38 43 . 9 46 39 5 36 40 49 48 50 54 69 19 68 . . 44 
. 30 6 33 4 56 22 . 21 . 10 2 36 69 17 26 53 . . . . 52 29 59 . 46 15 41 44 . 73 64 1 . 72 9 61 67 . . . 50 57 18 . 27 70 . 65 71 . 48 7 . 34 43 25 13 11 40 55 . . 47 31 20 58 12 38 54 . 28 32 74 24 
75 61 37 9 15 73 31 48 71 . 49 . 65 . 2 . 36 69 38 24 27 . 12 . 32 20 51 33 30 . 22 18 11 29 23 35 . 42 . . 56 25 . 74 47 58 . 13 60 70 . . 34 . 46 7 6 57 . . 8 52 39 . 68 . 40 19 45 . 54 4 55 . 1 
. 37 . . 20 26 23 . 34 2 27 . 51 57 24 14 . 44 47 74 9 6 19 38 36 . 71 . 15 8 56 58 61 63 62 16 43 54 10 64 7 . 75 70 . 73 48 42 . 60 4 . 29 . 68 . 52 28 35 65 49 66 . 1 32 . . . 59 . 40 30 31 . 21 
30 . 3 67 . 63 8 . . 13 65 17 11 . . . 6 70 37 59 32 23 15 72 . 14 21 49 62 54 . 39 . 73 16 4 . 38 48 7 . 28 61 10 74 12 . 51 . 42 25 27 26 52 36 . . 53 58 18 71 . 60 . 5 64 . 29 75 68 57 22 56 50 41 

Search Limit crossed? True

Solutions: 0
WallTime: 30045ms
Failures: 345448
Branches: 690690 

DIMENSION: 100 
Problem:
16 67 25 . . 5 19 . 24 . . 28 43 31 34 18 81 58 . . 86 98 92 60 47 53 7 91 75 9 61 8 . . 59 35 87 63 23 . . 3 . 82 56 64 . . . . 27 72 12 39 . 100 51 . 29 . 79 88 22 66 10 . 32 33 37 . . 99 55 78 95 6 97 71 48 2 89 49 65 13 85 30 50 69 80 15 62 94 11 . 77 . 20 68 . 45 
. 3 11 40 67 83 66 . 48 70 30 6 . 69 38 71 . 59 92 91 73 95 . 76 . . 26 82 79 77 96 45 . 85 10 55 88 68 74 28 64 89 . 86 . . 12 61 52 . 23 1 8 4 50 46 . . 81 58 . 78 20 97 41 . . 84 18 . 16 31 . 93 98 80 47 7 22 90 13 34 17 62 . 42 75 . 24 2 43 72 . . . . 37 65 25 5 
72 95 . . . 3 60 43 46 22 . 66 . 27 56 63 73 . . 2 97 51 79 37 55 89 24 75 31 . 10 . 15 28 . 29 9 . 84 81 80 . 12 32 . 18 74 78 35 14 48 83 96 38 8 16 20 39 99 . . . 59 . 98 . 62 1 . 25 69 . 13 . 67 . . 40 52 64 21 . 86 76 71 19 53 94 . 49 58 54 87 7 65 34 88 23 45 70 
96 81 79 16 . . . 68 . . 50 23 10 . 57 91 86 60 20 34 . . 93 85 62 . . 70 13 67 19 75 1 38 94 . 54 26 83 98 . 87 . 15 29 49 82 90 31 66 52 97 53 . 46 . . . 69 78 59 27 6 47 77 2 5 39 36 92 30 43 32 64 37 100 . . 55 41 . 80 28 58 . 17 . 74 89 63 33 40 61 . 7 . 21 . 65 48 
97 77 55 . 15 41 85 81 58 35 . 93 23 17 89 84 90 21 . 11 20 18 33 . 66 87 69 . . 96 . 61 12 79 6 82 36 . 94 8 71 . . 51 100 76 57 19 2 25 22 27 4 . . . 29 . 46 45 72 59 . . . 39 67 49 26 48 40 75 . 53 91 32 1 98 65 68 54 . 50 . 86 7 . 37 14 . 10 . 74 . . 44 31 28 52 62 
98 . 30 60 5 52 32 67 35 9 . 63 65 10 . 43 33 90 74 53 81 66 40 . 6 . 92 58 46 82 77 22 51 69 . 4 97 15 34 49 38 76 75 . . 80 21 47 19 85 . 36 78 37 . . . 45 . 96 . 99 87 89 29 62 59 . . 73 13 . 91 50 48 41 93 17 54 72 . 70 . . 83 . 27 84 88 8 61 . . 18 42 94 . 2 100 . 
. 69 . 57 23 65 100 99 16 1 . 81 50 21 6 37 91 87 43 13 3 9 77 4 70 18 15 . . 28 97 33 46 20 . 26 . . 30 74 58 . 93 7 17 . 53 41 45 . . 51 . 40 14 61 42 2 31 . 22 60 . . 12 . . 29 89 59 86 . 75 55 5 47 36 27 95 48 78 . 76 52 11 82 85 54 10 35 . 84 . 25 83 . 90 96 . . 
79 91 16 27 . 20 43 71 57 30 . 8 36 37 35 76 53 75 . 85 . 44 . 52 . 1 17 89 . 49 95 81 . 56 26 99 66 84 42 51 72 38 100 . 78 59 31 . 10 . 60 5 . 68 67 . 93 14 6 74 . 32 11 61 94 . 47 2 63 86 . 19 50 34 . 77 58 13 39 . 83 . . . . 69 40 . . 64 82 88 23 55 . 97 92 48 70 12 
50 . . 52 93 90 . 13 . 81 63 25 84 82 . 29 3 44 61 30 1 21 . 72 67 71 85 . 33 99 37 91 . 47 18 12 6 51 69 . 35 88 . 20 77 75 7 86 36 . 9 28 . 45 . 92 49 65 34 14 73 . 41 . 78 5 55 . 53 56 . 48 60 87 96 22 . . 31 . 97 40 . 59 . 79 . 76 54 . 57 70 83 68 2 8 4 . 39 27 
. 75 42 33 79 100 55 46 31 38 7 . 17 . 92 81 78 . 19 84 39 . 29 . 41 6 59 35 . 56 8 36 80 . 9 34 99 18 66 11 51 13 . 89 2 74 97 . 47 . 49 32 25 82 15 . 28 37 . 30 16 48 . . 67 83 96 98 . 23 77 . 4 . . 95 64 20 69 . 70 52 68 . 90 14 . 26 . 94 63 . 22 27 50 87 86 53 44 . 
71 . . 44 49 . . 26 41 80 13 85 59 34 64 31 11 29 16 99 . 65 76 47 7 72 10 55 84 4 . . . 18 89 . . 22 67 86 . 39 57 2 . 8 . 48 . 78 54 21 . 92 58 1 27 19 20 75 81 . 90 95 62 63 74 93 52 91 45 66 69 96 . . 68 . 12 15 35 . 60 46 . 6 . 98 97 . . 24 28 88 43 50 25 70 . 17 
86 . 10 6 96 46 3 2 8 45 18 21 . 94 17 38 44 65 76 77 75 1 7 90 . . . 15 24 53 . 70 . 37 97 78 4 31 71 . 5 20 73 30 74 . 23 35 . 72 43 . 64 67 34 . 79 . . 98 58 16 56 60 27 69 . 91 39 . 29 36 47 . . 54 51 . . . . 13 32 66 68 89 41 14 40 82 42 . 59 49 . . 19 25 84 83 
30 68 39 63 12 43 86 94 96 49 . 97 83 84 82 . 4 51 . 74 24 . 10 15 . . 71 . 100 . . . 93 31 21 85 . 45 91 29 9 . 50 64 . . 38 80 7 59 88 34 98 3 27 35 33 . 61 60 17 8 46 81 89 48 41 20 . . . 26 40 6 79 52 . 54 23 42 11 66 58 . 57 65 37 90 . . 78 . 47 13 19 70 . 14 55 . 
5 26 21 67 41 75 79 45 50 65 36 17 48 35 90 74 68 63 54 16 87 . 38 82 . 62 . . 51 64 7 . . . 43 86 12 83 39 25 23 19 89 49 . 95 . 20 57 . 94 84 60 22 71 . 10 . 2 4 1 . . . 99 18 24 28 85 42 53 93 70 3 . 66 14 73 9 37 77 . . 92 58 . 33 40 . 29 . . . 34 . 78 . 11 61 72 
19 34 . . 13 88 8 53 72 . 2 51 7 14 . . 92 36 68 . . 46 94 . 10 32 99 81 57 54 48 . 71 . . 6 . 27 41 . 18 29 . 24 . 66 . 21 93 33 100 78 31 85 43 95 . 98 97 . 39 86 1 4 . 55 22 23 80 16 49 17 25 59 . 26 . 37 74 9 20 42 91 61 . . 11 30 44 89 76 47 . 63 75 69 73 . 5 90 
85 . . 75 69 87 50 27 60 . 86 . 19 30 . 57 79 74 7 12 . 55 . 24 78 33 . . . 88 18 2 59 61 . 76 1 94 82 10 91 67 25 6 . 35 . 39 72 54 . 62 . 51 100 52 . 32 42 49 65 . 81 53 . 22 71 5 83 66 20 40 63 70 23 97 17 89 . 13 . 96 . 16 . 56 80 93 31 68 8 . 37 73 34 77 84 43 . . 
3 36 60 37 84 69 54 . 93 . 32 . 31 53 27 . . . . . 29 71 55 45 96 . 67 59 49 . . . 23 . . 17 35 47 19 40 21 99 28 83 30 63 8 38 . 97 . . 34 78 . 89 56 42 94 48 80 77 . 91 . 11 86 . 12 65 66 15 43 33 13 79 . . 4 82 22 76 88 41 46 1 39 2 52 87 . 95 10 6 98 75 9 . 26 20 
4 99 45 47 32 . . 3 89 . 24 18 53 . . 56 8 . 72 . 44 74 1 71 14 60 54 83 6 13 58 68 50 67 46 100 91 76 31 . 77 61 . 92 64 88 86 87 96 5 39 98 . 93 . . 52 . . 65 26 49 33 70 . 75 . 17 23 41 81 9 29 66 . . . 82 73 34 30 19 . 55 . . . 25 2 90 38 20 27 42 59 80 78 . 97 . 
. . 50 . . 10 72 96 . 71 8 79 . 97 18 9 55 . 34 45 4 24 87 95 19 . 5 14 89 30 40 53 . 57 3 . 33 62 6 61 . . 36 42 41 37 11 83 29 65 35 12 70 84 88 85 21 17 75 90 23 66 31 . . 47 26 . 86 78 51 25 . 91 2 . 60 81 16 . . . 92 . 93 80 73 . 15 27 39 38 68 . . 46 59 63 56 . 
80 14 72 96 . . 57 . 94 . 44 . . 61 65 . . 16 26 70 100 86 4 1 46 36 . 22 55 20 . 54 13 63 29 38 7 . 59 . 68 . 17 9 . 25 83 . . 21 98 73 . 91 6 2 . 40 52 41 85 50 93 31 35 . 23 78 42 19 60 . 10 47 30 15 84 . . 75 71 62 45 34 8 . 64 82 27 12 77 49 99 5 92 . 81 95 . 39 
26 . . 70 85 . 4 90 68 33 5 37 16 98 39 . 12 56 83 20 59 48 . 13 49 35 . 50 40 86 . . 22 51 34 89 . . . 63 54 77 . 8 . . 87 57 94 88 75 15 32 . 18 . 80 36 65 29 45 95 . . 71 67 76 . 7 . . 91 . 23 25 31 . 84 . 28 14 78 69 6 9 100 79 43 96 55 52 42 44 72 74 2 . 60 17 53 
. 11 83 3 89 . 99 . 52 87 91 92 58 . . 21 9 79 98 42 94 85 56 51 61 38 55 74 . . 78 31 88 . 35 . . 19 15 . 20 64 2 . 49 41 29 30 18 . . 100 57 27 86 5 96 48 63 . 10 . 25 . 66 59 54 36 . . 39 13 12 . 90 40 26 77 72 81 43 33 53 44 65 45 24 8 46 73 75 93 . . . . 16 71 28 . 
76 65 35 43 78 62 13 . . 59 22 75 61 66 . 36 84 . 63 . 74 . 28 48 52 4 49 100 97 . . . 18 16 27 47 . 95 96 70 . 93 91 72 37 . 85 . 12 67 24 19 . 87 . 6 94 25 80 71 . 73 5 57 39 . 7 40 . 83 11 44 9 98 26 14 . 31 90 77 46 . 81 64 29 23 1 38 . 53 . 34 58 . 15 . . 17 42 50 
56 . . 1 . 77 17 6 20 89 67 96 81 91 . 82 63 30 78 39 60 41 . 64 83 80 . 54 29 90 55 18 . 93 45 66 65 16 . . . 25 . 53 . 47 10 32 . 27 71 42 33 9 44 62 48 13 87 . 12 52 97 68 26 . . 95 51 . 59 79 . 58 35 2 . . 94 7 . 61 . . 28 57 . . 70 5 72 100 75 69 36 76 34 21 11 40 
36 28 2 32 7 44 31 8 5 . . 50 49 . 61 93 97 48 55 67 34 17 24 . 42 . . 16 . . 90 60 99 . 53 45 15 80 47 54 22 46 58 23 82 . 70 . 79 94 56 86 . . 38 65 19 . 4 64 37 91 . 30 . . 39 10 13 63 76 1 6 41 66 92 35 14 27 . . 59 87 . 3 51 26 . 9 . 29 . . 100 . 95 96 . 88 52 
. 57 89 . 48 61 . . . . 66 40 62 45 . 7 . 15 9 . . . 65 . . 86 75 76 21 . 33 42 64 54 52 20 37 . 1 43 10 14 31 81 35 87 . . 71 36 58 . 59 29 94 . . 90 . 19 67 13 51 17 60 82 . 69 27 96 80 . 49 24 97 . 41 72 56 47 5 . 38 18 26 8 92 32 85 6 34 44 4 95 88 84 98 73 50 68 
. 93 68 100 99 . 10 17 . 14 51 35 . . . 20 . . 44 31 . 40 90 22 . 67 66 . 2 . 9 39 57 . 81 84 58 65 . 83 89 91 . . 59 34 41 33 5 47 . 49 85 50 62 36 63 . 21 77 48 43 37 28 11 25 45 71 . 94 55 54 15 . 24 98 32 52 38 76 . 4 64 82 13 . 3 . 8 23 6 . 70 56 69 61 97 . 18 96 
82 100 59 65 . . . 79 3 56 54 12 91 15 70 78 . 38 . . . . 75 20 53 93 43 . 44 24 68 40 21 5 69 90 51 96 . 47 76 8 71 17 9 . . 55 60 18 62 39 77 6 48 83 81 67 16 88 . 64 23 26 72 61 58 . . 28 . 73 86 11 87 13 25 46 . . 49 2 . 94 . . . 97 33 14 30 32 . 31 95 . 41 80 . 29 
63 13 . 23 91 67 95 31 36 41 45 . . 62 . 50 98 26 77 . 25 52 51 93 86 14 . 11 69 42 . . 75 64 . 40 20 74 87 66 . . 90 100 79 28 44 10 . . 53 6 . 1 9 22 92 38 . 5 70 . 78 . 2 . 85 . 94 27 72 . 30 . 39 59 73 . 71 56 82 29 . . 24 37 18 . 99 96 17 89 15 61 21 88 76 34 8 35 
. 64 74 89 39 81 68 40 95 . 77 76 78 . 63 . 26 3 45 19 42 . . 46 91 13 44 97 65 98 94 86 . 35 . 21 34 . . 73 . 54 . . 14 85 80 79 69 . . . 56 25 12 30 1 9 22 55 . . 96 99 37 16 2 15 . 82 . 58 92 . 32 49 52 90 . 88 41 28 59 67 75 72 61 . 53 7 27 11 . 38 70 83 18 57 . 8 
68 . . . . . . 14 76 63 . 90 75 93 81 95 16 . . 88 89 49 21 39 45 9 . . 20 . 69 58 . 59 23 13 17 . . . 33 . 92 31 12 62 35 64 73 38 91 8 . . 24 . 25 . . 82 29 55 77 . 74 53 . 97 41 46 94 80 100 4 86 1 61 15 70 30 27 79 51 96 6 98 34 11 7 67 . 37 52 . 44 42 50 84 54 85 
89 80 34 45 . 22 12 51 19 28 84 14 44 . 98 . 35 5 93 . 63 . 67 69 31 76 37 29 36 15 85 64 3 10 40 . . 55 . 94 53 74 . 90 68 . 73 . 56 61 33 4 16 54 25 . . . 13 47 83 72 18 . 48 7 97 . 96 95 17 87 58 8 . 86 . 60 32 50 . 92 1 27 . . 100 . . . 11 30 42 70 6 24 43 . 46 23 
22 63 . 51 9 . 48 69 49 60 . . 55 . 100 . . 80 . . 19 30 . 7 18 70 65 84 54 40 20 29 89 72 8 . 50 . 36 . 74 66 37 . . 15 4 . 76 92 85 14 90 . 47 27 2 86 79 26 88 61 28 . 32 23 46 41 . 13 98 94 . 43 . 99 . . 68 5 17 53 16 42 35 44 57 . 93 1 96 97 91 . 10 38 3 67 12 24 
14 35 17 97 4 96 40 80 43 83 65 10 72 38 69 . 99 . 75 1 98 . . 8 92 . 73 . . 23 25 59 . . 24 19 85 53 100 58 2 62 . 52 93 22 54 71 11 20 26 . . . 49 21 18 3 . . 7 . 27 . . 86 . 12 44 84 9 47 61 16 76 78 81 30 . 6 91 . 79 56 . 68 94 89 63 42 5 87 . 33 37 . 48 . 15 88 
43 . . 54 70 39 . 50 29 57 99 4 80 58 . 23 32 . 14 . . 69 13 11 30 51 48 64 94 87 88 35 79 34 38 92 . . 52 68 59 27 15 85 16 72 22 . . 60 40 . 66 33 . 90 91 6 . 44 95 . . 19 . 93 . . . 100 25 63 . 42 81 10 78 96 28 8 . 12 41 17 73 97 74 . 98 77 46 . 53 . 5 55 83 37 82 84 
45 2 82 69 46 . . . 66 68 33 100 47 . 91 24 14 34 . 17 . 43 20 63 4 . . 73 74 5 65 84 . 90 93 22 56 58 16 79 . 30 49 99 . 98 15 97 81 . 51 26 9 11 19 64 41 71 1 80 . 29 62 21 . 92 95 42 59 37 . 27 52 . 54 48 7 . 18 61 94 36 77 72 87 . . 6 . 44 31 85 78 75 . . . . 38 3 
2 . . 95 . 21 91 86 30 . . . 63 19 23 . 22 28 84 81 79 89 39 6 . 29 32 80 48 10 71 17 61 41 77 . . 100 38 96 88 . 83 . 26 1 66 . 53 45 15 . 11 75 52 . 74 31 . 35 9 54 . 25 18 90 . . . 44 70 69 . 85 36 24 57 8 76 87 50 43 27 . 60 3 . 4 56 16 94 51 . 37 72 33 . 5 20 99 
62 87 43 25 . 24 . 95 . 72 23 54 . . 74 89 75 . . . . 34 88 79 39 . 41 . 92 . 30 71 49 29 . 53 13 . 77 69 36 51 65 44 . 6 61 5 55 82 . 96 97 42 . . 14 56 48 21 57 81 . 16 . 37 15 73 45 17 . 11 84 63 9 19 98 . 58 78 28 . 46 . 33 67 12 . 94 32 100 7 60 22 31 40 64 86 35 10 
23 22 32 94 2 78 . 28 65 79 21 41 39 63 13 35 1 7 . 6 . 97 44 57 95 59 64 38 . 8 . 82 77 49 55 61 . . 9 . . 58 5 40 52 17 48 46 34 . 3 . 15 . 92 . 43 87 . 70 68 76 . 29 85 66 88 . . 50 83 . 19 54 51 . 96 42 84 . 67 47 25 69 . 91 30 99 . 71 45 90 93 20 60 . 80 36 . . 
93 70 91 10 . . 36 48 13 40 . 3 . 26 50 . . . 65 57 47 60 . 33 87 15 14 72 . 29 84 . . 62 . . . 61 4 100 52 . 86 76 28 78 56 . 67 99 34 . 95 18 63 88 35 . 53 1 69 . . 20 45 54 79 59 68 90 41 92 74 73 . 39 9 97 44 12 6 85 49 . . . . 66 25 22 21 58 55 8 89 23 17 24 7 51 
. 18 88 90 14 38 87 1 25 42 100 46 20 92 53 33 . 93 69 55 51 62 . . 58 12 61 40 . 41 . 13 . 68 . 81 49 . 80 76 . 83 19 . 71 10 77 24 91 57 . 75 52 21 99 . 36 . 98 34 89 . . 59 15 84 17 . . 7 74 32 11 65 70 50 31 44 45 54 . 63 85 95 48 2 . 64 . . 35 . 5 . 26 . 39 78 86 4 
12 7 . 35 80 45 52 15 77 92 16 38 3 36 62 . . 23 . . 50 79 . . 94 . 13 78 86 . 1 11 40 82 95 46 84 34 . 93 . 70 8 43 47 83 . 18 88 . 76 10 91 99 60 55 30 54 100 . 98 68 53 96 28 58 6 67 71 . 73 2 97 . . 37 . 33 81 . . . 29 5 31 4 . 57 72 39 44 48 . . . 32 69 20 75 19 
20 23 53 . . . . 72 10 39 . 29 . 18 40 69 . 37 42 93 78 25 . 9 1 47 28 17 22 100 . 19 31 . 88 59 63 54 98 . 13 86 97 . 3 45 . . 43 . 68 41 58 90 89 15 . 91 12 81 24 . 35 32 . 95 . 44 2 . . 60 76 7 84 . 5 56 51 94 34 21 . 4 79 75 55 50 26 48 83 14 73 65 . 96 67 87 . 61 
78 8 61 79 56 54 59 . 42 96 69 5 11 22 41 13 80 6 47 43 64 72 2 65 100 . 31 . 66 93 51 97 67 36 44 30 . . . 45 50 84 29 71 . 24 76 . . 74 . . 26 57 3 75 58 . 7 62 92 . 52 73 17 . 70 4 21 . . 83 . . 85 23 86 . 88 . 38 94 90 15 10 55 . 39 . 40 37 . 9 19 68 48 . 91 . 49 
54 . . 82 57 9 62 21 100 . 94 . . 24 . 73 52 71 . 5 76 56 74 17 . 2 63 88 78 32 6 44 27 1 75 98 22 . 79 53 3 . 81 84 31 . 25 69 28 50 . 65 . 34 . 37 . . . 72 38 12 . 85 70 36 . 80 90 68 14 16 77 . . . . 4 . 20 40 87 67 11 51 47 23 48 13 83 . 43 18 96 99 . 49 97 41 42 
27 84 97 . . 66 . 18 . 43 98 82 . 12 59 . 87 73 91 37 85 39 99 29 71 . . . 58 76 62 . 42 26 17 88 . 1 70 . 45 34 52 60 86 . 16 22 51 . 81 69 100 31 30 40 61 93 . 11 78 . 67 . 6 56 8 24 48 80 46 57 41 68 20 . 92 64 35 63 55 . 19 . 32 15 14 72 . . 28 . 21 . 94 79 13 . 95 2 
31 55 46 . 61 6 23 59 . 62 . . 66 . 72 47 64 76 . 79 . . 14 . 74 43 100 95 . 17 44 24 . . . 9 10 86 35 91 69 90 88 22 81 . 78 60 38 39 18 53 63 80 65 . 8 16 45 57 2 89 36 3 13 . 98 . 11 54 . . . 25 73 30 33 93 . 99 15 . 97 40 7 . 96 27 29 75 19 67 92 . . 58 52 49 51 1 
70 10 8 . 55 71 . 42 . 97 17 69 46 . 93 45 . 9 . 24 99 87 22 16 29 41 53 12 26 38 47 52 76 23 15 60 68 48 27 . . . . 95 75 7 . 73 63 11 96 35 2 . . 91 34 62 77 . . 85 4 83 . 100 72 . 3 . 56 90 . 74 . . 49 25 57 51 44 . 80 37 . 59 32 67 82 19 . 36 79 . 14 39 89 30 64 78 
21 . 5 81 71 79 28 24 38 23 3 43 9 54 25 88 18 85 . 47 . . 62 30 . 65 86 . 96 . 76 92 7 44 87 39 59 36 . 77 95 48 34 27 . 69 . . . . 97 . 82 41 . 53 16 26 . 2 94 40 . 84 46 8 14 31 75 . 68 37 . 12 45 4 67 49 100 58 . . 72 57 . 83 70 63 . 10 13 78 20 15 1 60 11 . . 73 
64 17 85 . 97 76 . 55 2 . 74 98 100 75 . . 37 . 71 48 . . 43 12 72 96 40 1 . . . 21 19 81 . . 70 29 60 39 84 35 . . 92 26 59 7 . 4 65 63 49 16 95 68 . 18 86 9 . 33 14 69 52 78 87 94 . 5 . 23 27 30 82 . 79 83 46 44 . 8 11 45 56 41 36 . . 57 . 3 90 66 25 54 38 13 34 80 
69 . 54 17 27 37 73 . 74 100 68 84 4 . 10 39 29 43 . 97 77 23 95 32 . 48 22 60 3 83 98 . 33 53 78 8 75 99 56 . 90 40 67 61 . 30 . . . 28 11 . 14 . . 18 . 41 50 . . 96 86 1 7 19 . . 62 15 26 46 35 80 . 65 76 16 92 24 9 82 94 38 55 21 5 . 58 13 . 71 6 45 63 . 42 47 . . 
29 78 49 50 72 18 46 . . 95 38 19 . 79 33 . 34 45 15 8 27 58 . 53 56 90 4 87 . . 73 77 24 11 74 16 80 12 64 37 . 17 . 65 94 . . . 97 30 5 81 69 100 28 44 55 75 83 84 25 . . 54 20 85 . . . 52 67 . . 22 . 93 91 6 59 35 47 99 42 39 43 88 13 62 . 86 . 96 41 . 3 82 2 . 63 . 
. 50 96 . 21 1 22 . 17 98 48 60 57 73 . 61 62 89 70 25 15 92 12 31 79 81 . . 32 46 26 . . . 20 2 93 91 76 5 44 . 87 38 54 . . 6 86 95 84 82 67 94 51 9 45 . 55 . . 10 47 . 63 49 . . 40 88 90 . 14 . 41 64 72 23 . 74 4 69 13 36 34 . 58 19 68 43 16 18 35 80 27 . . 85 . 71 
. 59 . 99 20 14 35 76 . . . 16 12 . . 66 7 . 27 71 68 100 47 42 . 95 89 24 50 11 81 . . 96 41 . 78 9 53 33 63 15 30 . 38 92 . 28 44 51 . 91 88 58 69 19 70 22 17 . 13 79 65 56 23 97 . 75 82 8 85 55 . . . 43 . . 80 32 60 31 5 74 40 84 . 18 . 34 1 62 29 4 . 37 45 52 36 64 
. 82 100 . 29 2 30 . 98 . 6 88 . 9 51 15 41 . 64 10 96 70 58 49 48 5 12 79 38 . 39 56 34 . 50 . 74 92 75 . 57 95 68 . 90 42 43 93 32 . 77 . 89 46 54 28 4 . 84 17 21 45 . 40 55 73 1 86 67 . 22 53 . 14 63 . 99 85 33 . 36 11 8 23 62 . . 35 60 . . . 65 94 52 . 61 3 81 44 
73 . . 72 95 48 21 93 87 13 25 . . 51 8 80 82 . 11 18 31 26 78 . 9 . 79 . 28 68 63 62 41 83 12 96 57 52 86 35 37 81 76 45 43 53 39 89 90 . 66 . 7 74 . 58 . 29 24 36 55 . . 42 97 34 64 . . 33 4 . 98 . . . 85 65 49 27 56 10 40 . 67 54 . 61 50 84 88 23 . 16 . 15 5 32 59 . 
88 . 62 2 50 89 63 . . . . 31 68 85 . 77 48 . 59 . 41 90 9 23 69 . 21 71 76 19 87 57 32 80 79 1 94 7 55 95 15 5 27 . 58 . 51 . 84 34 . 29 65 13 16 . 40 73 . . 99 93 45 24 75 96 100 25 92 39 . . 18 . . 12 43 35 20 . 66 97 52 . 54 . 44 53 . 4 47 22 98 17 86 6 60 38 37 . 
. 72 12 87 75 28 82 . . . 35 71 13 95 45 14 27 68 . 29 48 78 50 55 8 37 . 57 53 94 86 89 25 . . 32 24 6 . . 43 . 47 58 . . . . . 91 30 22 17 26 7 . 15 . 76 52 93 20 40 2 19 . 11 81 97 . 5 34 38 . 69 96 62 41 85 31 . . 9 79 70 63 67 46 42 56 54 73 . 59 16 74 44 . 49 18 
11 98 76 77 . . . 87 83 29 . . 95 52 . 55 38 2 . 22 40 94 80 . 27 34 . 53 . . 3 96 66 71 42 28 . 35 . 48 . 75 62 26 45 . 100 23 39 9 41 79 72 . 56 . . . 10 89 5 19 60 58 59 20 . 90 32 43 92 14 99 82 46 . 13 86 91 93 85 6 . 81 63 49 65 12 4 25 24 31 50 1 64 68 . . . 33 
81 41 . . 24 70 11 64 99 . . 91 73 89 37 2 . . 36 . 88 84 . 27 17 . 90 32 45 22 59 . . 58 62 . 30 . . 1 31 57 . . 46 4 . 42 85 86 87 . . 66 82 . 78 55 5 12 51 25 38 33 100 . 19 54 72 6 47 65 93 76 56 63 34 94 96 39 . 35 15 . 95 9 . 7 74 80 60 . 8 83 18 16 23 77 71 97 
37 85 1 . 43 25 . 97 11 8 73 . 70 . 66 . 15 . 35 50 . 93 89 18 32 . 76 56 47 34 64 67 . . . . 79 . . 19 . . 84 41 4 . 33 95 . . 72 2 75 63 90 59 99 100 74 28 . 5 44 9 42 65 53 7 49 . 52 . 39 57 17 21 30 91 24 22 68 23 31 54 94 60 45 . 16 51 98 81 . 36 48 92 58 83 10 . 
10 20 47 . 35 51 75 73 . 18 . 59 5 . 54 . . 17 87 32 52 76 85 70 37 3 . 61 7 31 67 28 39 . 91 77 64 46 48 2 30 21 22 16 13 11 6 96 . 40 . 92 94 71 41 34 . 24 90 25 19 82 57 45 65 33 . . 81 97 . . 26 . . 38 12 69 60 79 . 9 98 . 84 . 8 86 43 . 89 . 49 23 93 . 53 . . 56 
99 51 87 4 . 58 14 . 71 . 39 . 15 76 . . 94 55 . . . 59 61 67 . 20 30 19 . 47 42 49 . 75 85 . 60 57 . . 46 68 10 79 21 65 63 12 . 93 . . . 73 22 23 38 28 43 66 31 41 95 13 44 27 18 11 91 . 48 96 78 86 16 88 . 32 40 17 24 7 . 97 2 77 56 34 37 45 50 35 64 74 . 3 62 . 1 89 
84 88 . 55 94 93 . . . 48 61 . 74 . 85 65 45 82 . 9 91 63 5 . . 39 96 68 41 6 75 47 95 2 . 24 69 81 54 64 . 73 . 98 8 71 67 4 78 . . 89 . 49 17 10 11 15 . 20 50 37 29 43 16 77 92 19 66 1 7 . . 99 28 42 23 . 83 14 90 . 62 70 97 . . 31 3 60 40 27 34 52 . . . 46 72 30 
. 33 . 31 18 23 25 75 73 20 . 49 41 . 22 60 30 10 1 90 21 . 66 . 81 91 . 44 9 . 35 88 72 86 56 . 96 37 65 15 79 100 51 . . 50 46 85 . 2 13 . . . 57 80 83 97 92 42 52 71 . . . 28 48 . . 11 . 6 45 39 58 . 59 . 98 62 69 14 26 68 77 87 16 24 76 . 32 17 63 . 29 12 8 27 3 67 
. 76 3 . 98 . 39 58 9 55 . 64 . 81 49 . 61 42 13 87 43 91 100 84 24 74 83 47 77 . 31 14 2 21 96 37 . . . . 48 60 63 29 . . 79 62 50 23 70 95 20 . 33 41 90 68 35 99 . 53 54 78 80 71 16 . 10 67 82 . 59 5 38 44 . 11 34 66 8 26 56 73 1 92 . . . 72 . 45 . 40 . 27 32 19 30 . 
. 49 . . . 82 90 78 33 53 64 95 88 39 . 25 . 27 67 . 14 42 98 35 . 73 16 . . . 80 . 74 9 60 . 92 69 44 . 75 . 85 50 62 91 45 34 100 7 19 56 41 96 . 4 54 57 71 10 3 65 . 48 22 . 94 51 61 . 6 70 79 . . 68 . 36 2 83 32 81 24 20 37 66 93 55 21 . 15 52 30 46 13 29 . 99 31 . 
74 45 7 . 31 . 78 60 22 . . 70 29 . 26 28 58 100 89 83 57 50 . 68 76 . . 63 30 . 41 46 73 97 67 64 18 17 . 59 14 10 4 39 33 90 69 49 92 77 38 37 55 . . 56 75 20 . 16 35 . 32 23 . 12 . 43 98 21 . . . 40 34 3 42 . . 84 81 54 . 93 25 11 86 9 1 88 48 13 85 79 . 5 . 66 . 47 
. 89 28 66 54 86 67 19 37 10 4 . 97 2 . 42 100 84 57 36 . 81 59 25 34 . . 51 85 . 38 65 . . 1 70 53 60 18 . 40 . 94 . 55 32 . 16 98 71 20 . 22 61 . 11 88 44 68 39 63 56 50 79 43 24 12 . 74 3 . 95 96 48 49 . 6 58 17 69 . 75 . 8 5 62 . 21 90 31 14 83 . . 46 52 26 9 47 . 
15 43 44 29 30 91 41 34 61 19 58 . . 59 . 79 56 . 81 66 28 7 . 14 13 55 1 . 23 35 . 85 60 24 4 80 16 78 . 46 11 42 69 67 48 20 40 82 77 17 . . 37 62 . 94 6 21 38 97 . 57 74 22 . 64 49 88 50 . 63 84 87 . . 25 100 70 36 . 39 . . 90 . 31 52 96 47 . . 92 . 93 73 . 99 . 68 76 
90 97 99 68 . . 24 66 . 12 78 11 98 . 4 . 49 22 73 46 55 3 18 . 60 40 84 85 . 26 36 . 9 . 14 65 32 89 . . 16 1 . 10 7 2 81 75 64 8 28 88 . 79 23 51 5 58 30 . 56 39 71 . 96 41 . 77 33 61 19 38 . 45 83 29 82 62 6 . 37 . 63 . 44 34 . . . 54 . 69 . 91 67 47 93 31 76 25 
46 . 23 . 37 30 34 44 62 6 42 22 79 7 16 67 60 . . 63 . . 71 80 90 94 . . 88 51 . 55 . . . 27 . 33 97 92 . 36 48 25 15 96 89 50 59 64 95 66 83 24 76 78 . . 41 86 8 2 17 . 21 70 31 82 93 53 18 . 68 19 72 9 29 47 . . 73 . 61 32 . 99 81 5 75 69 20 1 57 85 . . 28 . 87 26 
61 4 . 7 45 . 42 47 75 . 14 15 60 . 95 68 85 53 30 100 16 28 73 5 . 25 70 90 39 27 93 . 17 32 . . 23 67 37 13 . 41 82 74 72 31 2 40 1 84 . 44 . . 98 . 26 79 18 24 64 3 92 49 33 94 65 6 22 34 43 35 66 . 88 . 83 . 62 55 96 89 . 19 . . 91 52 20 81 80 8 71 . . . . 10 . . 
59 44 69 . 92 12 89 20 86 . . 99 90 60 5 . 2 62 31 52 61 . 54 . . . 68 41 56 91 100 83 53 3 . 94 28 21 . 97 . 4 . 57 . 48 . . 42 73 80 64 . 76 96 67 7 . 51 79 18 . 8 72 30 17 93 34 77 87 37 50 . 84 29 27 71 55 66 1 75 25 22 33 88 . 95 78 23 . 49 . . 82 . 98 6 . 14 36 
. 5 48 20 40 74 49 35 21 82 59 . 64 16 2 . 39 47 24 80 8 67 70 56 54 88 . 37 52 . 45 99 . 94 61 . 31 . 89 17 25 72 53 93 . . 92 3 41 . 44 . 42 . 97 . 69 76 62 . . 6 10 36 14 4 78 . 28 60 . 12 83 95 27 . 50 19 86 . 63 58 . 51 100 22 87 . . 33 . 26 84 9 66 . 75 18 32 98 
. . 27 . 25 60 92 33 . 88 29 42 . 99 97 75 96 54 53 . 5 . . 34 85 31 94 67 . 44 28 78 26 . 86 93 72 4 58 7 . 2 98 . 65 52 . 45 16 56 64 23 80 . 10 38 76 63 . 13 43 . 68 71 . . 20 62 84 47 . . 22 61 . 87 . 1 19 70 59 90 48 . 39 73 77 36 49 . . 74 17 81 51 30 100 50 24 55 
49 25 13 . 1 16 77 . 70 47 71 32 92 74 75 . 95 81 28 51 53 54 . . . . 9 7 60 63 . 12 85 50 36 . . 8 . 21 26 98 6 . 22 . 64 31 23 37 . 80 5 59 66 . . . 33 43 76 83 3 38 34 15 56 58 . . 10 78 88 20 . 55 11 67 82 29 87 48 96 . . 18 90 65 91 52 41 86 39 99 40 . . 93 19 . 
. 52 33 34 . 59 . 30 . 17 20 94 . 42 55 86 5 40 8 . 82 6 63 87 98 26 . 4 72 3 . . 44 60 73 23 77 14 11 89 96 78 7 56 32 67 68 1 . 79 . 85 61 81 29 . . 49 . . . 18 2 35 . 46 90 100 24 99 50 88 95 69 75 . . . . 36 . 74 84 10 15 25 21 13 48 . . . 43 54 39 64 70 58 53 22 
18 58 81 41 . . . 39 56 2 60 . 85 48 88 26 40 . 10 89 . 12 . 75 . 63 62 . 11 57 . 25 35 95 33 44 . . 24 42 1 52 43 91 84 46 9 14 17 32 . 61 19 72 4 87 86 70 . . . 100 . 27 . 45 . . 30 . 28 64 71 49 65 8 94 51 5 . 23 22 34 77 96 53 78 68 . 47 67 . 97 92 54 20 15 74 . 93 
. 24 15 22 38 73 51 74 78 4 27 . 69 67 . 59 . 57 82 28 72 45 . 41 65 98 56 46 64 14 89 93 96 . . 33 . 43 63 50 55 11 80 . . 16 18 26 . 44 25 94 . 20 13 60 . . 23 95 . 92 . 62 90 40 75 . 88 77 99 61 . 31 6 84 10 34 . 97 1 91 3 49 . . 9 100 . 85 . 2 19 53 58 17 . . 79 54 
66 60 67 19 . 15 64 . 44 85 76 47 33 . 28 41 . 69 62 95 6 38 32 74 . 27 51 21 80 45 14 16 4 . 100 11 3 77 . 71 49 22 13 46 . 73 58 29 . 75 31 68 50 . . 17 23 83 54 . 87 . 34 . 88 . . 30 35 9 . 5 . 36 78 . 37 . 63 . . 39 57 . . 94 97 42 81 98 . 82 12 89 90 86 1 56 96 65 
24 90 63 86 62 . . . 84 66 1 . 25 88 . 87 42 31 38 . . 19 26 . . . 36 48 4 65 . . 20 92 49 41 29 97 43 56 67 . 3 80 69 99 37 17 13 81 6 . 44 23 39 50 . 12 14 . 100 34 . 11 . 60 . 55 78 75 27 8 82 46 21 7 . 28 64 73 10 5 89 98 74 . 2 . 51 . 68 16 . 47 79 . 35 22 94 59 
34 38 70 88 60 53 26 83 . 27 55 13 . . 58 99 31 33 39 44 17 36 . 94 . 49 . 69 16 85 29 90 87 91 32 . 43 3 78 24 28 . . . . 9 . 68 54 . 61 74 73 . 40 8 77 59 66 . 71 1 . 86 82 10 81 76 14 . 23 67 80 . . . 63 . . 52 57 93 21 7 72 46 84 56 11 30 92 50 95 12 20 . 51 . 22 . 
53 66 37 59 44 35 5 . 67 86 41 74 94 96 43 98 10 8 46 14 13 73 69 92 3 . 72 18 93 78 . . 6 70 54 . 47 49 . . 60 28 11 55 40 38 19 . . 16 29 57 30 52 87 42 68 1 . 85 62 51 39 . 25 32 82 22 99 . 12 97 33 . 100 . 88 . . . 64 . . 63 50 . 83 91 79 58 26 . 31 . 24 . . . . 34 
33 74 52 49 11 19 76 . 97 93 43 45 21 32 24 46 69 96 . . 2 82 . . 50 54 . 8 5 . 91 80 62 88 . . 44 . 73 . 86 23 . 34 6 70 84 9 . . 14 20 28 56 31 . 67 64 27 40 75 . 13 37 87 . 68 3 29 12 79 59 90 1 22 60 . . 42 53 25 15 100 . 47 . 99 . 39 26 4 . 89 . 85 81 30 94 66 . 
51 . 6 73 . 42 69 . 12 26 53 89 1 46 77 62 50 14 40 . 58 . 34 . 36 64 45 . . 84 . 10 48 . . 57 . 11 22 20 . . 39 . 88 82 71 13 21 52 78 17 24 86 35 47 . 94 9 . 74 30 . 75 61 91 25 32 4 . 93 100 37 92 44 18 8 68 97 . 19 . . 31 80 33 54 . 67 . 66 . 16 98 87 90 63 29 43 . 
92 12 . 5 6 . 61 49 85 . 97 53 . 83 67 100 . 86 95 15 . . 52 . 73 17 20 26 91 59 99 . 47 89 2 10 19 64 29 30 78 . 32 63 25 . 62 70 4 13 21 40 46 . . 74 87 82 3 94 . 42 75 . . . 27 16 57 . 96 39 65 . 14 34 48 24 43 . 76 88 . 71 41 90 7 . 38 66 55 . 69 58 45 22 . 33 . . 
. 56 20 85 17 . 6 9 34 67 37 87 24 100 12 8 . 94 33 54 71 27 86 . . 10 77 39 90 16 49 1 97 . 66 . . . 28 80 41 65 21 59 60 . 75 . 74 3 4 . . 14 72 45 32 78 73 69 . . . 92 . 38 51 63 64 30 31 . . 13 50 . 19 53 15 . . 44 7 48 91 35 76 83 84 . 23 98 81 . . 93 57 88 58 95 
75 79 90 78 83 7 . 52 . 31 26 . 45 49 96 48 . 50 100 82 33 . 84 . 35 11 . 65 67 . 15 63 38 55 22 56 41 70 99 16 94 92 77 . 95 . . 98 8 69 32 . 6 30 . 57 59 80 . 27 97 . 12 51 54 89 66 72 43 36 . 86 53 2 42 73 28 . . 46 3 37 44 47 . . 10 . . 61 . 4 . 39 81 71 . 76 85 60 
7 1 40 58 77 55 65 25 4 51 47 67 . 41 52 22 54 20 21 60 90 . 42 . 38 . 35 9 98 39 . 79 . 6 76 87 48 5 33 23 8 . 14 3 80 29 27 84 15 96 . 43 81 . . 69 73 66 19 37 . 28 72 10 49 . 34 70 . 26 . 71 . 56 64 53 . 63 13 . 93 83 78 88 . . 68 95 18 . . 12 . 50 97 62 . 59 16 . 
41 . 22 14 26 . 81 . 55 5 82 . 42 50 46 96 93 97 86 76 95 53 83 91 63 68 25 . 37 12 16 98 100 19 80 54 39 66 2 . . 18 . 11 73 23 1 58 40 . . 30 21 . 77 99 . 92 . . 60 69 48 8 31 . 4 74 . 79 33 . 67 29 94 20 56 59 78 3 . 32 . 24 36 13 15 28 61 . . . 38 35 . 65 7 . . 6 
. . . 24 59 17 . . 18 . 90 83 77 55 1 94 23 4 2 35 38 99 8 . 40 46 93 . . 79 13 . 36 . 65 . . 39 32 60 42 82 9 12 67 43 30 . 89 87 . . 68 7 . 49 47 74 28 50 . 44 15 63 91 26 84 56 . 51 58 81 5 71 . . 70 88 41 19 . 72 37 . 53 95 69 29 6 76 73 80 96 78 61 57 10 . 98 . 
42 96 29 9 100 80 . 62 . 32 81 7 26 23 68 19 . 66 52 21 . 33 64 77 15 97 60 . . . 11 73 30 65 . 31 . 87 49 18 . 12 35 88 57 44 34 8 75 10 63 16 93 . 59 25 53 27 78 . 54 . 76 94 56 43 83 14 95 85 . . 3 . 47 61 74 . . 4 . 38 . 86 . 24 . . 41 50 69 39 51 2 . 36 . 6 13 46 
9 . 65 84 51 . . 82 47 54 12 86 . . 29 44 89 . 49 96 36 . 46 98 23 22 81 28 . 61 2 32 91 . . 62 76 93 92 99 70 31 16 . 20 14 . 27 66 41 83 24 . 60 37 39 3 34 . . 33 35 43 50 69 68 . 52 15 57 97 . 64 88 18 85 . . . 25 72 73 55 . 19 10 48 71 . 21 . 63 7 90 . 59 79 100 74 94 
. . 24 74 34 63 88 65 . 90 70 . 37 5 . . . . 94 49 . 61 . . 77 58 8 99 62 66 . 4 68 . 25 48 98 40 72 82 29 . 44 . 83 12 . 43 . 42 2 13 86 28 91 20 . 50 96 38 41 15 16 . . . . 87 . 71 78 85 31 75 55 56 39 79 . 23 92 67 73 35 . 32 17 45 19 11 22 60 3 26 33 51 27 64 9 69 
6 40 31 39 68 . 38 5 . 34 28 55 67 70 84 52 . 19 97 7 62 . 91 86 20 69 2 92 1 48 43 . 78 25 16 49 11 . 90 75 85 24 46 . 96 54 60 94 22 . . 58 79 . 74 73 57 23 . 15 30 17 80 12 . . 50 47 . 81 . 72 . 18 99 45 27 66 89 . . . . 65 4 . 88 44 71 . 53 59 . . 56 63 . 26 77 9 
60 27 94 62 . 4 98 85 . 73 95 26 . 1 80 54 . 25 96 64 22 . 15 38 21 56 29 77 . 72 . 74 84 48 5 43 81 . . 88 . 69 . 28 42 58 20 . 9 55 90 76 . 2 . 3 44 . 67 68 49 97 63 . . . 40 83 19 . 57 . 8 100 12 71 65 75 93 33 53 30 . . 23 70 82 79 78 . 91 46 86 24 . 66 47 51 . 11 
17 61 41 . 87 97 94 92 54 . 52 39 . 8 . 83 74 . 58 . . 2 31 73 51 19 . . 15 62 57 34 90 7 48 . . . 13 55 47 . 64 70 36 68 . . . 29 93 60 45 . . 86 82 85 40 . 46 . 99 6 24 9 69 50 . 22 35 77 81 38 11 67 16 78 1 100 65 98 20 21 18 27 66 . 95 . 84 79 72 . 30 25 33 4 89 43 
58 . 4 64 53 85 29 56 81 7 . . 22 . 99 90 59 39 23 78 26 37 . 10 . 28 87 20 63 21 . 51 52 8 . 18 25 50 68 3 98 . 74 54 89 . 96 88 46 70 . . . 97 55 66 . 43 49 61 14 38 79 67 84 . 9 35 . 69 . 76 . 94 . . 45 2 11 57 95 86 . 91 30 40 42 60 . 92 . . 24 . 62 100 36 1 73 41 
. . . 13 76 94 84 54 23 99 . 44 . 6 42 . 20 70 . 4 49 14 48 19 . 66 98 33 . 60 46 . 58 77 92 51 5 79 . 22 . . 59 . 34 100 50 63 . 26 74 71 1 17 32 96 . 61 15 53 40 11 91 . 9 81 73 68 47 62 75 89 . . 3 83 . 39 10 . 31 . 93 87 12 38 . 41 35 . 90 21 . 29 8 67 85 69 78 7 

Search Limit crossed? True

Solutions: 0
WallTime: 30088ms
Failures: 263076
Branches: 525737 

Total Test Running Time:
 Wall Time:	00:01:30.2269585 
 Milliseconds:	90226 
 Ticks:		309798232 
