
DIMENSION: 16 
Problem:
. . 2 14 . 5 7 6 16 4 . . 1 . . . 
15 . 3 . . 11 13 . . . . . 4 5 2 9 
. . 4 10 . 14 . . . 8 5 . 7 . 6 15 
7 . 1 4 . . . 14 9 . 11 6 . . 12 . 
6 4 11 7 . 13 . . . . 14 . 5 15 . . 
. 5 . . 6 . . 13 8 . . 15 14 . 16 7 
. . . . 7 12 3 2 . 9 13 . . 6 . 14 
. 9 13 . . . . 4 . 15 7 12 6 3 . . 
. 2 12 13 11 9 5 . . 1 . . 8 . . . 
3 . . . . 2 4 . 7 13 9 . 12 . . . 
. 6 . 9 15 7 . . . 12 . . . 4 1 11 
. . . 3 12 16 . 10 11 . 15 5 . 7 . . 
1 13 . . . 6 8 . 14 . . 10 . . 4 12 
10 16 14 . 4 . . . . 7 6 . . 11 . 13 
2 7 . . . . 6 11 1 . . 16 . 14 13 4 
8 . 16 6 14 . 9 . 5 . 4 13 . . . . 

Solution #1  
9 3 2 14 8 5 7 6 16 4 12 11 1 13 15 10 
15 1 3 8 10 11 13 12 6 14 16 7 4 5 2 9 
11 12 4 10 1 14 2 3 13 8 5 9 7 16 6 15 
7 10 1 4 13 3 15 14 9 2 11 6 16 8 12 5 
6 4 11 7 2 13 16 9 12 10 14 3 5 15 8 1 
12 5 9 11 6 4 10 13 8 3 1 15 14 2 16 7 
5 8 10 16 7 12 3 2 4 9 13 1 15 6 11 14 
14 9 13 2 16 1 11 4 10 15 7 12 6 3 5 8 
16 2 12 13 11 9 5 7 15 1 3 4 8 10 14 6 
3 11 6 15 5 2 4 8 7 13 9 14 12 1 10 16 
13 6 5 9 15 7 14 16 3 12 8 2 10 4 1 11 
4 14 8 3 12 16 1 10 11 6 15 5 13 7 9 2 
1 13 7 5 3 6 8 15 14 16 2 10 11 9 4 12 
10 16 14 1 4 15 12 5 2 7 6 8 9 11 3 13 
2 7 15 12 9 8 6 11 1 5 10 16 3 14 13 4 
8 15 16 6 14 10 9 1 5 11 4 13 2 12 7 3 

Search Limit crossed? True

Solutions: 1
WallTime: 3098ms
Failures: 98346
Branches: 196674 

DIMENSION: 17 
Problem:
. . 9 1 10 . 7 8 . . . 3 . . 6 13 17 
. 3 8 . 7 . . . 9 . 12 6 13 . 11 . . 
. 13 . 3 . . 6 11 10 16 . . 17 . . 4 . 
10 12 . 7 3 4 13 . 8 . . 5 . . . . . 
3 . 4 5 1 . . 14 . . . 16 . 6 13 . 7 
. . . . . 13 1 10 . 14 7 12 . 11 . 16 . 
9 . 10 . . 17 12 6 . . . . 4 15 5 . 2 
16 7 6 . 9 8 . 15 . . 13 . . 5 . . 12 
17 16 15 . 2 10 . . . 8 . . . 9 . 11 5 
. 6 7 10 . 11 16 . . 17 9 . 5 4 . . . 
7 . 3 . . . 11 4 . 2 8 . . 10 1 15 . 
. 1 . . . . 3 5 15 12 . . 6 17 . 10 13 
. . . 14 . 2 . . 7 13 4 17 10 . 3 6 . 
. 11 . 16 6 3 . . 17 . 1 4 9 . 2 . . 
. . 1 . 11 6 . . 14 5 2 8 . . . . 16 
6 4 . . 15 . 8 2 . . . 7 . . 9 14 . 
4 . . 6 . . . . 2 7 16 . 12 . . 1 . 

Solution #1  
2 5 9 1 10 12 7 8 4 11 14 3 15 16 6 13 17 
1 3 8 2 7 5 10 16 9 15 12 6 13 14 11 17 4 
5 13 12 3 8 1 6 11 10 16 15 2 17 7 14 4 9 
10 12 11 7 3 4 13 1 8 6 17 5 14 2 16 9 15 
3 17 4 5 1 15 2 14 12 9 10 16 11 6 13 8 7 
15 2 5 9 4 13 1 10 6 14 7 12 8 11 17 16 3 
9 14 10 8 13 17 12 6 16 1 3 11 4 15 5 7 2 
16 7 6 17 9 8 14 15 11 4 13 1 2 5 10 3 12 
17 16 15 13 2 10 4 12 1 8 6 14 3 9 7 11 5 
8 6 7 10 14 11 16 13 3 17 9 15 5 4 12 2 1 
7 9 3 12 17 14 11 4 5 2 8 13 16 10 1 15 6 
14 1 2 4 16 7 3 5 15 12 11 9 6 17 8 10 13 
11 15 16 14 12 2 5 9 7 13 4 17 10 1 3 6 8 
12 11 13 16 6 3 15 7 17 10 1 4 9 8 2 5 14 
13 10 1 15 11 6 9 17 14 5 2 8 7 3 4 12 16 
6 4 17 11 15 16 8 2 13 3 5 7 1 12 9 14 10 
4 8 14 6 5 9 17 3 2 7 16 10 12 13 15 1 11 

Search Limit crossed? True

Solutions: 1
WallTime: 817ms
Failures: 18129
Branches: 36240 

DIMENSION: 18 
Problem:
6 9 7 17 15 . 11 . 10 . 2 . . 5 1 . . . 
. . . 11 . 17 . 15 9 12 . 10 . 13 . 6 5 . 
5 . 18 . 10 . 3 9 . . . 11 12 . 2 . 8 . 
. 1 . 4 12 14 6 . . . 17 3 . . . 13 . 5 
. . 2 6 11 3 . 18 16 . . . . . 7 10 15 . 
7 . . 15 . . 14 . . 5 . . 17 10 . 11 18 . 
14 13 12 . 6 8 16 5 . . 15 . . 7 . . . 11 
1 11 13 14 . . . . . 10 . 6 7 . . 8 . . 
. . 9 5 . . 10 17 13 . . . 15 8 6 . . 3 
. . . 10 . 4 . 8 . 3 . . 9 1 5 14 . 16 
8 10 . . . 6 . . 1 17 . . 11 18 . . . 9 
10 18 . . 14 13 . . 5 . . 9 6 . 17 12 . 15 
15 . 3 1 . . 18 . 8 2 6 . . . . 9 12 . 
17 2 . 12 . . 9 1 . 14 16 15 8 . . . . . 
. 12 . 9 . 5 2 14 . . . . . 16 8 . 1 7 
. . 17 8 . . . . 15 9 13 16 18 . 11 3 . . 
12 8 . . 3 11 . . 18 15 9 1 . . . . 13 . 
3 . 15 13 4 9 . 6 . . 10 . . 11 12 . . . 

Solution #1  
6 9 7 17 15 12 11 3 10 4 2 8 13 5 1 16 14 18 
2 3 1 11 7 17 4 15 9 12 8 10 16 13 18 6 5 14 
5 4 18 7 10 1 3 9 6 16 14 11 12 15 2 17 8 13 
11 1 8 4 12 14 6 2 7 18 17 3 10 9 15 13 16 5 
9 14 2 6 11 3 8 18 16 13 1 5 4 12 7 10 15 17 
7 6 16 15 8 2 14 12 4 5 3 13 17 10 9 11 18 1 
14 13 12 18 6 8 16 5 3 1 15 17 2 7 10 4 9 11 
1 11 13 14 9 15 5 4 2 10 18 6 7 3 16 8 17 12 
16 7 9 5 2 18 10 17 13 11 12 14 15 8 6 1 4 3 
18 15 6 10 17 4 13 8 12 3 7 2 9 1 5 14 11 16 
8 10 4 2 16 6 15 13 1 17 5 12 11 18 14 7 3 9 
10 18 11 3 14 13 1 16 5 8 4 9 6 2 17 12 7 15 
15 17 3 1 5 16 18 11 8 2 6 7 14 4 13 9 12 10 
17 2 5 12 13 7 9 1 11 14 16 15 8 6 3 18 10 4 
13 12 10 9 18 5 2 14 17 6 11 4 3 16 8 15 1 7 
4 5 17 8 1 10 12 7 15 9 13 16 18 14 11 3 6 2 
12 8 14 16 3 11 7 10 18 15 9 1 5 17 4 2 13 6 
3 16 15 13 4 9 17 6 14 7 10 18 1 11 12 5 2 8 

Search Limit crossed? True

Solutions: 1
WallTime: 3891ms
Failures: 117299
Branches: 234563 

DIMENSION: 19 
Problem:
. . 1 3 19 . 6 . . 10 . 9 5 2 14 . 11 . . 
11 3 2 . . 14 . . 18 . 9 . 16 12 15 . . . 19 
. . 6 . . . 10 18 2 . 17 8 19 . . 14 12 9 . 
. 17 . . . 13 . 19 8 6 16 11 3 . 18 . . 4 . 
1 . . . 7 . 2 . . 13 10 . . . 16 3 17 15 6 
. . 18 . 1 12 13 . 14 . 19 . . . 9 . 15 6 11 
. . 4 17 . . . 13 . . . 2 . 18 11 1 16 . . 
9 14 . 12 11 . . 5 . . 4 16 15 . 10 . . 17 . 
. . 19 . . 7 . 4 15 . 6 . 17 14 . 9 5 . . 
. 1 . 19 18 . 14 . . . 12 4 . 3 5 . . . 10 
. 11 9 18 . . . 8 3 12 . . . 17 . 10 . 13 . 
14 . 8 1 . . 17 . 7 16 . . 12 . . 19 . 2 18 
. 13 . . 8 9 . . 17 19 . . 10 . . 5 . 3 4 
12 7 . 8 14 . 9 . . . . 17 . 19 . . 13 . 16 
16 . . 6 . 2 18 17 . 9 . . . . 19 8 7 . . 
19 . . 9 4 5 . . . . 1 18 . 10 . 6 . 11 2 
18 9 . 2 . . . 1 4 14 . . 13 . . 15 6 . . 
10 19 . . . 18 3 11 9 . . 12 . 15 . . . 16 17 
8 . 10 . . . . 9 . 1 14 6 . . 7 . 18 12 5 

Solution #1  
4 8 1 3 19 15 6 7 16 10 13 9 5 2 14 17 11 18 12 
11 3 2 4 5 14 1 6 18 17 9 7 16 12 15 13 8 10 19 
3 4 6 5 13 11 10 18 2 7 17 8 19 16 1 14 12 9 15 
2 17 5 7 9 13 15 19 8 6 16 11 3 1 18 12 10 4 14 
1 18 11 14 7 4 2 12 5 13 10 19 8 9 16 3 17 15 6 
17 2 18 10 1 12 13 3 14 8 19 5 4 7 9 16 15 6 11 
6 12 4 17 15 19 5 13 10 3 8 2 14 18 11 1 16 7 9 
9 14 3 12 11 8 7 5 13 2 4 16 15 6 10 18 19 17 1 
13 10 19 11 2 7 16 4 15 18 6 3 17 14 12 9 5 1 8 
15 1 13 19 18 17 14 16 6 11 12 4 9 3 5 7 2 8 10 
5 11 9 18 16 1 19 8 3 12 15 14 6 17 2 10 4 13 7 
14 6 8 1 3 10 17 15 7 16 11 13 12 5 4 19 9 2 18 
7 13 16 15 8 9 12 2 17 19 18 1 10 11 6 5 14 3 4 
12 7 15 8 14 6 9 10 1 4 2 17 18 19 3 11 13 5 16 
16 5 12 6 10 2 18 17 11 9 3 15 1 4 19 8 7 14 13 
19 16 17 9 4 5 8 14 12 15 1 18 7 10 13 6 3 11 2 
18 9 7 2 12 16 11 1 4 14 5 10 13 8 17 15 6 19 3 
10 19 14 13 6 18 3 11 9 5 7 12 2 15 8 4 1 16 17 
8 15 10 16 17 3 4 9 19 1 14 6 11 13 7 2 18 12 5 

Search Limit crossed? True

Solutions: 1
WallTime: 326ms
Failures: 6584
Branches: 13135 

DIMENSION: 20 
Problem:
5 11 . . . . . 15 6 1 . . 3 9 . 14 . . . 18 
. 13 5 12 10 . . . . . . 15 19 20 . . 8 . 14 7 
. 9 . 8 12 . . 4 . 10 18 . 1 16 . . . 3 . 2 
15 . 18 11 . 1 . . . 13 . 16 2 . . 10 7 . . 17 
14 . 1 . . 2 . . 11 4 19 . . . 16 20 9 18 . . 
9 . . 18 8 12 . . 10 . 4 . . 14 5 . . . 6 19 
8 . . 13 19 11 . 9 . 12 15 10 . . . . . 2 20 . 
. 5 4 . 7 20 2 8 . . . 12 . . . 11 . . 19 9 
11 18 17 4 . . 6 16 1 19 . . . . 2 . . . . 15 
. . 6 20 . 15 . . 18 . . 19 4 . 11 8 3 . . 12 
. . . . 11 . 18 5 . 14 12 9 . 6 . . 13 . 7 10 
. 4 14 16 20 . 19 . . . 8 . . 7 13 . . 17 . 6 
. 19 9 . . 6 4 . . . . 14 . 2 . 1 10 . 13 16 
12 14 . 5 9 . . . . 11 7 2 . 1 . . 16 . 18 . 
17 . . 10 15 . 11 12 13 . . . 9 5 . . . 4 . 20 
4 . 10 . . . 14 6 . . 2 . 5 . . 3 1 13 17 . 
. . 15 . 6 18 1 11 7 . . 8 . . 4 . . 12 9 . 
. 17 . . . . 12 14 . 16 3 4 13 . 1 9 5 . 10 . 
. . . . . 10 16 . . 8 17 . 14 . 20 12 18 1 . 5 
2 10 . 14 . . . . 17 . . 11 7 12 19 13 . 6 . . 

Search Limit crossed? True

Solutions: 0
WallTime: 30002ms
Failures: 705856
Branches: 1411671 

Total Test Running Time:
 Wall Time:	00:00:38.1643051 
 Milliseconds:	38164 
 Ticks:		131038821 
