
DIMENSION: 15 
Problem:
8 10 13 . 5 3 2 6 4 11 14 . . 7 15 
10 . . 12 2 . 11 15 7 6 13 4 1 . 14 
. . 10 1 13 12 . 9 6 14 2 7 11 15 4 
. 14 15 4 . . 3 10 5 7 9 12 . 11 13 
13 11 . 3 6 5 . 12 10 15 . 8 . . 1 
4 . 9 10 1 7 5 13 11 8 6 . 15 14 . 
2 15 3 7 . 6 14 . 12 . 1 11 . . 10 
7 1 14 11 10 4 13 3 8 . . 15 9 . 2 
9 4 . 8 7 15 12 1 . . 3 13 10 5 6 
12 9 6 13 3 . 15 . 2 1 . 5 7 4 8 
. 7 5 2 . 8 6 11 1 . 4 3 13 10 12 
. 6 12 . 4 14 1 8 . 3 10 9 5 . 7 
1 8 7 . 14 11 9 2 . 13 15 10 4 12 . 
3 13 1 5 . 2 . 4 15 . . 14 . 8 9 
15 2 4 14 . . 10 7 9 5 8 . 3 . . 

Solution #1  
8 10 13 9 5 3 2 6 4 11 14 1 12 7 15 
10 5 8 12 2 9 11 15 7 6 13 4 1 3 14 
5 3 10 1 13 12 8 9 6 14 2 7 11 15 4 
6 14 15 4 8 1 3 10 5 7 9 12 2 11 13 
13 11 2 3 6 5 4 12 10 15 7 8 14 9 1 
4 12 9 10 1 7 5 13 11 8 6 2 15 14 3 
2 15 3 7 9 6 14 5 12 4 1 11 8 13 10 
7 1 14 11 10 4 13 3 8 12 5 15 9 6 2 
9 4 11 8 7 15 12 1 14 2 3 13 10 5 6 
12 9 6 13 3 10 15 14 2 1 11 5 7 4 8 
14 7 5 2 15 8 6 11 1 9 4 3 13 10 12 
11 6 12 15 4 14 1 8 13 3 10 9 5 2 7 
1 8 7 6 14 11 9 2 3 13 15 10 4 12 5 
3 13 1 5 11 2 7 4 15 10 12 14 6 8 9 
15 2 4 14 12 13 10 7 9 5 8 6 3 1 11 

Search Limit crossed? False

Solutions: 1
WallTime: 18ms
Failures: 0
Branches: 0 

DIMENSION: 20 
Problem:
16 1 . 3 18 15 . 17 12 10 4 5 9 6 . 8 20 . . 7 
7 11 12 4 . . . 5 1 . 14 . 10 20 15 9 2 18 8 13 
. . 13 10 6 17 20 19 16 8 7 2 . 9 . 15 . 1 12 11 
12 16 17 20 4 19 3 . . . 5 . 8 14 2 6 10 15 18 . 
5 15 . . 13 2 7 10 . 4 1 12 17 18 3 16 6 . 14 . 
. 10 . 13 . 20 9 3 8 11 2 4 16 . 6 17 . 12 19 1 
8 9 4 19 14 16 6 . 3 17 12 15 11 2 10 . . . . 5 
1 18 . 11 20 9 2 4 . . 17 3 14 12 7 . . 19 15 8 
10 . 19 . 2 . 13 9 17 15 20 11 . 1 . 14 16 8 5 3 
. 14 5 . 1 11 4 . 9 18 . 13 15 19 12 7 17 . 16 6 
15 . 10 18 . . 8 . 4 14 19 20 6 7 9 1 12 16 . 2 
11 2 18 12 . 3 5 . . 1 6 16 . 8 13 19 9 7 10 . 
9 . 1 14 15 4 17 12 10 6 . 8 5 . 20 . 11 2 7 . 
. 6 9 . 11 18 . 14 15 . . 10 1 4 16 13 3 20 2 17 
13 17 3 16 . 1 . 7 19 20 . . . 10 11 12 8 6 4 15 
17 13 7 . 12 14 15 8 6 19 . . 20 11 . 4 18 9 . 16 
3 8 14 17 16 10 18 13 7 2 9 . . . . 11 19 5 20 . 
. . 20 15 8 5 . 16 2 12 11 14 . . 17 18 4 3 9 10 
4 12 . 1 9 7 10 20 . . 16 19 13 . 8 . 15 17 6 14 
2 20 16 7 10 . 19 6 13 9 15 18 3 17 14 . . . . 12 

Solution #1  
16 1 2 3 18 15 11 17 12 10 4 5 9 6 19 8 20 14 13 7 
7 11 12 4 19 6 16 5 1 3 14 17 10 20 15 9 2 18 8 13 
14 3 13 10 6 17 20 19 16 8 7 2 18 9 4 15 5 1 12 11 
12 16 17 20 4 19 3 1 11 13 5 7 8 14 2 6 10 15 18 9 
5 15 8 9 13 2 7 10 20 4 1 12 17 18 3 16 6 11 14 19 
18 10 15 13 7 20 9 3 8 11 2 4 16 5 6 17 14 12 19 1 
8 9 4 19 14 16 6 18 3 17 12 15 11 2 10 20 7 13 1 5 
1 18 6 11 20 9 2 4 5 16 17 3 14 12 7 10 13 19 15 8 
10 4 19 6 2 12 13 9 17 15 20 11 7 1 18 14 16 8 5 3 
20 14 5 8 1 11 4 2 9 18 3 13 15 19 12 7 17 10 16 6 
15 5 10 18 3 13 8 11 4 14 19 20 6 7 9 1 12 16 17 2 
11 2 18 12 17 3 5 15 14 1 6 16 4 8 13 19 9 7 10 20 
9 19 1 14 15 4 17 12 10 6 13 8 5 16 20 3 11 2 7 18 
19 6 9 5 11 18 12 14 15 7 8 10 1 4 16 13 3 20 2 17 
13 17 3 16 5 1 14 7 19 20 18 9 2 10 11 12 8 6 4 15 
17 13 7 2 12 14 15 8 6 19 10 1 20 11 5 4 18 9 3 16 
3 8 14 17 16 10 18 13 7 2 9 6 12 15 1 11 19 5 20 4 
6 7 20 15 8 5 1 16 2 12 11 14 19 13 17 18 4 3 9 10 
4 12 11 1 9 7 10 20 18 5 16 19 13 3 8 2 15 17 6 14 
2 20 16 7 10 8 19 6 13 9 15 18 3 17 14 5 1 4 11 12 

Search Limit crossed? False

Solutions: 1
WallTime: 7ms
Failures: 0
Branches: 0 

DIMENSION: 50 
Problem:
8 33 17 7 35 11 34 . 40 . 26 . 43 . 25 28 . 2 14 19 29 47 . 45 49 36 . 15 9 39 42 22 . 5 27 . 23 50 12 . 41 18 . 32 20 10 31 4 38 . 
46 22 . 15 38 . 44 42 . 43 . 37 34 32 . . 4 . 26 31 6 17 13 18 7 47 21 5 14 25 27 11 2 28 . . 8 . . 10 19 39 40 . 49 24 . 36 1 3 
. 36 11 23 18 39 47 10 . . 41 . 35 . 34 17 31 50 13 . 7 22 . 32 . 48 . 27 49 . 46 . 29 30 1 21 26 16 15 38 20 . 8 9 19 37 2 45 12 44 
19 . 20 . 12 17 23 41 31 44 30 40 9 . 6 . 38 35 45 8 . . . 29 . 1 13 . 10 . 11 50 24 49 47 27 3 25 21 42 5 48 43 39 36 33 . . 26 . 
. 42 16 6 . 36 43 18 10 . . 22 49 33 50 35 . 12 27 15 4 9 . 2 30 24 39 . 3 32 17 44 25 . . 1 21 29 40 8 . . . 13 11 20 7 . 37 31 
32 . 39 18 20 26 . 36 . . . . 38 17 . . 9 45 49 16 41 24 31 1 15 14 . 33 4 40 37 . 21 42 44 6 . . 13 12 30 47 27 43 8 7 . 3 11 10 
41 6 22 . 29 . 12 40 50 48 13 23 5 42 30 33 . . 17 11 . . 4 44 14 . 27 28 46 . 10 38 7 20 49 16 35 3 25 24 . 19 1 26 2 21 . . . . 
28 40 43 35 31 50 . 32 . 4 22 41 . 27 18 47 33 . 29 . 26 37 39 42 24 3 . 2 48 . 5 14 13 . . 49 1 20 44 . . . 10 6 . 23 38 . 19 16 
. . . 24 22 16 14 43 6 17 . 4 . 34 31 20 8 21 19 13 49 . 40 . 12 7 5 3 41 46 15 . . 45 18 2 . 39 11 33 . 25 32 . 47 48 50 37 30 35 
. 14 5 . . 6 39 3 . 40 38 7 16 29 42 43 27 11 . 1 32 46 15 21 . . 44 . . 41 12 28 8 47 20 37 . 30 24 18 49 17 45 35 48 . . 26 . 13 
. 11 50 2 1 24 46 . 29 30 27 39 47 43 22 . . 26 . 21 9 19 37 7 32 31 . 36 12 5 34 33 . . 38 42 45 . . . 16 23 3 17 . 8 25 6 20 48 
36 16 32 13 . 31 33 25 47 6 3 35 29 44 41 23 19 10 . 30 8 1 45 . . 42 2 . 18 28 . . 27 38 24 . . 34 17 37 40 . 14 . . 43 5 . 4 15 
. . 3 14 . 25 . 24 9 15 . 48 36 13 4 7 . 6 41 33 . 23 27 . . 49 50 38 8 42 19 16 . 10 12 30 . . 46 . 2 21 44 47 35 1 18 . 34 40 
34 . . 48 32 13 . 6 37 7 . . 30 47 26 39 35 17 46 18 40 3 2 . 8 19 16 . . 23 49 21 . 41 43 20 33 . 5 . 15 38 . 28 42 14 44 . 24 . 
. 50 36 21 . 9 38 23 18 . 2 . 41 . 7 42 49 22 24 . 11 40 29 13 . 15 4 . 34 . . 32 20 35 14 . 30 6 10 45 43 8 . 16 31 28 1 17 46 12 
1 29 46 19 21 4 6 . 43 22 31 . . 24 33 . 5 25 . 27 48 49 12 20 17 28 40 . 36 37 . 18 14 . 11 9 39 . . . . 50 16 44 7 47 41 15 2 26 
7 . . 1 . 18 17 39 20 10 19 33 6 37 15 12 . 32 42 . 2 44 8 34 22 . 28 46 . . 41 . 48 43 21 4 24 31 3 14 36 40 38 25 16 . . 27 49 . 
40 . 25 . . 38 8 35 5 18 11 15 24 22 32 48 42 . 44 9 . 33 . 39 47 . 14 1 20 . 16 37 46 12 41 17 . 19 36 . 50 . 31 23 29 49 30 21 . 2 
14 34 49 12 23 . 4 . 2 . 20 . 46 31 . 8 . 43 11 . 21 18 . 10 26 9 1 7 40 30 25 13 32 29 . 19 27 33 50 44 6 15 41 . 24 22 . 42 . 39 
. . 7 34 16 5 15 20 . . 10 2 31 36 3 27 . . 1 24 30 . . 23 25 26 . . 28 44 21 29 . . 35 22 47 32 45 50 13 41 6 . 18 11 33 8 42 46 
. 8 31 30 14 . 20 45 15 24 21 . . 1 11 50 34 44 . 2 23 . 18 41 19 32 7 13 5 49 . 43 10 36 . 12 . 37 38 27 . 4 33 46 26 25 6 39 . . 
6 15 44 45 43 48 28 17 27 29 16 42 3 . 24 . 32 18 37 . . 7 46 30 35 4 . 34 21 2 . . 11 31 25 39 19 47 . 36 14 . 13 . 38 9 26 23 . . 
35 24 28 . 40 44 . . . 2 25 . 20 7 9 16 . 15 34 . 5 21 . 46 48 . 42 45 . . 18 6 17 27 37 14 29 13 47 19 39 36 4 . 41 . 49 22 33 1 
29 3 24 28 27 . 21 37 17 . . 44 39 12 14 22 . . 7 5 13 34 43 25 36 18 49 11 50 . 8 40 31 . 45 32 10 . 2 6 47 16 46 42 . . . 35 . 41 
12 . 10 . 17 37 . 7 35 20 36 45 50 4 . . 3 19 38 14 18 . 1 49 . . 48 31 . 21 . . 30 6 2 23 40 43 28 34 . 33 24 41 9 27 16 44 5 25 
42 25 . 33 48 15 50 5 . 26 46 24 14 3 . 30 1 20 . . 28 45 11 47 34 8 32 44 17 16 22 . 23 37 . . 6 . 43 2 29 31 . 49 4 40 . . 18 9 
50 4 . 9 37 32 31 28 25 . . . 17 35 . 46 2 24 . 20 . 39 42 5 27 44 19 12 . 47 40 8 34 48 22 18 36 . 23 3 11 49 . 10 . 45 43 . . 21 
38 48 40 16 13 34 18 33 1 23 4 19 12 . 20 10 17 28 5 7 22 42 6 14 9 41 37 8 25 . . 35 . 24 . . . . 39 30 45 3 . 27 21 . 32 . . 49 
. 49 1 . 24 3 . 50 . . 18 8 44 39 45 2 16 36 21 10 35 13 30 . 11 . 23 47 . 38 33 46 12 34 19 . 22 7 . . 32 6 . 29 . 15 . 28 48 43 
. 28 27 29 . 7 41 . 49 21 33 . 32 9 40 13 6 . 25 34 14 36 10 19 1 . . 24 2 31 4 23 47 . 30 15 37 42 35 . 44 . . 45 17 26 22 5 50 . 
31 . 8 . 34 . 30 12 . 50 . 43 . 20 29 45 22 13 2 23 42 41 16 36 . 5 9 . 24 14 28 . . 17 32 . 44 35 33 25 4 7 39 . 3 46 37 1 40 . 
44 2 33 . 4 10 19 . . 34 45 27 . 41 . . 28 . 50 . 47 . 25 24 31 6 43 14 39 18 48 9 . 15 8 11 5 17 22 . 37 30 42 7 13 35 . 40 16 32 
18 5 12 27 28 14 . 47 23 8 24 49 . . 38 . 15 . 39 . 20 6 34 . 13 . 31 32 43 4 44 3 9 2 33 36 46 48 41 . 10 . . 19 . 17 45 16 25 11 
39 41 34 . . . 25 46 . 37 35 . . 5 19 . 40 38 47 4 43 . 22 . 42 . 24 16 6 27 3 30 49 . 17 . 48 2 31 1 . 13 23 14 28 44 36 20 32 33 
30 20 19 46 . . 40 . 13 9 43 18 21 48 . . 26 . 28 . 12 . 35 6 45 25 33 50 . . 31 17 39 7 42 34 15 8 16 49 . 1 36 2 32 3 4 47 . 14 
24 32 . 42 . 49 3 34 12 31 23 25 11 . 2 . 44 . 16 47 . 4 17 . 21 . 20 43 15 48 6 . 40 50 46 10 18 36 9 39 . 29 5 33 14 . 27 30 45 . 
23 . . 47 7 22 . 21 33 . 37 1 8 6 43 32 . . 48 42 . 10 44 17 4 20 36 9 . 34 38 49 45 11 3 28 . 18 19 40 . 26 50 15 . 5 14 46 . 27 
45 21 37 . 47 12 13 . 39 11 . 46 4 . 44 19 7 23 32 17 . . . 15 2 35 . 29 26 . . 41 33 14 6 25 42 40 . 22 31 5 18 . 27 . 24 50 10 20 
11 39 14 40 33 . 45 15 32 5 12 28 . 23 . 31 18 41 20 29 44 . . 48 . 38 35 . . 43 13 34 42 22 50 . 4 1 37 47 . 27 . 24 30 36 . 7 6 17 
. 19 15 43 36 8 9 4 44 47 . 21 . 38 37 34 50 48 33 . 25 . 24 27 41 . . . 30 12 1 31 28 32 . 46 . 49 . 29 . 42 20 18 . 39 13 2 35 45 
2 44 . 5 . 46 . 11 4 . 39 36 27 26 8 37 20 14 . 41 50 31 28 16 . 12 34 49 32 . . 1 22 . . 45 17 21 48 23 25 . 47 . 43 30 42 13 . 7 
13 45 48 39 15 28 37 . 42 14 . 5 . 49 47 9 . 31 12 40 27 16 50 4 . . . . 7 10 23 20 43 19 36 3 25 . 32 35 22 . . . 33 . 34 41 8 6 
43 1 18 25 42 2 . 44 3 39 8 . . 21 . 38 11 4 . 32 15 26 49 35 . . 12 20 . 50 14 . . 13 28 . 31 22 27 16 34 . 9 37 46 41 47 33 17 29 
15 35 . 26 10 . . 27 41 36 44 11 13 8 16 14 39 49 31 6 . 30 . 28 50 34 . 23 38 . 29 47 37 3 48 33 2 45 . 43 1 32 7 12 . . 17 . 21 . 
3 7 . . 45 42 16 26 . 32 49 12 19 11 5 24 . 46 8 28 36 27 . 40 33 43 30 37 . 1 . . . . 29 35 14 9 6 15 17 44 34 21 . . 39 48 31 . 
. 30 29 17 49 23 24 . 26 28 14 9 2 . . 5 36 40 . 45 . 38 21 8 20 33 11 6 1 22 . 12 . . 31 43 13 27 . 41 42 . 48 50 44 32 . 25 47 34 
27 . 23 3 2 41 22 49 8 38 9 26 33 . 21 44 37 5 6 36 39 . 20 . . 17 45 30 47 11 50 7 . 25 . 29 . . . . . 14 19 40 1 16 46 12 13 24 
21 17 . . 30 . 11 . 16 35 34 13 . . . . 29 47 43 39 . 25 7 . 44 2 10 42 37 20 36 19 6 1 9 50 41 24 8 5 33 46 15 4 22 12 . . 23 28 
. . 21 11 50 30 49 1 48 12 42 17 22 . 28 6 13 8 . 44 34 15 36 . 46 23 29 40 27 35 . . 16 18 39 41 . 4 26 20 9 . . 31 45 . 10 14 . 5 
26 43 2 44 8 . . 14 36 . 40 20 37 45 12 49 46 27 . . 19 50 33 . 18 30 47 39 23 17 . 4 41 . 13 31 32 . 29 11 28 22 25 . . . 21 24 3 38 

Search Limit crossed? True

Solutions: 0
WallTime: 30022ms
Failures: 195968
Branches: 391917 

DIMENSION: 75 
Problem:
16 . 54 53 28 68 66 20 . . 69 67 . 5 63 59 . . 24 . 48 55 . 52 39 7 41 . 73 . 26 31 25 11 34 64 29 2 14 . 8 42 30 3 61 . 6 1 12 71 . . . 56 21 60 23 15 35 51 . 75 . 38 19 47 58 43 . 18 44 27 62 70 . 
6 43 4 70 47 . . 30 50 . 28 13 52 . 42 74 11 . 49 33 72 27 67 14 56 31 51 16 . . 40 2 . 29 53 32 17 . 58 38 . 64 5 . 3 41 . 24 9 65 21 . 59 12 44 . 1 . 55 22 61 46 20 18 . 45 7 35 62 . 75 . . 8 68 
. . 6 73 . 61 1 14 65 41 38 5 66 60 . . 71 2 . 43 . 33 16 . 64 50 . 54 57 51 . 72 . 32 35 22 10 59 34 . 53 . 18 23 63 . 3 . 39 27 . . 58 40 68 17 62 21 . 8 42 13 31 30 45 56 . 25 . 46 52 37 4 26 47 
54 30 65 18 33 12 39 . 19 69 27 . . 32 55 72 9 . . 64 29 10 3 53 43 75 . 73 . 50 . 67 45 26 . . . 38 15 48 13 . . 70 40 28 11 63 66 14 . 6 71 . 24 . 35 46 7 37 58 8 34 . 22 49 . 60 31 . 42 2 20 51 17 
8 . 72 . 43 75 27 15 21 5 40 20 17 . . . . 24 . . 26 . 22 . . 28 70 2 65 55 10 58 9 46 25 42 74 62 61 59 1 49 7 . . 52 41 13 . . 51 68 . 39 4 . 11 48 29 12 37 47 . 3 14 38 33 73 . 63 . 45 32 64 56 
2 62 . . 20 65 . 37 . 55 31 48 36 6 25 . 33 67 59 39 54 9 46 58 40 10 . 35 30 42 74 51 38 . 4 16 . 71 . 22 70 41 49 63 60 34 . . 11 23 . 7 . . 19 21 15 69 13 57 66 64 5 26 . . . 1 . 27 18 8 72 50 53 
64 . 22 7 21 29 65 47 . 11 57 70 55 41 27 . 62 30 37 36 59 66 . 9 . . 68 34 32 31 . . 43 42 8 . 45 49 6 . . 16 56 10 50 15 14 . 5 72 . 18 20 71 23 . 67 58 4 26 17 54 . . 52 . 39 51 24 48 46 33 75 . 69 
55 42 67 64 36 19 25 8 72 21 . 46 27 . 17 3 . . 61 . . 62 28 45 24 . . . 41 . 4 15 34 66 . 13 . . . 50 7 5 40 29 52 47 26 59 . 37 33 . 39 . 35 53 12 6 49 20 56 70 . 75 44 58 57 11 69 43 68 48 54 18 38 
5 51 33 . 39 . 67 56 57 61 9 . 20 . . 50 15 19 . . . 70 63 . 3 52 64 75 42 74 45 16 6 1 28 53 . 14 . 60 2 . 4 66 . 7 73 41 . 46 68 10 23 54 26 . 37 25 . 58 . . 49 . 18 44 . 29 21 31 13 55 43 22 30 
72 64 . 30 . 46 31 51 16 28 4 . . 53 2 9 67 18 6 . 1 54 45 42 . 34 60 39 43 12 . 56 59 71 . 44 23 . . 47 57 . . 50 58 . . 5 . . 73 65 11 17 14 . 75 37 25 . 15 68 27 7 36 35 . 32 33 70 20 22 . 49 8 
14 19 43 37 57 17 . . . 23 . 7 . 1 . 53 3 5 10 51 . 60 72 74 75 21 44 . 35 49 . 27 62 65 . . 61 . 73 12 59 34 . 40 70 67 8 6 58 42 11 . 29 46 9 68 45 30 . 54 20 69 63 36 38 22 25 39 50 . 33 47 13 . . 
48 47 68 39 17 10 29 23 . 57 . 32 3 66 45 43 . 28 53 9 27 . 37 . 42 16 . 65 . 63 38 . . 5 24 . . 21 22 34 62 . 15 51 1 61 . 2 72 36 31 70 40 13 . 4 41 59 19 46 52 25 74 14 50 . . . 12 . 6 49 58 11 73 
46 59 15 . 31 40 22 58 63 64 48 . 35 72 47 . . 26 30 . 6 14 36 11 . . 43 . 44 60 32 55 73 13 3 69 . 4 . 70 54 21 53 38 . . 34 16 1 . 37 24 . 67 61 25 . 17 12 9 . 33 . 8 42 2 18 20 . 39 28 7 . 62 49 
. . . . 71 28 . 17 48 58 45 44 10 . 34 32 . 47 62 . 35 30 5 54 6 . 15 . 64 38 37 68 22 36 75 3 67 13 40 29 65 57 21 1 . . 46 70 31 18 52 33 53 50 . . . 66 . 61 24 59 16 27 25 . 73 . 60 72 . 26 63 . 14 
39 61 52 . 29 63 8 . 28 25 . . 72 65 57 10 60 3 . 26 . 32 58 6 74 . 11 20 . 18 35 . 51 16 56 5 54 . 50 . 34 . 31 48 75 40 22 64 4 7 70 . 9 19 41 47 . 12 14 . . . 46 15 . 36 21 37 2 . 17 66 59 43 67 
37 32 . . 25 64 . 40 70 4 53 73 71 . 31 13 66 23 . 42 7 21 11 . 9 . . 48 . . 19 . . . . 6 16 43 . 74 35 65 2 18 33 30 63 . 59 56 47 34 27 5 46 29 20 . 28 . 12 14 44 1 69 15 17 50 38 . 45 52 8 60 58 
20 21 40 6 53 . . 42 2 50 25 . 22 33 11 5 68 . 12 34 45 37 24 . 55 73 74 59 27 . . 19 . 15 38 72 39 . 41 56 69 58 . 61 62 46 47 44 70 52 60 3 49 8 17 . . 28 43 . . 4 . 29 1 10 . 30 66 54 . . 26 48 . 
23 58 42 65 16 20 37 29 . 75 1 47 64 . 8 22 45 13 . 2 44 . . . . 48 67 46 59 . 12 17 15 43 6 39 57 50 . . 10 . 73 . 74 51 61 . . 9 36 52 26 69 . 33 5 . . 3 53 19 70 . 55 30 56 63 . 24 . 32 18 21 25 
68 9 16 22 . . 58 34 26 . 41 30 28 . 13 . 7 70 48 . 63 . 51 32 . 37 8 36 74 . 3 1 18 12 46 21 . 72 43 20 . 39 . . 4 75 . 19 17 73 45 . 25 61 . 57 55 62 . 69 33 29 67 64 56 53 . 66 54 2 10 38 . 42 60 
18 10 . 15 . 38 59 60 52 39 21 55 54 . 7 . . 64 . 31 58 . . 29 68 . 6 62 75 33 . 46 42 14 . 11 30 . 12 . . 20 . 25 26 8 37 48 47 4 67 . 22 24 16 32 73 61 63 53 41 9 56 2 . 27 35 49 . 69 1 3 51 57 43 
34 35 26 1 . 66 . 21 6 45 13 . 15 10 68 25 . 42 52 71 8 . 56 24 53 . 27 11 12 9 14 . 20 . 48 . 63 . 2 . 75 32 33 . 22 . 70 58 37 . . 60 64 18 40 19 3 55 31 17 . . 23 51 43 73 . 57 46 44 65 59 30 38 61 
. 38 11 17 48 . 55 49 5 . . 15 75 2 . 73 23 31 35 69 . 64 74 . 21 18 63 44 33 70 68 57 36 34 37 19 52 65 46 41 . 30 . 9 43 10 51 32 61 12 42 25 . 47 . 28 7 . 67 16 26 3 . 13 . 6 . 72 39 40 22 . 29 . . 
. 71 17 16 56 62 4 63 18 2 74 54 23 . 21 69 1 . 25 45 36 . 42 34 7 9 39 70 5 10 . . . 3 49 66 40 75 11 24 33 44 55 65 15 . 53 26 67 . . 43 . 60 48 . 46 . 51 . . 37 . 32 . 29 31 61 72 . 35 30 . 73 64 
. . 48 63 . 35 . 43 56 7 . 22 . 37 18 44 30 32 39 38 . . . 33 57 23 4 47 17 11 62 42 . 19 26 49 . 55 59 21 61 70 54 14 51 29 68 45 . 53 50 75 3 . 28 10 13 31 . 34 74 15 40 71 . . 24 . 58 8 5 69 . 41 2 
58 24 9 26 62 . . 35 39 10 75 56 69 74 41 21 12 44 33 6 64 67 . 31 23 3 . . . 59 17 4 . 30 27 37 22 7 52 13 18 55 25 73 . . . 43 . . 16 53 46 70 29 66 . 1 68 28 51 . 19 45 15 . 38 5 61 71 . . 11 72 . 
9 56 7 . 12 53 . . . 17 . 10 74 23 48 68 24 60 8 . . . . . . 65 16 6 38 39 33 43 35 54 18 14 21 27 75 66 31 67 72 41 . 57 32 49 15 70 26 . . 25 52 30 . . 20 73 44 . . 19 37 62 40 3 63 42 50 . 36 71 59 
. . 58 33 . 54 6 . . . 12 . 25 57 35 71 . 14 17 30 52 29 . 41 51 . 31 9 70 46 42 . 10 69 39 45 53 36 7 19 . 8 64 67 44 32 . 47 60 13 23 27 56 . 55 . 18 34 37 . 2 73 . 59 63 3 22 38 . 74 4 50 . 1 20 
1 . 37 19 42 43 45 . . 38 20 3 . . . 75 32 . 63 22 74 71 9 7 13 47 . 53 4 24 6 66 55 . 73 . 59 60 29 64 30 . . 57 25 . . 14 52 61 41 8 72 10 12 65 . 67 33 48 35 5 26 . 39 31 34 58 17 . . 40 69 27 15 
27 4 . 75 60 5 34 16 68 33 . 6 . 3 24 . 39 8 . 46 32 31 35 43 65 . 14 55 25 2 9 62 70 38 23 7 . 28 . 72 . 12 59 56 18 . . 37 . 10 19 48 1 44 58 . 66 47 40 . 11 71 17 52 . 57 . 21 . 73 26 74 64 53 . 
71 74 36 10 . 44 13 66 73 43 . 1 32 47 . 16 18 34 42 70 56 . . 25 29 67 45 17 11 3 . 64 . . . 52 72 46 69 57 50 48 20 7 8 49 30 . . 33 . 63 28 9 . 55 . 23 75 40 . . 21 39 . . 62 26 22 59 60 . 14 . 31 
73 1 25 50 . 13 . 71 51 72 8 11 . 45 . 38 54 53 56 17 69 58 70 57 32 . 47 49 34 . . 7 21 37 14 . 62 16 65 5 . . 10 44 . 4 75 42 48 . . 9 36 . 33 35 63 39 61 . 43 74 12 . 26 52 59 31 18 6 . 19 67 . 22 
45 33 57 . 27 7 11 10 47 31 44 . 56 62 75 . 51 50 . 21 . . . 26 37 61 38 30 46 . . 9 3 67 32 29 64 53 17 1 23 36 52 55 71 63 42 . 8 15 49 . 43 16 2 72 . . 5 . 14 . 48 60 6 39 13 . 73 . 19 65 66 54 . 
53 63 23 55 65 . 35 25 54 26 18 12 47 17 . 30 38 39 11 48 5 49 40 16 . . 21 . 15 . . . 8 10 . 1 75 29 45 52 3 56 . 20 46 37 4 73 2 41 . 44 . 31 66 58 28 . 64 50 67 51 57 43 9 32 . 70 . 61 . . 68 . . 
. 34 61 3 23 . 9 . 46 29 66 . . 13 19 . 48 54 31 12 . 65 73 15 22 32 69 45 63 41 44 10 . 50 . 58 49 42 . . 47 51 43 . 35 . 2 25 38 57 53 64 14 6 11 16 . . 39 . 27 . 62 70 17 71 28 40 1 4 24 20 . 75 37 
63 . 50 71 6 . 21 . 38 . 59 45 43 67 . 49 5 65 64 23 47 56 12 1 72 33 29 15 36 27 11 . . . . 8 73 3 32 28 . 46 61 2 53 70 20 62 75 . 55 . 37 57 . 7 69 26 10 42 . 60 66 25 . . 9 18 . 52 . 24 39 13 41 
13 . . 21 . 60 73 70 . 46 50 27 26 52 72 8 . 16 58 47 57 5 . 10 18 54 24 25 49 45 75 65 44 22 66 . . 56 23 67 68 . 42 . . 59 . 38 30 17 . 32 74 37 . 63 6 3 53 . 39 55 . . 64 . 19 62 . 14 71 . 28 69 11 
. 73 55 48 10 8 62 39 17 . 61 . 13 36 16 67 46 . 15 . 31 53 2 72 69 70 33 27 . 58 . 52 26 . . 54 . . . 37 . . . 4 42 11 38 60 19 3 1 29 51 63 59 6 74 24 . 21 28 . 45 . 57 14 5 44 71 20 34 25 9 56 . 
. . . 9 64 73 72 44 . 18 5 8 40 43 46 35 4 17 . . 33 12 21 39 . 59 . 31 16 . 2 24 . 6 30 . 3 70 . 51 . 13 36 22 69 . . 34 . 63 29 41 67 7 71 20 10 68 11 19 62 27 1 55 54 48 60 45 52 25 37 . 47 74 . 
. 65 31 5 66 70 10 48 32 . 62 64 . 59 54 17 . 9 75 72 . 42 30 . . 20 73 74 58 53 22 37 2 . . . 71 44 38 18 . 15 41 . 34 13 19 11 . 45 3 . . . 50 27 26 29 57 . 63 21 43 24 61 69 68 55 4 . 67 60 52 14 . 
. 26 . 31 51 41 . . 23 3 . 65 38 25 50 2 56 . . 20 22 . 47 8 48 68 9 67 69 1 59 29 14 . 42 34 55 17 63 . 64 74 . . 73 . 16 7 33 11 39 61 24 . 37 54 30 4 . 49 60 66 36 40 32 13 44 . . 57 . 18 27 45 35 
44 50 . 4 . 57 16 . 25 54 . . 34 11 29 64 53 7 1 . 23 3 33 37 . 22 40 61 52 36 21 71 41 55 13 . 42 6 . 69 27 62 . . 28 17 10 75 14 . 20 30 66 59 . 46 . 8 . 31 . 63 . 68 12 5 70 . 51 35 . . 74 9 24 
36 75 34 60 26 27 14 31 37 15 19 33 21 44 . 28 58 73 20 . . . 29 . 25 6 35 57 13 67 30 49 . 45 1 2 47 . . 32 . . . 43 66 42 . 51 24 . . 71 8 64 3 69 61 63 9 72 70 7 54 . . . 53 48 68 . 11 56 12 23 5 
. 66 60 . 74 31 70 50 . 44 46 . 67 29 4 24 . 69 22 41 75 43 32 36 52 57 30 . . 23 13 38 . 27 . 47 68 19 9 61 71 26 45 . 37 . 33 72 18 8 63 . . . 1 14 49 . 6 39 73 17 25 . . 59 65 . 11 3 15 . . . 48 
42 . 10 . . 3 32 24 66 16 43 17 9 19 1 . 37 . 65 8 . 52 61 56 . 58 . 69 21 35 53 . 75 . 2 62 20 . . 27 . 73 34 60 39 . 48 4 25 . 30 31 54 . 63 15 51 33 44 68 . 18 59 74 5 28 29 . 49 22 47 57 . 7 70 
32 25 3 41 9 . . 46 69 73 68 19 4 56 39 36 52 . 2 . 38 72 60 40 63 24 58 . 55 37 43 . 71 . 20 17 26 47 44 11 49 1 . 59 57 . . 21 . 28 . . 75 48 . 23 29 13 . 14 10 34 6 . 65 7 . 12 5 15 . 64 35 16 27 
35 54 49 27 . 2 50 4 . . 22 39 44 69 . 41 21 45 67 . 17 15 . 47 16 13 19 42 . 75 36 20 . 59 . . 38 25 18 53 . 6 . 30 31 64 43 65 7 . 9 72 . 51 . 62 68 71 26 23 57 . . 12 . 63 8 46 55 . 56 11 70 5 29 
4 2 . 42 . . 28 . 7 70 . . . . . 15 29 49 . . 12 44 68 62 20 . 52 71 61 6 51 . 69 57 63 27 48 37 25 40 56 18 3 24 72 . 31 8 10 64 . 5 32 55 67 73 39 54 . 65 47 . 30 22 33 34 . 75 43 36 . 1 21 59 50 
. 49 70 20 55 . . 6 44 71 . . 2 22 9 . 72 . 36 74 50 57 8 61 . 42 . . 29 26 58 39 . . 41 . . 54 28 14 51 47 60 62 24 33 40 53 . 68 38 45 18 . 56 31 48 52 69 . . 10 11 34 4 67 16 7 30 17 27 13 1 37 19 
65 13 . 24 8 58 18 11 22 48 6 . 50 4 15 . 27 . 9 49 51 45 57 . 47 17 1 68 14 19 41 54 67 . 74 71 . . 21 44 . 59 35 . 2 25 . 28 26 34 5 . 38 33 42 . . . 3 63 30 72 . 69 40 37 . . 10 32 . 46 . 55 39 
47 67 51 . 59 33 71 . 24 30 26 41 49 7 44 18 43 48 . 58 16 38 52 . . 63 . 3 . . 56 61 1 . 12 20 14 35 . 8 74 37 46 . . 73 27 . 62 . 2 11 15 22 54 . 57 50 21 13 25 23 28 17 10 42 72 . 34 . 36 4 5 65 . 
50 . 8 29 73 18 23 67 59 . 63 25 1 49 . 11 44 43 14 75 3 26 39 13 . 72 61 . 24 . 34 35 68 48 51 33 . 5 30 42 20 60 9 45 . 38 . 52 . 19 74 22 16 53 70 . 58 64 . . 71 . 7 57 . 55 46 47 6 . . 17 2 40 . 
30 17 . . 70 . 64 73 8 22 33 42 60 24 . 6 28 . 74 14 65 . 43 . . 26 56 52 48 72 31 . 63 21 19 38 27 12 1 39 58 29 51 . 45 18 . . 44 62 54 4 55 . 13 . 40 . 32 35 34 67 53 9 47 66 37 15 41 5 . . 50 3 . 
. 22 . . . 34 . 74 36 8 . 68 45 48 59 66 16 33 69 10 11 7 . 2 44 29 55 64 60 20 49 63 27 72 61 57 46 . 4 30 6 . 32 53 47 12 56 17 13 . 75 . . 42 18 40 . 9 73 25 19 50 41 . . 23 . 71 28 . 39 . 37 52 3 
69 55 20 13 . 52 61 9 . . . 60 . 8 . 58 17 74 3 63 10 . 41 . 14 45 42 . 6 47 . 50 40 44 70 30 . 51 31 . 48 . 39 12 59 54 5 71 . 1 18 38 73 . 32 24 . . 66 7 46 62 68 11 . 21 2 . 27 16 25 28 56 . 33 
10 41 32 56 61 50 . 3 30 40 . 18 39 20 . 4 . 1 57 . 21 16 65 51 28 74 . 43 . . 71 47 . 9 72 75 . 24 13 . 73 63 29 27 . 19 . 36 46 . 59 37 68 . . 70 34 . 22 55 . 48 . 67 53 33 26 8 35 38 62 12 44 58 66 
52 14 . . 30 . 41 32 . . 56 31 8 61 62 48 47 6 5 27 37 18 . . 33 46 50 28 . 73 67 36 29 . 58 . . . 26 16 38 75 . 54 20 1 57 68 63 44 43 . 19 . 65 . 64 . . 4 49 53 13 23 71 40 66 59 7 60 70 21 25 17 9 
. 8 . . 37 56 48 59 13 6 . 63 24 46 26 33 65 27 . 1 70 2 23 . 45 14 75 50 . 22 52 41 74 18 . 25 44 32 67 73 29 . 11 . . 58 72 54 36 . 64 62 60 . 43 38 . 5 30 71 9 . 69 4 66 . 47 10 42 . . 35 61 68 12 
17 28 . 59 69 . 20 65 67 1 36 51 6 73 43 47 . 37 66 5 34 40 75 27 30 . . 19 72 21 . 53 52 . 45 56 25 . 3 54 22 14 48 26 10 . . . 57 55 . 16 . 29 . 41 70 18 50 24 7 . . 35 62 . 64 2 32 9 63 39 60 . . 
. . 18 45 . . . 33 . 49 2 69 . 31 3 52 34 . 60 . 73 51 7 65 67 . 54 72 26 . 64 40 39 4 43 24 13 11 42 46 . 28 50 15 68 . 74 . 29 5 . 66 . 36 6 9 . 20 62 10 38 16 32 63 23 19 27 41 8 47 58 61 . 25 . 
59 . 74 61 72 71 36 5 40 52 35 37 14 63 23 51 . 58 . . . 20 18 . 73 . 26 38 . 7 39 . 11 60 9 4 19 67 . . 28 22 75 69 . 21 50 10 . 6 25 2 48 . . 45 54 44 47 . . 49 64 33 8 65 41 68 16 13 55 42 57 . 46 
67 20 19 58 50 4 26 52 . 74 47 49 . 18 69 . 73 . . 29 2 22 38 35 36 66 37 13 . 71 . 32 . 56 54 . 65 . 10 43 14 . 27 28 . 6 7 3 40 21 8 42 41 11 45 34 . 75 16 64 5 39 . 48 60 1 30 . 59 12 23 44 . . . 
3 40 66 52 32 . 42 2 20 . 73 14 62 26 . 7 41 71 51 67 . 61 49 18 . 30 28 60 . 16 . 59 24 39 69 35 70 . . 58 . 11 63 75 13 . 29 . 22 50 . 46 . 21 . 37 . 65 72 43 . 1 8 6 74 64 54 . 45 34 12 68 33 . 55 
51 5 30 . 58 72 44 54 12 60 3 . . 55 33 27 42 35 73 57 19 63 . 20 1 36 7 41 37 . 18 45 23 17 16 70 8 26 39 31 32 52 38 . . . . . 49 25 6 47 . 2 62 74 9 11 46 . 21 61 22 . . . 75 28 67 64 14 . . 10 . 
61 18 . 38 68 26 47 69 43 56 34 66 19 58 . . 20 4 46 16 62 48 6 30 . 41 . 33 1 25 . 73 13 24 50 . 37 9 . . 17 71 8 . 29 39 12 35 55 . 72 14 . . . 2 31 49 59 32 45 . 52 . 67 . . 42 23 65 40 53 . 63 28 
70 3 12 25 49 59 40 61 35 66 72 50 . 38 52 . 75 . 41 . 28 73 31 . 10 56 . . . 5 27 . 47 68 7 43 18 1 57 . 11 53 74 71 67 26 44 9 64 2 48 58 21 62 39 42 22 . . . 69 24 . 37 13 54 14 . 29 . 32 . 65 . 36 
49 . . 14 3 . 63 1 27 37 10 . 29 30 61 46 . 38 7 56 66 . . 48 62 44 18 . . 8 73 74 65 20 . 41 24 33 5 . 9 . 6 . 19 69 64 . . 32 34 12 47 58 25 22 53 36 60 75 23 2 55 . 31 17 50 13 . 11 57 16 . 4 26 
12 45 . 44 22 55 69 26 1 9 65 . 51 28 5 . 8 25 27 18 67 36 . 46 15 53 72 58 . . 50 23 19 . 33 10 . 57 54 4 66 43 70 13 . 35 21 30 . 60 . 17 34 75 . . 42 38 56 41 16 6 39 47 . . 32 24 . 29 59 62 49 . . 
. . 56 . 40 39 30 . 41 . 58 38 37 64 70 63 26 . 50 28 42 34 19 5 61 25 . . 68 13 . . 31 52 36 9 60 45 . 35 21 66 67 46 . 43 65 18 69 . 15 23 . 20 27 71 14 32 17 62 4 . 73 . 7 16 1 33 . 53 . 75 22 47 72 
41 37 64 69 4 51 . . 61 14 16 26 . 15 12 42 13 68 . . . 74 44 21 . . . . . 48 63 25 7 35 29 36 34 52 8 . . 54 1 47 . . . 40 71 20 . 67 31 32 38 11 59 43 . 70 3 58 2 66 46 75 . 27 57 19 . 9 10 39 45 
22 15 71 67 1 32 43 7 64 65 54 21 73 35 . 62 57 11 72 59 4 39 55 19 46 . 10 . . 56 25 . 53 . 17 . 50 34 27 . 52 61 . 74 5 14 9 . 3 . 13 40 63 38 . 51 . 70 . 66 . 20 24 42 68 60 45 . . . 49 . 23 44 18 
. 52 59 11 34 . 3 57 9 42 7 24 . . 14 23 . 36 4 19 20 13 1 . 27 43 . . 22 66 69 . 49 73 15 18 58 64 53 . 72 2 71 17 32 65 39 . 6 51 . 55 35 74 60 . 44 . 54 45 . 40 37 46 28 . 12 67 56 41 21 . 31 . 62 
28 60 21 32 44 48 75 72 3 . 52 40 42 16 56 54 70 57 71 7 . . . 49 4 . . 66 . . . 33 37 62 . 61 35 . 20 63 55 27 . 5 . 2 45 46 50 43 69 39 12 41 53 67 17 73 . 47 . . 29 58 51 9 10 74 . 68 30 36 . . 65 
24 . 27 35 . 22 52 62 . 67 14 34 5 . . 39 25 56 44 61 . 1 4 60 19 12 2 37 8 29 47 18 57 . . . . 66 68 9 63 45 28 32 54 3 17 55 20 . . 21 42 15 64 . 50 . . 6 72 30 71 53 75 . 51 . 48 7 41 . 46 . 10 
. 7 63 . 18 9 74 19 45 13 . 35 58 39 60 . 61 15 43 40 . . 50 22 26 11 66 24 54 17 16 . 5 53 21 59 4 10 37 2 25 . 68 . . 27 55 . . 67 28 20 33 52 57 36 72 56 8 . 6 . 51 44 49 . 71 . 64 75 . . 3 29 32 
31 . 47 36 52 24 12 45 75 . . . 46 42 64 29 . 20 34 62 43 50 26 73 70 38 . 5 71 . 54 . 60 23 55 51 11 . . . 4 3 37 . 56 9 69 . 68 59 66 . 44 . 7 8 16 40 1 30 . 35 65 . . . 15 . 74 . 53 63 . 32 21 

Search Limit crossed? True

Solutions: 0
WallTime: 30045ms
Failures: 302928
Branches: 605671 

DIMENSION: 100 
Problem:
. 86 1 . . . 43 . 37 88 40 87 . 39 62 . 68 73 48 71 . 15 83 47 30 93 67 33 . 85 4 8 26 18 29 70 . 51 5 53 92 100 59 . 20 52 16 91 49 23 38 84 36 42 69 . 77 28 . . 32 89 61 . . . . 24 90 98 34 3 12 19 81 22 . . 75 96 . 41 65 9 50 . 63 . . 74 25 31 35 60 14 64 80 56 . 10 
. . 50 79 55 9 71 67 39 42 3 8 95 58 43 24 . 74 . 57 10 98 21 . . 49 27 56 16 78 . 60 23 82 22 47 31 84 14 70 18 15 . 88 41 68 66 . 7 69 . 37 4 . 100 89 76 30 87 . . 45 65 . 13 90 . 46 6 . 48 44 . 20 33 38 26 97 83 34 . 40 5 . 94 61 . 17 . . 81 35 . 12 . 59 54 . 2 64 
9 . . 21 . 66 15 58 72 . 78 . 96 52 99 4 94 53 . 60 . 69 . 65 . 38 . 11 24 57 74 34 46 49 45 6 86 32 48 . 83 . 39 36 8 35 50 . 56 77 33 . 70 . . 29 54 27 16 41 81 . 80 . . 14 40 17 . 42 87 61 92 3 . 90 51 18 . 88 7 67 . 25 22 95 28 23 . 79 19 43 . 2 12 84 55 13 63 98 
83 52 . 5 . 79 33 . 100 47 9 81 70 . 80 96 . . . 28 . 61 49 . 7 15 21 48 . . 14 82 . 22 35 63 74 19 39 1 34 62 50 67 . 73 27 11 86 38 95 76 . 10 93 16 . 72 . 20 6 99 46 45 51 75 24 53 32 91 84 55 66 43 23 85 44 . . 18 37 . 94 69 98 54 56 . 71 31 8 26 77 . . 68 . 78 . . 
. 53 16 74 15 59 21 . 82 77 8 37 54 36 32 92 99 94 79 . . 28 6 100 78 . 50 39 29 . . 18 . 88 42 12 1 . 45 . 75 19 . 38 . 33 22 55 72 4 76 . 87 71 . 58 5 . 61 56 90 95 62 35 . 25 66 89 98 . . 52 64 49 65 34 96 . 97 40 27 44 . . 17 . . 11 . . 47 84 83 70 20 91 67 31 9 48 
. . 13 25 . 55 74 97 51 . 5 . 1 . . 34 44 . 57 92 16 23 . 94 46 7 69 26 59 88 56 17 43 32 66 30 . 100 68 65 47 85 75 15 81 . 24 2 95 61 22 27 67 54 31 14 99 . 9 77 91 . . 87 . . . 83 3 86 6 64 62 84 19 73 49 41 90 70 . 42 . 76 82 . 38 53 . 93 20 10 33 . . 60 50 . . 52 
76 . 23 . 62 . 13 100 19 52 . 79 33 . . 97 58 15 61 11 40 88 . 29 27 89 73 71 90 30 81 41 4 . . 28 . 86 . . 39 74 63 2 44 42 20 95 . 82 47 . 49 . 57 51 10 78 . 24 5 14 50 64 59 34 1 65 26 84 21 69 . 99 16 . 46 17 94 72 . 22 3 . . 83 85 87 . . . 7 . . 70 31 9 36 96 80 
58 13 7 8 14 45 . . . . . 56 93 . . . 52 . . 66 43 36 46 4 85 . 38 42 98 . . 77 73 64 37 51 59 . 28 95 16 11 94 75 61 29 44 1 . 19 21 30 24 80 62 86 78 70 82 60 . 6 . 69 79 84 32 . . 47 2 20 89 . 83 68 . 26 12 63 17 . 88 71 76 22 100 74 27 . . 34 67 15 23 87 97 . 25 18 
. 71 25 47 42 94 80 75 73 81 77 95 100 49 . 51 70 14 9 23 . 1 53 69 41 . 26 38 36 29 . . . 67 19 72 . 11 44 4 45 . 55 . 79 90 . 32 . . 40 59 . 8 27 30 . 21 35 34 84 65 . 22 85 . 43 50 . 24 3 97 18 . . 10 52 46 78 . 66 31 48 . 2 28 93 13 20 7 . 98 89 . 86 57 87 . 61 92 
. 64 46 . 41 43 50 36 . 99 51 57 . 83 28 54 59 68 13 87 97 56 48 . 22 . 19 29 42 . 5 . . 85 88 8 7 93 98 77 . 12 . 94 . 17 33 . . . 70 15 80 47 95 96 . . 76 9 3 23 37 66 45 73 11 2 . 16 . 74 32 . . 72 78 . 18 90 86 81 31 91 10 89 39 63 40 27 67 44 . 75 . 53 . 60 49 14 
. . 31 62 17 70 81 . . 54 42 . 23 85 . 56 57 75 22 9 66 41 93 39 48 73 . 28 80 58 . 67 98 59 24 . 72 . 16 71 43 . 15 86 88 46 . 12 30 33 . 55 5 83 7 95 . 34 64 74 92 . 77 . 14 97 . 91 69 53 96 4 19 8 36 29 13 52 47 2 60 51 . 18 . 100 . 20 50 6 21 . 11 . . 82 . 90 68 . 
7 . 41 . . 22 93 95 14 40 71 25 2 73 100 67 . . 58 21 61 38 1 45 79 94 87 69 65 . 10 . 82 3 12 . 15 50 43 . 96 31 72 23 . 85 . 33 64 91 74 75 6 27 70 . 26 99 24 48 76 8 19 63 34 44 . 77 4 . 52 . 30 . . . 81 66 98 . 47 57 32 88 . 35 55 80 92 . 59 . 90 . 18 37 . 39 . 20 
28 . . 83 67 11 97 13 . 61 . 30 78 34 33 82 6 85 35 52 46 66 8 . . 12 . 17 . . 21 72 29 . . 89 . 57 41 22 60 16 53 . 98 37 . 48 14 63 . 96 . 9 32 69 27 65 3 51 . 94 20 70 77 . 88 79 92 45 42 54 36 44 7 50 62 10 40 71 . 47 15 19 39 . . 25 . 5 1 . 55 90 . 86 . 75 91 68 
21 . 66 42 81 29 . 74 60 57 25 . 55 . 17 32 69 13 . 49 78 37 27 79 59 86 . 19 95 51 89 75 52 . 93 22 83 31 . 2 3 4 96 33 43 84 . 61 76 26 80 28 9 . 99 73 11 . . 71 48 87 . . 68 92 16 . 34 85 . 98 63 . 39 . 38 . 72 7 . 100 . 67 . 10 23 82 1 64 . 53 41 . 54 44 . 18 12 65 
. 6 . . 39 53 22 59 77 . 57 74 32 . 46 . 76 92 . . . . . 35 94 64 36 55 23 44 . 24 18 26 3 14 . 82 38 8 73 68 . 85 . 66 . 25 16 . 54 7 86 2 12 1 29 96 89 70 67 50 95 . 71 . 13 49 41 31 11 45 . 78 37 65 88 80 84 9 75 79 61 83 15 51 47 34 69 . . 48 . 91 43 . . 72 42 93 
. 65 . 46 40 . 9 87 43 . . 58 52 . . 77 25 . 23 50 79 20 60 6 39 32 29 1 78 86 66 19 41 27 11 71 61 62 72 13 15 5 . . 45 76 81 73 22 57 92 10 35 36 . . 55 26 33 14 100 44 89 67 99 7 30 82 . . 83 28 84 98 21 . . 49 16 . 90 59 38 . . 94 37 . . . 85 . 96 3 91 . 2 . 64 17 
18 94 . 72 45 26 . . 74 17 37 86 . 99 42 . 5 90 34 . . 31 89 50 76 71 44 75 67 27 19 9 51 40 43 . 58 . 29 63 . 30 82 . 53 15 93 69 . 88 91 3 . 95 66 . 25 33 . 68 60 2 . . 48 36 38 78 49 28 70 . 4 35 24 80 61 . 77 14 10 85 96 . 20 73 65 . 97 . 52 59 23 32 57 . . 87 13 . 
. 15 64 85 95 . 91 . . 41 53 . . 62 12 74 54 10 . 72 39 . 47 . 34 80 . . . 79 17 38 75 . 100 2 77 33 73 97 37 18 32 71 78 . 86 36 68 11 84 57 50 14 96 . 20 3 . 4 55 48 52 . 63 . 93 69 59 21 31 90 29 82 43 1 23 . . 28 5 35 42 56 87 . 70 45 89 . 83 94 44 67 9 . 60 . 92 . 
. . 59 18 73 77 17 57 95 29 99 16 . 68 85 2 45 21 28 93 69 33 . 51 71 . 88 . 30 66 72 . 79 15 . 35 . 81 4 94 54 84 89 . 40 23 76 9 75 48 . 47 . 62 . 46 100 20 97 . 41 38 22 13 . 49 64 55 . 11 1 86 96 . . 43 8 . . . 52 70 34 . 83 50 58 7 6 98 . 3 . 65 26 24 90 12 80 . 
93 31 99 61 75 . 8 55 . 3 94 66 . 70 9 71 35 45 69 37 25 19 . . 49 33 16 68 15 63 12 1 95 74 . 86 57 . 20 41 14 32 . 60 59 89 43 . 87 . 42 . 97 78 . . 17 . 26 . 39 . 79 29 62 . 4 88 72 23 . 82 46 28 48 . 64 90 . 44 . 96 83 81 . . 50 21 51 . 100 85 13 47 38 67 30 91 . 22 
. 9 77 43 98 . 38 . 68 63 45 13 66 87 . . 96 16 65 84 55 . 40 90 . . 42 . 100 74 86 69 24 41 80 . 18 25 64 5 94 49 95 35 . 12 8 . . 28 . . 7 30 3 27 39 22 21 78 46 . 59 71 36 2 17 . . . 33 47 26 58 44 . 82 85 . . 34 91 23 . 62 . 53 81 52 . 50 54 51 72 73 61 37 70 20 67 
14 98 68 . 50 16 . 88 79 73 . 45 64 91 65 . 23 86 8 90 51 . 35 76 67 18 75 57 4 72 33 53 27 . 94 . 34 . . . 81 40 22 99 13 2 60 10 78 96 . 100 21 97 . 61 41 . . 17 . . 48 11 12 43 . 15 82 5 . . 52 1 6 28 84 87 . . 29 . 39 66 38 19 . . 47 55 42 80 32 46 37 7 31 93 56 . 
65 51 95 91 . 15 . 83 81 19 75 46 . 11 . . 21 69 14 . 72 . 31 78 . 61 . . 60 62 96 56 99 30 58 98 35 49 27 55 10 22 . . 18 67 1 50 . . . 32 26 89 85 47 . 29 57 90 4 25 70 54 94 . 73 48 17 63 . 13 59 100 . 3 9 28 68 . 71 . . 64 . 12 33 6 38 24 86 . 34 79 . 41 45 77 97 53 
. 39 89 96 44 28 42 21 59 62 46 63 37 33 34 11 27 47 73 75 . 22 3 1 60 2 . 94 48 82 97 10 45 70 23 17 41 61 . 84 29 79 76 93 5 . . 88 . 99 18 54 . 40 52 . 30 24 32 . . 49 31 . 26 . 8 67 . 9 . . 85 91 86 95 . 83 35 . 57 65 98 . 64 69 13 43 . 51 . . 7 16 . 71 . 68 . 6 
. 25 . 67 . 87 84 92 52 20 14 60 16 79 24 . 32 76 1 48 . 44 59 68 2 . 96 . . 15 65 . 7 19 39 26 . . 81 12 77 35 . 18 23 100 54 99 31 22 . . 88 21 . . 34 90 38 57 . . 75 5 . 85 37 47 63 69 40 70 . . 51 74 86 71 80 . 9 95 73 4 61 62 . 94 46 49 56 82 . 83 55 78 53 43 . 42 
30 18 45 40 6 36 85 . 42 . 68 44 29 55 67 . . 60 76 . 23 7 16 12 89 . 17 74 32 95 25 2 49 . . 20 . . 54 81 70 66 . . 37 83 78 31 . 46 11 . 61 26 53 8 1 43 90 94 57 . 27 80 . . 82 84 . . 91 63 71 86 . . . 33 58 . . 72 19 79 34 56 69 59 99 22 . 9 15 48 3 96 73 97 38 62 
2 . . . 60 32 . . 20 83 31 38 59 . . 63 10 84 56 77 22 . 44 57 8 28 72 9 . 21 . 94 58 17 . 79 98 . 13 78 62 45 11 25 91 . . . . 27 68 39 16 1 92 26 . 61 . 73 65 43 23 55 89 35 49 3 99 87 . . . 33 40 100 53 69 15 41 97 . 36 80 93 81 66 . 24 67 7 18 88 14 . 48 71 4 . 82 
. . . 27 91 19 . 81 2 44 43 24 . . 76 16 . 37 . 73 . 32 57 . 55 85 47 67 53 94 63 . 15 . 87 49 40 9 21 30 61 6 20 59 58 . 71 86 13 72 . . 39 3 10 80 . . . . 45 29 78 60 33 89 18 56 8 25 95 35 77 . 99 23 31 68 26 51 . . 41 5 79 98 22 28 96 66 11 64 . 38 . 46 . 52 48 54 
70 . 38 51 20 73 4 . . . 7 43 . 65 44 76 81 72 74 62 100 21 87 23 . 19 15 . 85 33 . 68 . 37 8 . 13 48 . 90 55 78 18 12 . 36 64 . 41 98 45 88 3 . 30 . 84 . 49 79 . 27 35 91 11 31 60 59 . 67 14 5 97 77 . . . 39 6 52 53 . 56 89 95 . 75 24 58 32 . 86 61 71 92 10 96 66 . 47 
96 41 9 75 88 20 78 5 15 91 44 72 25 71 89 69 4 . 94 13 98 86 66 8 . 74 80 92 26 28 43 95 11 . 40 33 55 42 . . 48 87 . 62 24 . 47 14 . 39 36 19 85 . 63 31 . . 46 . 34 . 29 . 22 32 3 . . . 58 79 10 . 93 . 99 . 65 . . . 64 21 73 67 97 52 18 35 57 77 17 51 . 81 70 . 27 38 
97 7 39 10 63 47 3 15 9 38 90 88 73 59 . 8 . 4 80 . . . 79 . 57 91 93 54 . 13 . 55 5 6 34 32 42 29 58 33 23 14 52 96 85 41 12 20 53 94 . . 28 70 . . . 100 . 11 37 . 68 46 . 72 77 . 31 50 43 . 16 81 45 36 . . 48 86 . 69 62 27 . 87 51 . 84 61 40 2 24 22 83 25 66 49 . . 
71 40 . 37 87 23 . 51 . 74 52 11 26 35 81 . 93 28 . 1 57 . . . 45 10 18 21 9 . 70 80 . . . . 82 . 3 88 . 53 47 77 94 7 55 . 12 56 66 41 . 6 22 15 68 83 79 5 17 16 91 39 50 . 34 19 33 32 72 75 25 . . 49 73 44 . 100 14 78 63 86 65 . 76 96 59 20 . 60 2 95 90 . . 24 69 84 
20 63 96 97 . . . 84 13 . . 53 24 . . 100 22 41 95 30 94 . . 33 . 5 90 81 21 77 . 48 34 46 . 7 88 47 . . 86 91 36 44 75 39 85 83 . 65 27 40 60 25 68 43 98 1 93 . 79 12 11 73 67 . 6 42 . 58 56 49 45 23 50 78 . 4 . 87 16 80 28 82 . 3 . 8 70 9 29 72 59 . . 51 61 76 26 . 
15 . 29 23 99 30 88 . 46 32 74 75 . 72 91 58 55 . . . 3 59 50 . 25 84 13 52 . 45 41 7 28 . 64 60 53 83 92 39 . 86 44 4 6 34 . . 96 31 24 22 63 . 33 77 35 49 . 8 10 . 98 12 43 100 36 . . 27 . 1 37 . 87 76 . . 57 65 81 38 82 . 97 21 11 61 26 62 2 56 54 9 . 69 20 19 . . 
73 57 . 93 52 48 26 25 38 43 83 . 50 47 90 3 . 33 55 . 27 17 . 87 19 . 100 84 39 70 34 98 64 35 61 . . . 62 . 11 . 5 40 . 82 95 96 29 37 69 4 . . 9 . 28 . 71 66 . . 15 . 20 79 . 32 44 1 89 . 2 85 . 30 59 56 54 16 67 18 10 60 53 45 . 41 . . 80 42 86 31 63 77 24 94 76 46 
95 82 67 9 69 . . 3 . 34 . 35 43 32 58 48 40 18 17 74 13 68 5 21 77 . 78 50 . 73 59 . 33 99 . 52 16 27 . 24 76 54 79 47 . 92 36 . . 53 46 20 83 44 15 55 . . 85 96 42 . . 23 97 26 61 . 80 12 4 38 . 75 66 37 10 . 19 8 64 . 6 70 49 60 98 91 39 11 . . . . 93 63 51 41 14 . 
92 8 65 17 61 13 83 79 89 6 . . 10 64 57 . 87 62 . . 77 73 . 67 42 90 70 51 2 50 . 91 . . 16 94 49 80 . 27 . . 21 32 11 48 . 35 60 . 71 63 . 20 56 37 40 18 36 46 43 24 76 . . 54 33 45 53 93 99 85 . . 75 12 34 78 74 25 30 . 100 31 7 26 . . . 14 66 . 39 69 98 . 19 59 15 44 
. 38 72 7 89 68 23 9 87 46 . 41 4 10 48 39 34 29 30 . 28 71 . 64 51 59 . 36 74 47 95 52 . 79 91 24 12 18 8 25 78 60 . 26 . . 35 . . . 16 90 20 69 84 . . . 43 40 98 66 32 76 88 96 50 1 . 22 13 2 5 21 . 62 75 70 . 49 61 . 80 97 54 6 44 58 . 94 . 73 100 19 . . 77 . . 57 
56 78 47 . 28 5 2 44 91 59 84 . . 54 82 94 79 17 90 18 74 . 86 72 65 36 41 66 73 . . 25 9 96 95 . 19 53 10 80 . . . 22 63 13 . 46 50 100 39 26 77 38 61 98 43 51 62 3 75 34 6 58 64 . 45 14 15 35 81 . 21 52 76 . 32 92 8 11 . . . 49 . . 83 . . 68 . . 37 . 24 89 42 1 7 . 
44 100 40 76 83 10 73 96 . . 67 3 14 97 69 . 85 58 21 . 12 65 19 88 16 39 68 47 55 . 77 . . 38 30 91 . 60 82 26 . 98 13 90 25 . . 41 45 59 81 . 37 75 . 32 . 92 94 87 72 61 . 15 35 64 23 54 . 80 71 57 86 . . 7 79 99 9 . 46 50 . . . . . 22 34 36 6 . 95 89 74 27 1 62 29 78 
23 . 3 24 38 58 28 64 4 . 33 . 51 63 20 . 50 88 18 89 73 60 84 17 12 9 7 10 66 . . 85 87 97 96 90 80 5 . . . 65 6 . 92 49 91 62 61 67 13 56 82 46 . 35 83 . 45 32 11 26 74 53 52 93 19 . 70 44 47 . 94 15 14 57 . 76 . . 22 21 . 68 27 75 . 40 29 . 36 99 . . . 98 . 48 78 . 
31 . 56 . 94 42 65 77 21 . . 36 . . . 53 . 61 64 . 50 62 73 . 23 . 92 25 97 . . 4 88 83 . 84 5 10 22 66 28 9 . 39 72 51 13 . . . 8 93 33 24 49 34 89 46 70 76 20 18 96 100 60 15 47 98 . . 16 . 54 17 38 32 . 11 59 . . 12 99 44 41 37 35 67 . 43 91 74 6 26 29 1 63 81 82 7 
37 30 69 95 80 100 55 16 97 . 89 39 44 17 86 . . 48 71 45 36 52 . . . . 31 12 28 87 64 76 3 9 6 66 79 98 91 7 5 58 90 . 57 50 84 67 42 14 . . 93 99 75 . . 63 22 54 56 . 51 82 1 . . 85 35 26 92 . 78 . 60 24 . . 4 . . . 46 23 . . 34 77 43 8 13 20 65 49 94 . 10 47 70 29 
47 21 5 99 . 4 20 . 49 64 32 33 67 . . 66 . . 78 34 . 91 77 15 . . 25 70 . 11 7 . . . . 43 3 . 1 85 . 88 8 56 29 27 2 93 84 79 86 61 52 100 73 . 22 95 . 10 58 42 . 9 . 19 54 97 . 76 39 92 41 96 17 44 . 59 24 60 98 16 53 94 89 63 68 . 13 37 23 55 81 . 6 83 72 28 62 . 
. 32 27 2 24 50 . 54 . 78 79 17 75 100 . 31 73 35 . 22 80 95 64 70 90 . 46 . . 76 . 42 . 66 97 . 67 37 19 69 91 . 33 83 21 63 11 92 5 36 . 8 15 34 43 12 38 57 7 47 13 51 30 . 16 10 . 9 40 . 74 . . 62 71 56 93 45 23 77 94 28 25 . 99 . . 98 . 88 53 52 72 55 41 . 39 65 . . 
43 11 . . . 6 29 62 31 93 . . 98 . 21 27 . 55 86 36 42 97 99 92 44 . . 20 68 8 24 88 . . 82 96 84 3 . 60 79 . . . 67 . 56 18 4 75 12 65 1 72 . 10 70 50 51 83 . 33 . 40 . 23 48 25 100 74 . 17 . 9 85 52 39 63 95 30 2 14 . 53 58 59 5 54 76 45 71 90 46 . 15 94 47 34 35 . 
. 27 73 59 31 35 48 11 1 67 . 12 62 16 72 . . 43 . 79 84 . . 10 21 97 4 22 86 55 94 . 70 69 56 82 . 40 99 32 85 13 28 . 39 14 9 100 8 24 5 34 38 . 26 3 95 60 98 19 . 90 . 49 . 17 . . 88 36 . 65 . 2 42 47 25 89 . . 45 . 81 57 91 58 64 . 87 . 61 75 18 52 . 20 7 83 . 77 
62 79 87 89 5 38 52 2 . 26 59 21 12 61 97 . 86 . 46 19 . . 54 44 53 34 . . 56 71 78 . 91 36 . 31 70 75 25 76 7 80 81 57 . . . 16 51 . 1 69 65 98 8 23 47 . . 33 50 41 3 37 10 42 . . 66 6 . 22 99 94 96 92 . . 55 45 43 9 . 20 60 68 4 95 48 90 . 29 73 . 27 15 74 . . 32 
89 17 74 36 93 . 46 . . 25 92 62 61 76 2 64 3 . . 99 . 13 24 49 . 26 43 . 52 53 44 . 78 . 84 . . 41 12 35 63 . 68 30 71 47 88 5 100 . 20 23 59 7 94 . 50 9 8 16 28 . 58 18 54 67 39 73 . 4 . 60 38 10 . 27 56 . 22 31 . 55 . 98 1 48 45 66 21 57 65 . 75 . 42 72 . 32 81 83 
90 66 36 . 48 . 27 61 69 . . 29 81 5 77 79 63 . 32 16 . 12 . 41 98 17 . 62 . . 18 83 42 55 86 . 94 56 60 73 95 46 19 . . 9 38 . 10 70 67 . . 76 87 52 93 97 31 28 . 15 72 25 40 24 91 30 96 20 7 58 50 71 68 6 54 14 2 33 26 8 . . . . 1 85 37 . 3 100 . 21 89 . . 82 57 99 
46 45 81 39 51 . 100 71 54 5 85 27 . . 29 . . . . 55 32 . 78 53 92 75 83 24 91 20 61 65 8 7 59 13 . 58 74 38 44 97 35 1 . 77 . 82 . 86 57 89 69 12 42 . 62 17 40 . . . 90 50 28 4 . 10 79 56 . 87 . 93 . 11 36 30 34 43 84 73 37 . . . 99 . . 80 76 21 31 66 25 95 49 33 22 9 
19 36 . . . 96 44 33 94 50 10 . 17 14 . 6 42 . 43 41 91 55 51 . 26 23 . 72 . . 38 100 74 . 21 93 62 12 . . 31 29 24 76 70 32 7 39 69 52 77 58 99 56 48 60 65 35 63 64 61 54 . 86 . 71 9 . . 49 28 11 . 53 . . 85 95 88 . 89 15 47 . 5 90 87 75 68 78 . 4 27 20 82 . . 46 59 30 
. 59 . 81 . . 61 6 . 11 62 . 84 56 . 80 . 54 . 3 1 25 13 . . 100 32 73 64 24 45 86 20 95 41 75 87 7 2 21 65 52 30 37 31 4 94 . 83 43 99 35 10 . 50 57 91 . 47 . 51 . . 33 27 78 53 90 5 88 17 . 23 . . 69 42 . . 76 79 46 58 22 40 49 15 72 . 85 38 71 36 39 97 93 98 . 8 . 
. 84 44 57 22 2 66 37 12 60 23 77 11 4 . 9 43 . 88 . 7 27 . 96 18 . . . . . 52 . . 21 33 50 75 . . 82 20 47 . 17 19 62 69 . 97 . 14 68 90 86 . 87 45 38 41 80 53 36 94 28 6 29 46 . 95 48 8 56 67 30 49 . . 72 32 5 39 99 59 3 . . 81 31 79 34 70 . 16 74 51 92 40 . 98 25 
49 61 18 54 . . 69 . 22 82 . 32 99 . 59 65 46 . 63 25 . 50 85 . . 44 24 . 8 . 68 89 . 91 13 . 47 26 7 64 67 72 3 . 56 . 73 77 28 45 . . . 23 . 75 71 5 92 31 1 100 53 2 74 9 41 33 10 51 93 83 17 80 . 79 98 42 96 58 . 60 . 37 12 . 20 15 . 52 43 57 78 62 84 39 11 . 34 76 
4 . 49 50 32 12 . 80 40 22 55 15 34 84 8 21 1 2 . 81 75 16 . 18 13 37 . . 7 . . 29 100 94 27 11 39 . 86 36 17 . 48 66 60 99 89 47 92 51 . 53 91 90 6 . . 73 69 . 93 76 87 . 44 . . 41 97 . 88 95 57 . 62 26 33 20 3 . 82 19 67 . . 9 . 10 78 38 72 63 56 5 35 . 59 64 46 . 
50 . . 60 . 71 59 22 41 49 1 89 31 . 63 87 72 44 67 2 95 4 91 97 . 52 . . 34 75 . . . 29 14 81 9 16 11 46 58 69 85 68 73 57 40 . 47 90 28 25 . . 77 74 42 . 10 62 . 98 . . . 21 55 . 84 43 . 51 83 6 . 94 27 . 66 3 56 . 26 61 . 92 80 . 45 96 88 32 99 54 64 18 33 53 39 15 
80 46 63 33 . 41 . . 76 16 65 67 30 86 . 70 11 . 49 100 68 64 52 . 72 . 3 61 69 7 22 . . . 31 57 99 14 87 89 . 44 . . 36 81 98 37 94 17 . 92 13 . 60 . 32 47 77 . 95 84 18 85 21 66 . 43 38 10 . 50 15 34 82 59 6 75 20 29 51 . . 40 78 . 2 4 56 . . 88 79 58 62 97 28 9 . 39 
64 . 94 13 . 95 60 30 48 65 35 . . . 26 19 98 23 81 . . 3 4 86 58 22 11 82 41 12 29 . 40 28 70 46 97 2 51 . . 76 . 72 52 54 100 87 93 . 34 . 71 63 . 62 . 25 18 36 69 91 . 14 90 . 56 . 21 38 78 32 44 89 . 15 1 84 . . 24 . 79 99 80 85 42 9 53 77 16 66 . 50 . 17 8 . 88 59 
45 . . . 100 75 90 50 . 70 . . 57 44 31 29 48 78 92 64 82 53 . 83 47 16 6 30 37 91 84 . 81 61 . 10 11 28 . 87 . . . 9 33 71 . . 77 89 35 5 27 66 . 4 97 79 15 13 19 80 86 . 23 . . 21 62 46 32 42 43 . 54 41 24 73 17 69 93 52 1 . 55 . . 68 85 99 22 14 60 34 7 . 12 . 40 96 
22 76 100 . 84 90 . 4 . 56 . 6 . 13 15 26 91 81 51 12 20 . . 25 . 68 . 64 . 43 88 99 . 58 2 45 . 96 49 48 89 . . . 86 93 61 . 23 73 . 70 74 . 78 . 36 42 . 69 21 62 8 32 . 60 27 11 29 97 18 31 79 16 59 40 7 67 1 35 63 39 . . 92 38 52 14 10 . 95 17 . 57 34 3 75 98 85 33 
57 95 52 65 . . . 39 . 68 . 4 94 74 98 99 38 100 . 96 49 40 90 27 86 3 10 . 44 36 93 33 . 92 67 88 20 59 84 . 53 . 69 97 . . 72 . 11 80 . 2 . . 82 56 18 . 91 42 12 71 85 7 19 48 28 58 . . 9 15 . 14 77 . 47 13 25 37 . 32 60 46 66 34 54 . 83 29 89 . 87 63 . 21 64 26 41 43 
77 67 . . 7 . 94 49 62 . 63 1 21 42 27 20 . 93 100 39 5 . 81 16 87 . . . 38 23 57 26 31 86 . 80 . 30 47 79 . . 51 . 17 . 41 44 58 97 . 13 32 59 . 72 . 11 . . 89 22 28 36 66 82 71 61 25 8 10 33 35 18 52 91 60 53 43 73 . 92 14 34 56 . 12 64 95 84 54 . 45 68 50 6 . 99 . . 
63 . . 82 97 61 . 53 . 37 49 . . 77 55 10 28 31 24 8 9 83 17 84 . 47 39 76 92 52 36 16 35 14 78 1 51 85 . 93 4 73 . . . . . 74 32 71 44 . 29 60 . 41 75 62 50 25 87 96 88 19 7 . . 38 . 94 64 67 56 72 13 89 18 . 5 15 3 90 . 45 11 65 46 30 . . . 12 68 . 33 . 86 2 95 34 
94 55 19 20 16 85 24 78 65 1 26 90 58 28 . 83 17 99 41 69 15 54 98 . . 11 . . 93 . 9 51 . . 38 . . 87 . . 36 82 . 14 12 30 25 6 43 35 79 86 57 . . 63 21 8 59 81 . . 45 97 84 . 67 23 . 39 . 88 . 32 47 . 89 74 7 13 62 76 52 50 96 77 . 73 . 44 27 33 . 53 75 70 18 80 4 66 
. 77 . 6 . . 51 26 56 18 96 93 13 22 . 46 66 38 . . . . 71 . 73 92 . . 63 89 31 . 61 76 1 15 69 44 53 57 88 . 54 20 50 91 62 7 24 . 64 . 81 . 83 . 59 . 100 23 27 35 2 . 17 40 42 28 94 95 5 10 . 60 74 55 43 12 33 82 19 34 78 75 30 11 3 36 98 70 39 . . . 52 99 41 79 . 4 
39 74 97 16 . 52 . . 50 . 22 92 8 40 83 14 95 6 82 17 89 42 100 . 24 67 . . 94 10 62 20 21 . 75 56 . . 31 47 35 36 70 5 96 59 46 26 80 29 15 11 . . 25 90 13 44 37 . 68 4 . 41 53 18 . . 48 61 45 77 49 . . 86 91 3 . 85 73 2 54 43 . 1 . 76 93 12 . 23 69 64 72 65 . 57 . . 
42 89 33 71 77 69 . 1 66 94 28 . 60 53 . 45 . 50 5 56 2 . . 54 81 76 . 37 40 . 30 73 . . . 3 100 . 83 34 32 90 . 78 9 . 75 17 39 13 25 14 . 49 98 97 67 91 . 61 . . . 6 82 27 86 4 68 92 35 . 11 36 26 87 21 . . 84 44 20 . 65 85 64 7 57 80 95 96 24 . 29 10 38 48 58 19 . 
32 28 35 56 54 . . 23 25 . 38 78 77 43 10 50 41 20 87 65 76 . 26 11 . 13 8 58 1 . 6 81 72 75 . . . 17 . 61 . 83 100 70 . 24 49 63 27 21 51 80 . . 16 91 15 64 55 95 . . 33 . 18 30 96 . 67 . 53 94 73 88 4 60 22 19 52 66 42 . 92 59 37 97 84 . 74 46 . 79 . . 2 5 29 86 44 40 
16 70 . 19 64 76 6 . 90 . 100 59 . 23 68 . 30 89 72 . 86 39 . . . 66 57 2 . 60 42 47 36 . . . 48 38 67 98 12 1 14 34 97 31 . 84 37 . . 18 17 . 74 13 4 71 56 35 24 . 41 61 15 91 85 27 51 . 82 . 80 46 28 33 95 22 44 81 8 53 55 . 26 5 . 65 3 83 75 40 . 25 11 50 92 . 21 . 
. 2 92 90 53 . 34 . 63 4 . 7 72 66 93 25 24 42 37 5 . 47 9 85 28 35 71 95 . 83 . 57 69 . 20 41 52 97 36 56 30 . 91 . . 10 32 15 44 1 43 . . 74 59 22 79 54 65 49 . 55 17 27 73 . 29 . 64 82 77 96 60 . . 88 12 6 13 94 . 98 50 . 86 70 18 . . 76 . 38 48 . 81 80 . 21 75 89 
5 . . . 1 67 7 93 64 10 60 68 . 29 95 90 78 87 . . 41 45 23 34 . 82 76 18 70 46 3 27 38 56 52 85 21 . . 96 59 48 99 . 54 53 97 51 73 . . . . . 55 84 61 86 6 65 . 9 . 94 37 33 80 74 . 81 62 100 31 50 . . . 15 71 20 35 . 77 12 24 43 72 . 19 47 14 . 49 8 28 . 17 44 30 13 
98 5 2 . 59 93 . 52 28 86 97 . . 38 73 12 56 1 89 95 21 11 68 91 43 . 20 78 3 25 . 87 67 . 32 19 50 66 . . 57 17 74 . . 55 . . 65 . 4 36 72 45 14 88 53 39 . . . 31 71 92 58 . 81 34 42 77 26 . 6 . 46 61 . 79 29 99 40 30 75 24 . 84 . 62 64 13 15 47 . 18 80 23 27 . 51 49 
34 43 6 . 3 . 16 72 71 14 36 69 . 96 51 60 9 . 99 . . 26 . 75 88 62 66 45 . 80 8 35 90 68 44 . 54 1 57 . 64 10 61 73 . . 65 13 70 47 82 52 2 85 81 . 37 84 . 21 . 20 . 30 32 59 22 . 11 . 50 12 . 48 95 39 19 29 . . 41 93 49 28 31 . . 56 5 63 78 67 91 76 77 55 23 15 . . 
41 85 80 . 13 18 12 82 16 79 27 54 36 75 71 86 61 34 91 . 99 . 38 40 . . 2 90 51 59 15 . 84 . 7 9 43 . . . 52 . 93 65 3 88 67 8 . 60 32 1 55 94 24 44 . . 74 37 . . . 17 . . 62 . 50 68 22 . 76 39 25 66 . 100 56 42 70 63 . . . 30 6 89 77 69 5 49 19 81 96 28 21 45 47 26 
38 . 32 64 96 27 1 . . 33 . . 83 48 50 22 . 67 75 . 54 92 . 60 40 . 30 89 87 . 55 . 13 73 . 4 45 34 76 . 84 . 43 . 74 97 . . 21 81 23 72 19 61 88 2 49 59 28 . . 5 56 44 25 77 100 12 52 7 15 18 . 24 29 9 65 86 11 36 69 94 68 . 63 57 82 46 8 71 . 70 42 . 17 . 62 85 . 37 
1 24 11 26 65 21 87 89 75 84 . 34 91 . 39 . . 36 38 47 52 5 41 2 . 96 . 27 14 42 . . 56 57 . 97 37 64 40 . 8 . . 100 55 78 . 22 48 . . . 76 88 20 71 19 32 83 . 59 81 13 99 3 58 . 31 9 66 . . 72 12 . 67 28 62 . 54 25 6 . 35 90 16 10 50 17 . 98 45 43 93 44 . 46 61 79 85 
36 92 60 58 . . . . 44 . 73 65 90 88 94 15 49 . 62 . . 77 30 . 31 48 89 . 10 64 39 . 71 53 85 5 . 8 63 83 . 42 98 81 28 18 29 4 . 55 59 12 41 . 11 17 80 66 95 6 40 . 25 16 . 51 79 87 24 54 20 99 100 61 91 75 . . 82 1 38 . 74 72 9 27 . 32 7 21 . 46 70 96 . . . 3 86 45 
8 . 4 . 37 . 25 70 34 . 54 18 88 69 . 40 26 71 . 7 45 76 20 . 96 78 . . 43 32 1 92 12 44 5 . 33 . . 58 . . 67 24 47 . 17 38 74 66 50 . . 35 97 42 85 23 2 63 52 72 . . 29 99 21 75 28 64 41 89 98 73 61 . 57 . . . 15 13 11 90 6 79 91 . 60 19 77 36 14 10 49 16 22 . 31 81 
13 22 . 77 90 . 40 7 78 . 70 . . 95 11 . 20 82 53 63 56 . 14 5 3 . 1 98 . 61 58 37 89 81 15 . 46 . . 99 42 21 45 29 80 65 . 27 59 . 75 . 96 . 64 6 23 . 17 30 9 39 60 10 . 47 83 8 55 2 . 34 74 4 72 97 87 31 . 93 91 66 44 38 . 76 32 . . 26 92 62 52 . 48 35 100 . 28 86 
86 88 24 . 25 78 31 76 33 13 61 98 . 2 79 . 60 80 12 . . 93 67 7 . . 99 53 11 37 48 . 39 34 65 . 36 22 94 49 . 3 . 95 16 45 96 75 90 8 72 82 73 57 5 81 64 14 . 55 18 85 9 . 42 52 . 6 27 17 54 . 47 56 92 63 . 91 41 . 58 . 21 51 . 32 71 . 62 . 28 . . 77 . 30 . 84 43 100 
. 75 8 45 43 49 32 . 55 . 82 . 38 7 35 23 100 19 . 61 . . 88 . 80 79 . 83 50 . . 36 25 2 17 34 29 . 42 28 87 59 77 51 95 74 68 98 . 12 96 67 58 . . 99 . 76 5 44 94 46 24 57 47 13 70 63 22 . 85 14 . 27 10 53 . . 86 64 92 84 . 41 48 52 16 39 . 72 4 . . 73 66 54 91 . 33 3 
. 20 88 94 . 89 . . 53 87 18 . 5 . 78 49 . 8 52 76 . 99 80 95 10 70 79 41 . 56 . 32 1 4 72 37 . 45 33 . . 34 . . 35 28 15 40 66 9 63 64 . 29 23 . 2 98 73 22 85 97 . 77 . 86 31 . 81 . 46 39 51 74 69 . 58 54 27 47 48 17 90 93 14 . 96 100 30 65 44 19 84 61 59 . 6 . 16 11 
12 99 98 . 11 . 89 32 96 24 . . 28 94 36 . . 77 . 58 65 75 22 . 1 72 91 35 79 34 50 84 . 39 81 21 27 70 52 17 . 25 37 87 7 6 53 43 20 30 60 85 45 51 . 66 . . . 97 31 . 10 59 49 46 . 86 . . 100 . 95 55 57 13 48 8 . 4 18 61 71 . 68 41 67 . 54 82 64 . . 44 . 47 69 42 90 63 
60 54 . 3 72 81 . . . 76 15 50 63 9 6 37 47 . 44 86 70 84 . . 56 24 53 46 31 96 82 59 . 48 49 77 . 71 97 100 51 61 17 58 . 22 39 21 . . . . . 79 89 . 33 87 12 29 . 75 93 42 55 . . . 85 41 98 7 13 65 73 18 92 . . 26 28 45 16 . 19 66 8 27 25 4 99 83 . 80 95 2 32 67 23 . 
84 . 28 73 34 24 35 29 . 72 39 . 9 67 53 42 74 . . . 85 90 18 66 82 . 51 96 . 6 47 11 30 20 63 99 93 77 . 3 25 . 31 45 87 1 92 60 . 95 37 46 . 52 17 40 8 . 86 59 54 70 . 65 2 83 76 . 23 13 44 81 . 79 94 48 14 61 . 56 . . . 78 69 4 . 97 100 41 49 . 22 27 16 . 89 . . 75 
67 . 53 22 85 82 18 27 5 . 13 23 42 98 . 62 19 39 33 54 81 100 34 30 . 8 55 . . 93 79 . 47 . . 73 76 24 71 . . 92 66 61 46 80 74 45 63 10 3 29 48 91 . 68 72 16 52 15 44 86 84 43 96 56 99 51 36 83 65 59 69 . . . 90 7 64 38 77 26 4 32 57 . . 12 88 . . . . . 21 . . 89 37 . 
29 72 76 15 86 98 37 45 93 35 . 42 79 21 52 95 89 66 2 . 96 9 12 24 . 27 . 32 . 90 73 . . 77 . . . 6 70 75 100 51 58 41 64 20 59 . 46 . . 50 84 82 38 92 88 68 23 . 25 57 . 83 . 63 44 99 54 14 67 . 65 . 1 71 94 34 49 78 33 . 18 74 . 7 . . 55 39 10 . 8 36 31 26 5 . . 61 
85 26 . 86 . . . . . 12 . 40 74 . . 91 . . 31 32 37 72 11 99 97 83 33 13 75 9 80 45 92 78 . 95 38 54 . . 49 64 46 6 48 60 5 28 88 . 89 . 18 4 79 . 69 55 53 7 15 77 . 20 100 81 90 52 58 70 57 93 . 66 98 96 2 94 . 10 59 24 51 8 . 82 62 29 42 . 68 27 30 23 . 73 . 17 87 . 
78 12 75 1 30 14 45 94 86 8 95 . 3 37 54 47 36 . 66 4 83 35 58 52 32 41 82 93 77 19 11 79 97 72 57 74 . 13 59 15 . . 9 . . 98 . 56 18 . 26 71 89 . . 64 . 88 68 . 49 60 5 48 38 61 . 80 65 34 . 53 40 31 100 . . 25 87 46 . . 2 29 28 99 . 42 91 23 . 39 21 84 . . . . 73 70 
54 60 37 4 70 56 58 42 67 97 11 19 53 . 87 98 8 12 29 38 24 49 32 77 93 57 52 15 . . 71 30 96 5 79 . 65 . 17 . 74 . 23 63 . 43 28 89 . 6 10 48 47 92 46 . 51 75 81 39 35 78 . 34 . 1 . 16 2 . . 66 9 83 90 . . . 21 59 31 . 22 14 25 36 . 44 61 3 82 13 . 94 88 . . . 18 73 
100 62 58 32 . 91 76 68 88 . 24 5 . . 23 81 7 79 4 44 63 . . 13 54 87 74 . 82 1 . 49 . 31 47 67 73 15 90 52 . 37 10 48 83 21 19 3 57 50 30 98 22 . 80 94 92 45 . . . 17 99 . 75 41 69 20 . 72 . . 70 . . 64 16 43 89 6 . 11 . 42 84 39 61 . 66 33 34 51 85 56 60 . 38 25 . 95 
91 56 82 69 23 40 70 34 32 92 . . . 19 25 57 67 . . 51 62 78 15 43 33 99 28 77 54 . 13 96 . 87 18 38 30 88 37 9 . 71 4 31 27 79 52 81 . 44 . 83 . 64 . 59 . 2 60 . 26 63 49 . 61 76 58 . 16 65 29 . . . 11 . . . 73 89 1 48 24 7 . 53 74 90 14 . 35 41 12 100 46 . 94 22 17 5 
88 33 15 80 . 3 14 24 85 21 12 10 22 18 66 . . 7 59 68 48 . 56 46 64 77 5 . 25 92 90 44 94 84 83 . 89 . 75 . . 8 16 54 . . . . 67 93 49 95 . 96 72 53 . . . 27 47 32 1 . 70 . 65 37 78 30 63 6 28 . 9 19 41 35 79 . 74 87 69 13 71 20 86 . 2 17 73 . 38 . . 100 57 . 52 60 
51 23 . . 71 54 67 43 26 85 48 100 69 . 74 . 18 . 15 . 4 . . 55 6 56 95 . 27 16 . . 22 62 . 65 81 . . . 9 33 92 52 . 38 . . 19 58 2 31 42 84 35 93 44 94 . 53 64 30 36 . 83 . 12 7 13 57 66 . . 47 79 . 3 60 63 98 76 89 70 39 46 . 17 99 90 59 37 96 29 41 87 11 88 40 5 97 
27 83 55 31 21 63 41 56 . 98 29 94 49 . . 84 53 91 93 35 . 34 70 37 68 88 48 97 13 99 60 71 65 89 9 18 85 . 66 . . 7 62 11 . 72 3 52 . . 17 42 75 50 86 54 . 15 . . 73 10 14 . . 38 . . 61 . . 24 . 90 . . 77 64 39 32 6 74 . 47 8 2 19 33 44 100 87 . 76 . 5 43 79 23 45 36 
69 90 79 . . 31 49 85 23 66 . 22 48 78 61 . . 95 42 98 44 70 97 38 74 46 12 63 5 . 28 3 . 10 . 27 . 76 30 . 71 39 64 19 26 . 45 72 1 40 . 24 92 33 51 100 . . . . 99 . 54 47 81 11 20 . 7 . . 16 91 57 34 77 . 36 37 . . 88 9 17 . 15 29 2 4 53 93 50 82 43 . 62 83 35 60 8 
25 4 30 . 66 8 39 18 61 31 . 96 89 . 19 17 . 49 77 59 67 57 43 . 15 . 58 . 20 3 16 12 76 13 . . 90 92 35 44 21 . 2 55 10 26 . 54 85 . 93 . 56 11 . 33 48 . 14 75 70 47 64 52 65 98 78 60 74 37 86 80 . 7 . . 45 88 . 22 . 68 27 100 42 . 9 . 32 28 . . 50 87 79 29 95 71 . 69 
75 73 86 . 46 17 53 91 . . 76 70 19 82 41 35 33 98 60 42 90 . . 61 84 81 59 99 96 97 100 93 85 . 48 68 22 55 23 18 24 28 83 80 66 44 . . . 87 31 . . 32 47 39 . 74 1 12 . 67 63 8 56 50 . 64 77 15 . . 88 95 3 . 37 9 14 . . 71 89 . 43 13 27 49 . . . 92 20 7 45 79 . 38 65 72 
. 42 54 55 29 . . 17 . . 66 . . 24 38 61 . 22 20 80 60 46 7 74 100 95 45 65 . . . 78 68 63 69 . 4 79 93 11 19 . 84 . 14 86 87 59 9 32 73 81 51 5 . 21 12 52 48 . 33 . 43 62 39 94 75 36 89 99 25 37 . 40 41 35 83 82 . 57 . 77 . 96 18 . 92 70 . . 90 6 98 . 30 34 26 8 67 50 

Search Limit crossed? True

Solutions: 0
WallTime: 30071ms
Failures: 301094
Branches: 601795 

Total Test Running Time:
 Wall Time:	00:01:30.2099239 
 Milliseconds:	90209 
 Ticks:		309739743 
