
DIMENSION: 15 
Problem:
. 11 12 15 . 4 8 13 9 2 1 10 6 3 . 
. . . 8 9 1 14 10 6 3 2 4 7 13 12 
8 . 1 12 . . 15 2 11 . 13 6 10 5 3 
4 12 8 . 1 5 3 . 2 9 . 13 15 . 10 
11 13 6 2 8 10 . 9 . 12 15 3 . 4 1 
1 3 7 10 . . . 5 13 . 12 11 . 9 2 
5 . . 14 . . 13 6 10 4 8 7 12 15 9 
14 6 2 9 3 12 10 8 5 7 . . . 1 13 
2 14 5 13 12 15 6 . 4 . 9 1 11 8 . 
3 2 15 5 6 13 9 . 1 . 10 . 8 12 4 
13 8 14 1 5 . 11 12 7 15 4 . 3 . . 
. 9 10 3 4 8 12 1 15 5 . 2 13 . 11 
. . 13 . . 7 . 15 12 6 3 5 1 14 8 
10 15 9 . 13 3 5 4 . 1 7 12 2 . 14 
. . . 6 10 . 1 11 . 13 5 8 9 2 . 

Solution #1  
7 11 12 15 14 4 8 13 9 2 1 10 6 3 5 
15 5 11 8 9 1 14 10 6 3 2 4 7 13 12 
8 4 1 12 7 9 15 2 11 14 13 6 10 5 3 
4 12 8 7 1 5 3 14 2 9 6 13 15 11 10 
11 13 6 2 8 10 7 9 14 12 15 3 5 4 1 
1 3 7 10 15 6 4 5 13 8 12 11 14 9 2 
5 1 3 14 2 11 13 6 10 4 8 7 12 15 9 
14 6 2 9 3 12 10 8 5 7 11 15 4 1 13 
2 14 5 13 12 15 6 3 4 10 9 1 11 8 7 
3 2 15 5 6 13 9 7 1 11 10 14 8 12 4 
13 8 14 1 5 2 11 12 7 15 4 9 3 10 6 
6 9 10 3 4 8 12 1 15 5 14 2 13 7 11 
9 10 13 4 11 7 2 15 12 6 3 5 1 14 8 
10 15 9 11 13 3 5 4 8 1 7 12 2 6 14 
12 7 4 6 10 14 1 11 3 13 5 8 9 2 15 

Search Limit crossed? False

Solutions: 1
WallTime: 11ms
Failures: 0
Branches: 0 

DIMENSION: 20 
Problem:
7 18 14 10 15 19 . 9 . 6 . 1 16 11 13 8 . 2 5 . 
16 1 2 9 . . 10 15 5 17 6 18 . 3 4 . 7 12 . 20 
14 9 16 1 3 6 4 . 12 19 5 2 . . . 11 13 . 15 10 
12 8 11 . 7 17 . . 13 10 14 20 4 18 . 6 15 . 1 9 
. . 4 6 9 . 18 . 16 15 17 . 5 8 20 1 12 10 . 7 
10 . . 5 6 8 . 19 17 2 7 . 12 . 1 4 3 9 13 18 
. 2 . 18 . 4 20 1 9 . 10 16 17 12 11 . 6 3 7 8 
15 16 6 12 8 . 7 . . 13 19 10 . 4 3 . 2 20 9 17 
. 12 8 . 16 5 . 10 18 . 15 11 20 19 6 13 . 7 17 14 
. 4 1 15 17 7 6 5 . 20 2 . 11 10 12 3 . 13 14 . 
3 17 . . . . . 4 10 8 16 9 7 14 2 12 11 5 6 15 
18 . 19 13 . 1 11 8 3 . 4 . 6 2 9 15 10 17 16 . 
2 13 9 14 20 16 8 7 1 . 11 . 3 . . 10 17 . 12 4 
19 3 10 4 11 14 . 13 15 12 1 7 9 . . 17 8 . 20 . 
11 19 . 16 2 9 14 3 8 5 20 4 . 17 15 . 1 6 . 13 
6 . . 7 12 20 13 18 2 16 8 . 14 1 10 9 4 . . 19 
. . 5 11 4 15 9 . 14 3 . 6 8 7 18 16 . 1 2 12 
8 7 3 . . . 15 6 . 11 9 19 2 13 . 18 16 4 10 1 
4 5 7 8 10 3 12 16 . . 18 13 19 . 17 20 . 15 . 2 
20 6 13 19 . . 1 12 7 9 3 17 . 16 8 . 5 14 4 . 

Solution #1  
7 18 14 10 15 19 17 9 4 6 12 1 16 11 13 8 20 2 5 3 
16 1 2 9 19 11 10 15 5 17 6 18 13 3 4 14 7 12 8 20 
14 9 16 1 3 6 4 17 12 19 5 2 18 20 7 11 13 8 15 10 
12 8 11 3 7 17 5 2 13 10 14 20 4 18 19 6 15 16 1 9 
13 14 4 6 9 2 18 11 16 15 17 3 5 8 20 1 12 10 19 7 
10 11 20 5 6 8 16 19 17 2 7 14 12 15 1 4 3 9 13 18 
5 2 15 18 13 4 20 1 9 14 10 16 17 12 11 19 6 3 7 8 
15 16 6 12 8 18 7 14 11 13 19 10 1 4 3 5 2 20 9 17 
1 12 8 2 16 5 3 10 18 4 15 11 20 19 6 13 9 7 17 14 
9 4 1 15 17 7 6 5 19 20 2 8 11 10 12 3 18 13 14 16 
3 17 18 20 1 13 19 4 10 8 16 9 7 14 2 12 11 5 6 15 
18 20 19 13 14 1 11 8 3 7 4 12 6 2 9 15 10 17 16 5 
2 13 9 14 20 16 8 7 1 18 11 15 3 6 5 10 17 19 12 4 
19 3 10 4 11 14 2 13 15 12 1 7 9 5 16 17 8 18 20 6 
11 19 12 16 2 9 14 3 8 5 20 4 10 17 15 7 1 6 18 13 
6 15 17 7 12 20 13 18 2 16 8 5 14 1 10 9 4 11 3 19 
17 10 5 11 4 15 9 20 14 3 13 6 8 7 18 16 19 1 2 12 
8 7 3 17 5 12 15 6 20 11 9 19 2 13 14 18 16 4 10 1 
4 5 7 8 10 3 12 16 6 1 18 13 19 9 17 20 14 15 11 2 
20 6 13 19 18 10 1 12 7 9 3 17 15 16 8 2 5 14 4 11 

Search Limit crossed? False

Solutions: 1
WallTime: 6ms
Failures: 0
Branches: 0 

DIMENSION: 50 
Problem:
7 . 31 26 32 23 20 . 14 19 28 46 24 . 18 39 29 16 . 50 . 34 6 43 1 48 . 4 35 38 13 30 11 25 . 9 36 . . 5 37 41 40 . 33 . 2 . . 45 
9 . 37 46 . 25 5 . 42 6 10 34 . 35 27 . 49 . 18 15 1 11 32 14 22 30 . 16 45 44 . 26 43 . 23 17 21 39 . 20 19 8 50 31 24 41 . . 7 . 
46 10 38 12 1 11 36 . 23 . 4 . 43 9 8 33 . 3 29 . 17 25 19 31 . 39 5 . . . 28 7 21 13 47 42 49 37 48 . . 30 . 45 . 44 22 32 26 27 
2 48 43 . . . 41 28 10 31 . 21 40 13 32 46 5 24 . . 34 1 22 30 6 8 38 35 50 11 . . 9 . . 29 14 18 . 12 44 47 . . 19 17 23 16 49 42 
. 36 8 34 28 . 27 39 22 29 46 48 . 1 31 42 . . 20 14 19 24 10 26 . 35 23 40 7 4 16 . 15 . . 21 . 13 18 . 3 17 . 43 37 49 44 . 47 38 
30 . 46 41 35 38 . . 8 . . 43 12 11 . 37 36 47 49 . 50 4 48 24 17 16 31 23 21 . 32 27 26 . 1 . 13 29 . . . 40 19 18 25 10 15 7 14 28 
32 7 . 47 9 29 11 23 48 10 5 . 31 50 17 . 43 34 22 . 38 . 25 6 15 45 30 . . 37 33 . 12 24 28 . 19 21 35 26 . . . 1 14 8 36 20 2 4 
. . 24 43 16 42 . 14 30 38 32 36 45 6 50 22 26 39 27 37 . . . 2 7 15 41 13 . 34 . . 10 21 35 25 . 20 17 18 9 . 31 23 11 4 19 . 1 8 
47 43 . 45 . 7 . 17 28 . 12 30 18 . 1 15 9 42 16 23 13 36 34 21 . . . . 32 24 44 8 35 10 50 20 40 31 . . 49 22 26 41 3 29 11 38 19 . 
49 5 . 14 50 15 42 24 . . 47 . 37 . 35 30 22 . 36 . 25 . 33 7 26 . 29 27 20 8 18 10 17 48 39 . 16 34 6 9 38 . . 4 44 12 3 11 40 23 
17 34 . 9 20 32 3 . 37 11 50 33 42 . 5 . 38 28 4 . 6 47 . 46 . 31 . 25 . . . 36 29 39 2 16 1 19 23 . 13 21 41 27 10 40 48 14 44 . 
. . . 1 44 41 9 38 . 5 22 10 33 . 20 4 24 2 6 26 40 16 18 48 27 21 46 . 42 . 14 . 47 49 34 . 3 . 36 23 39 35 7 . 30 32 45 17 . 13 
29 25 . . 34 26 47 7 4 . . . 13 . 40 45 28 . 17 41 37 21 43 . 48 . 2 15 12 20 27 31 42 46 18 38 8 24 . . 36 44 11 22 . . 5 10 32 9 
4 45 . . . 1 8 43 35 26 7 24 21 19 15 11 39 31 . 49 44 29 42 10 . 50 . 22 41 3 . 2 16 28 . 32 . 33 38 13 40 . . 12 34 . 25 . 23 36 
27 28 42 32 . . 46 1 . 17 9 18 14 44 6 43 35 25 31 30 . 2 11 19 34 . 10 . 36 48 21 . 20 15 . 49 5 40 4 37 . 12 13 . 23 45 . 39 . . 
43 . 3 8 . 17 . 15 45 49 21 . 16 23 33 32 10 . 37 46 42 20 39 12 11 . 44 . 13 36 . . 40 . 48 14 . 2 22 30 6 50 9 . 4 5 . 18 38 29 
. 15 28 . 11 . 34 32 . 45 23 . 30 42 4 . 31 35 48 43 7 37 24 3 13 25 . 5 33 . 47 22 1 . 10 . . . 40 17 8 36 16 14 46 50 38 19 29 . 
39 40 19 38 2 20 10 41 5 18 36 37 9 15 47 16 7 6 . . . 3 45 . . . 11 8 44 14 . 29 50 . . 4 24 . 26 49 . 46 33 13 17 28 1 31 22 . 
13 47 22 11 46 45 37 3 33 50 2 7 36 32 . 29 4 17 1 44 . . . 8 . 18 . 20 . . 24 39 6 42 . . 38 49 16 43 . 19 48 21 15 14 . 23 30 . 
20 31 50 . 4 8 16 25 21 15 6 13 . 18 . . . 36 44 45 . . 49 22 . 17 7 39 . . . 11 . 23 30 12 37 27 9 40 5 14 32 38 41 26 10 42 46 1 
36 . 30 27 17 . . 42 34 . . 5 20 29 48 . 8 49 . 2 4 . 40 1 32 47 . 50 46 41 39 25 37 19 7 26 44 . 31 . 14 23 . 28 13 6 24 21 9 43 
40 4 18 23 38 43 26 . 29 1 41 16 35 . 2 19 42 15 21 25 30 32 . 13 31 . 48 49 . 12 8 46 . . 22 . 20 14 34 44 28 . . 39 . 33 . 45 36 3 
19 . . 18 . 27 . 31 2 4 . . 50 5 13 48 34 38 25 16 11 15 36 17 23 49 33 . 9 22 7 21 28 47 29 10 . 44 37 32 . 20 1 . . 42 8 3 . 40 
24 . 34 15 30 13 1 . . 20 . 26 . 41 21 9 . 43 28 7 12 5 27 32 . 37 25 2 22 45 . . 18 4 . . 46 48 39 33 11 38 44 6 40 47 35 . 31 . 
14 26 21 17 13 10 25 46 39 22 . 27 . 49 16 24 . . 33 20 18 8 5 45 38 4 . . 31 19 1 15 2 9 36 23 48 . . 35 41 . . . 50 . 12 . 6 47 
1 32 39 . 25 3 . 13 47 14 . . 41 20 49 40 . 29 46 10 21 27 . 50 30 43 36 38 15 26 11 5 . 22 . 34 17 . 12 19 31 . 2 . 8 35 42 24 . 16 
12 . 10 20 31 . 49 45 25 27 1 42 11 38 36 21 48 . . 40 . 13 23 . . 19 28 47 . 17 35 4 32 . . . 15 3 44 8 2 37 30 29 6 24 26 46 18 5 
25 33 11 . 18 19 12 30 . 34 45 . 22 47 14 . 15 8 10 21 9 44 2 . . 23 17 32 29 7 . . 3 . 4 37 . 38 . 31 . 26 46 35 27 48 40 13 24 20 
44 11 . 2 42 12 . 37 17 7 29 31 . 8 46 38 16 4 . . 23 22 1 40 20 10 14 24 25 15 . . . 5 26 6 27 30 . 28 48 43 36 9 . . . . 35 21 
. 21 20 3 . . . 29 1 47 . . . 37 . 50 . . 2 36 43 30 8 42 12 27 34 33 . 10 9 41 . 35 40 28 22 . 24 16 23 39 15 44 18 25 31 49 17 32 
31 6 36 . 45 37 14 . 46 . 3 38 28 30 . 20 17 48 7 27 39 35 15 18 4 . 40 . 23 13 10 12 . 1 33 . . 42 . 34 43 29 8 49 . 2 47 9 . 44 
38 . 33 29 10 44 50 12 . . 27 6 . 31 41 47 30 22 34 32 35 . . 37 45 . 1 36 40 21 43 18 . 14 8 39 . 11 . 25 20 48 . 19 9 . 17 28 . 15 
11 42 35 49 8 28 17 . . 39 14 32 38 . . 7 20 9 . 3 31 . 50 4 29 12 15 48 1 23 19 37 36 45 21 22 33 16 43 . 30 25 . 5 . . . . 10 18 
16 18 44 42 6 . 4 35 13 32 31 28 15 26 . . 37 12 40 . 10 14 . 29 33 . 47 17 11 30 25 . 48 7 . 43 . . 41 22 46 . 23 3 . 34 39 1 8 19 
. 50 1 35 33 49 23 20 44 . 26 . 27 . 19 . . 32 42 48 24 7 12 47 . 29 . 46 39 9 37 3 34 17 38 . 10 41 5 2 . 45 6 36 31 30 . . 15 . 
50 16 26 39 21 . 7 8 31 23 13 44 . 40 12 34 . 20 . 1 49 6 . 38 36 41 . . . 43 30 32 19 3 . 24 18 25 . 46 17 9 47 15 . 11 33 37 . 2 
. 46 . 19 . 4 35 22 . 48 42 . 39 . 7 14 33 11 15 38 . 18 9 27 50 24 45 43 . 31 5 13 30 8 41 . 28 . 1 . . 6 25 32 12 . 29 2 16 26 
42 . . 21 41 . 43 18 6 . 37 22 17 . 26 1 47 19 35 39 45 38 . 28 44 32 13 10 30 . 46 34 7 33 11 3 31 15 . . 4 24 5 . . 23 27 50 . 14 
6 19 2 36 . 14 31 4 3 35 44 9 29 17 . 10 25 7 8 . . . . . 47 . 50 45 27 . 23 16 . 20 13 15 43 1 30 42 26 11 21 40 . . 46 48 34 24 
21 35 12 . 5 18 45 11 . 37 8 3 . . . 41 1 . 23 17 16 10 38 . 25 9 27 44 47 . . . 13 32 . 33 6 22 14 29 34 . 4 24 26 20 28 36 . 39 
35 39 . 40 24 34 21 . . 9 38 12 6 48 . 28 23 50 47 22 27 19 16 25 49 13 8 3 2 . 36 42 . . 44 30 41 . . . . . 14 37 1 31 32 29 5 7 
45 3 4 . 22 40 38 21 11 42 49 29 7 28 . . . 46 32 . 14 . 44 . 41 20 19 30 16 . 17 23 25 12 43 5 35 50 47 . 15 1 . 26 48 . 18 27 . . 
3 13 48 50 . 16 22 5 18 2 24 . 26 . 23 44 32 . . 12 . 45 46 . 35 . . 11 28 49 42 17 41 6 31 . 4 . 25 14 29 33 38 . 39 43 30 40 21 34 
. 41 9 22 43 . 28 34 24 . . 19 23 12 45 26 46 . . 6 3 48 30 44 8 7 39 31 18 1 . 33 . 29 17 11 32 47 15 . 21 42 10 . 20 . 37 . 25 50 
. 17 25 30 36 47 . 19 38 8 34 23 . 14 3 2 21 44 . . . . 7 . 28 22 16 9 43 5 48 24 31 . 15 45 . . 27 1 35 13 29 33 42 37 . 4 . 49 
. 20 45 . 27 30 . . 15 12 48 35 8 36 42 25 41 5 9 . . 50 17 . 24 . 26 . 10 33 . . . 2 3 47 11 23 19 38 . . 28 34 21 18 49 . 4 31 
. . 40 4 39 31 19 36 43 30 17 14 25 46 22 . . 21 38 11 33 26 . 16 10 34 . . . 47 2 6 44 37 42 13 . . 7 50 45 . 27 . 28 15 . . 20 35 
48 8 7 37 49 . 40 27 . . . 47 . 3 . 23 14 45 11 24 32 . 41 . 2 44 22 29 . 16 31 28 . 26 9 36 30 10 33 21 12 34 18 42 35 1 20 5 43 . 
18 2 5 25 . 6 . . . 43 . 17 3 34 30 31 13 10 24 33 28 12 . . . . 32 37 8 42 4 9 27 44 16 40 7 36 21 47 22 15 49 50 . . 14 41 45 46 
. 30 27 . 15 24 2 40 49 44 25 . 1 4 34 . . . 26 42 36 31 28 33 37 11 21 . 19 32 38 47 8 16 45 48 . 46 13 6 10 . 35 20 7 9 . . 50 . 

Solution #1  
7 44 31 26 32 23 20 47 14 19 28 46 24 21 18 39 29 16 3 50 8 34 6 43 1 48 42 4 35 38 13 30 11 25 49 9 36 12 10 5 37 41 40 17 33 22 2 15 27 45 
9 29 37 46 40 25 5 33 42 6 10 34 2 35 27 36 49 13 18 15 1 11 32 14 22 30 12 16 45 44 3 26 43 38 23 17 21 39 28 20 19 8 50 31 24 41 4 47 7 48 
46 10 38 12 1 11 36 16 23 41 4 15 43 9 8 33 6 3 29 35 17 25 19 31 18 39 5 34 14 40 28 7 21 13 47 42 49 37 48 24 50 30 20 45 2 44 22 32 26 27 
2 48 43 7 37 33 41 28 10 31 15 21 40 13 32 46 5 24 39 4 34 1 22 30 6 8 38 35 50 11 26 20 9 36 27 29 14 18 3 12 44 47 45 25 19 17 23 16 49 42 
33 36 8 34 28 5 27 39 22 29 46 48 32 1 31 42 50 41 20 14 19 24 10 26 9 35 23 40 7 4 16 45 15 30 25 21 2 13 18 11 3 17 12 43 37 49 44 6 47 38 
30 22 46 41 35 38 6 44 8 3 33 43 12 11 9 37 36 47 49 5 50 4 48 24 17 16 31 23 21 39 32 27 26 34 1 2 13 29 20 45 42 40 19 18 25 10 15 7 14 28 
32 7 41 47 9 29 11 23 48 10 5 40 31 50 17 3 43 34 22 13 38 42 25 6 15 45 30 18 49 37 33 44 12 24 28 46 19 21 35 26 16 27 39 1 14 8 36 20 2 4 
28 12 24 43 16 42 33 14 30 38 32 36 45 6 50 22 26 39 27 37 29 46 3 2 7 15 41 13 5 34 40 48 10 21 35 25 47 20 17 18 9 49 31 23 11 4 19 44 1 8 
47 43 14 45 48 7 39 17 28 25 12 30 18 33 1 15 9 42 16 23 13 36 34 21 5 2 4 6 32 24 44 8 35 10 50 20 40 31 46 27 49 22 26 41 3 29 11 38 19 37 
49 5 13 14 50 15 42 24 32 21 47 2 37 45 35 30 22 1 36 19 25 28 33 7 26 46 29 27 20 8 18 10 17 48 39 41 16 34 6 9 38 31 43 4 44 12 3 11 40 23 
17 34 15 9 20 32 3 49 37 11 50 33 42 22 5 12 38 28 4 8 6 47 26 46 43 31 18 25 24 35 45 36 29 39 2 16 1 19 23 7 13 21 41 27 10 40 48 14 44 30 
15 37 29 1 44 41 9 38 12 5 22 10 33 43 20 4 24 2 6 26 40 16 18 48 27 21 46 19 42 25 14 50 47 49 34 31 3 8 36 23 39 35 7 11 30 32 45 17 28 13 
29 25 49 6 34 26 47 7 4 33 30 1 13 39 40 45 28 23 17 41 37 21 43 35 48 14 2 15 12 20 27 31 42 46 18 38 8 24 50 3 36 44 11 22 16 19 5 10 32 9 
4 45 47 48 14 1 8 43 35 26 7 24 21 19 15 11 39 31 5 49 44 29 42 10 46 50 6 22 41 3 20 2 16 28 37 32 9 33 38 13 40 18 17 12 34 27 25 30 23 36 
27 28 42 32 29 50 46 1 41 17 9 18 14 44 6 43 35 25 31 30 47 2 11 19 34 3 10 26 36 48 21 38 20 15 24 49 5 40 4 37 7 12 13 8 23 45 16 39 33 22 
43 27 3 8 19 17 24 15 45 49 21 25 16 23 33 32 10 26 37 46 42 20 39 12 11 28 44 1 13 36 41 35 40 31 48 14 34 2 22 30 6 50 9 47 4 5 7 18 38 29 
41 15 28 44 11 21 34 32 9 45 23 20 30 42 4 6 31 35 48 43 7 37 24 3 13 25 49 5 33 2 47 22 1 27 10 18 39 26 40 17 8 36 16 14 46 50 38 19 29 12 
39 40 19 38 2 20 10 41 5 18 36 37 9 15 47 16 7 6 30 34 48 3 45 23 21 42 11 8 44 14 12 29 50 43 32 4 24 35 26 49 27 46 33 13 17 28 1 31 22 25 
13 47 22 11 46 45 37 3 33 50 2 7 36 32 28 29 4 17 1 44 5 41 31 8 40 18 9 20 26 27 24 39 6 42 12 35 38 49 16 43 25 19 48 21 15 14 34 23 30 10 
20 31 50 24 4 8 16 25 21 15 6 13 47 18 29 35 19 36 44 45 2 43 49 22 3 17 7 39 48 28 34 11 33 23 30 12 37 27 9 40 5 14 32 38 41 26 10 42 46 1 
36 38 30 27 17 35 15 42 34 16 11 5 20 29 48 18 8 49 12 2 4 33 40 1 32 47 3 50 46 41 39 25 37 19 7 26 44 45 31 10 14 23 22 28 13 6 24 21 9 43 
40 4 18 23 38 43 26 9 29 1 41 16 35 7 2 19 42 15 21 25 30 32 47 13 31 6 48 49 17 12 8 46 24 11 22 27 20 14 34 44 28 10 37 39 5 33 50 45 36 3 
19 14 6 18 26 27 30 31 2 4 35 41 50 5 13 48 34 38 25 16 11 15 36 17 23 49 33 12 9 22 7 21 28 47 29 10 45 44 37 32 24 20 1 46 43 42 8 3 39 40 
24 23 34 15 30 13 1 10 36 20 16 26 49 41 21 9 3 43 28 7 12 5 27 32 42 37 25 2 22 45 29 14 18 4 19 50 46 48 39 33 11 38 44 6 40 47 35 8 31 17 
14 26 21 17 13 10 25 46 39 22 43 27 44 49 16 24 11 40 33 20 18 8 5 45 38 4 37 42 31 19 1 15 2 9 36 23 48 28 29 35 41 32 3 30 50 7 12 34 6 47 
1 32 39 33 25 3 48 13 47 14 18 45 41 20 49 40 44 29 46 10 21 27 4 50 30 43 36 38 15 26 11 5 23 22 6 34 17 9 12 19 31 28 2 7 8 35 42 24 37 16 
12 9 10 20 31 39 49 45 25 27 1 42 11 38 36 21 48 33 43 40 22 13 23 41 16 19 28 47 34 17 35 4 32 50 14 7 15 3 44 8 2 37 30 29 6 24 26 46 18 5 
25 33 11 28 18 19 12 30 16 34 45 50 22 47 14 5 15 8 10 21 9 44 2 36 39 23 17 32 29 7 6 43 3 41 4 37 42 38 49 31 1 26 46 35 27 48 40 13 24 20 
44 11 32 2 42 12 18 37 17 7 29 31 34 8 46 38 16 4 41 47 23 22 1 40 20 10 14 24 25 15 50 19 39 5 26 6 27 30 45 28 48 43 36 9 49 3 13 33 35 21 
26 21 20 3 7 48 13 29 1 47 19 11 5 37 38 50 45 14 2 36 43 30 8 42 12 27 34 33 6 10 9 41 46 35 40 28 22 4 24 16 23 39 15 44 18 25 31 49 17 32 
31 6 36 16 45 37 14 50 46 24 3 38 28 30 11 20 17 48 7 27 39 35 15 18 4 26 40 21 23 13 10 12 5 1 33 19 25 42 32 34 43 29 8 49 22 2 47 9 41 44 
38 24 33 29 10 44 50 12 7 46 27 6 4 31 41 47 30 22 34 32 35 23 13 37 45 5 1 36 40 21 43 18 49 14 8 39 26 11 2 25 20 48 42 19 9 16 17 28 3 15 
11 42 35 49 8 28 17 2 27 39 14 32 38 24 44 7 20 9 13 3 31 40 50 4 29 12 15 48 1 23 19 37 36 45 21 22 33 16 43 41 30 25 34 5 47 46 6 26 10 18 
16 18 44 42 6 36 4 35 13 32 31 28 15 26 24 27 37 12 40 9 10 14 21 29 33 38 47 17 11 30 25 49 48 7 20 43 50 5 41 22 46 2 23 3 45 34 39 1 8 19 
22 50 1 35 33 49 23 20 44 28 26 4 27 16 19 13 40 32 42 48 24 7 12 47 14 29 43 46 39 9 37 3 34 17 38 8 10 41 5 2 18 45 6 36 31 30 21 25 15 11 
50 16 26 39 21 22 7 8 31 23 13 44 10 40 12 34 27 20 45 1 49 6 14 38 36 41 35 28 4 43 30 32 19 3 5 24 18 25 42 46 17 9 47 15 29 11 33 37 48 2 
34 46 23 19 3 4 35 22 40 48 42 49 39 10 7 14 33 11 15 38 20 18 9 27 50 24 45 43 37 31 5 13 30 8 41 44 28 17 1 36 47 6 25 32 12 21 29 2 16 26 
42 49 16 21 41 9 43 18 6 40 37 22 17 25 26 1 47 19 35 39 45 38 20 28 44 32 13 10 30 29 46 34 7 33 11 3 31 15 8 48 4 24 5 2 36 23 27 50 12 14 
6 19 2 36 12 14 31 4 3 35 44 9 29 17 39 10 25 7 8 28 41 49 37 5 47 33 50 45 27 18 23 16 22 20 13 15 43 1 30 42 26 11 21 40 32 38 46 48 34 24 
21 35 12 31 5 18 45 11 19 37 8 3 48 2 43 41 1 30 23 17 16 10 38 49 25 9 27 44 47 50 15 40 13 32 46 33 6 22 14 29 34 7 4 24 26 20 28 36 42 39 
35 39 17 40 24 34 21 26 20 9 38 12 6 48 10 28 23 50 47 22 27 19 16 25 49 13 8 3 2 46 36 42 45 18 44 30 41 43 11 15 33 4 14 37 1 31 32 29 5 7 
45 3 4 10 22 40 38 21 11 42 49 29 7 28 37 8 2 46 32 31 14 9 44 34 41 20 19 30 16 6 17 23 25 12 43 5 35 50 47 39 15 1 24 26 48 36 18 27 13 33 
3 13 48 50 47 16 22 5 18 2 24 8 26 27 23 44 32 37 19 12 15 45 46 9 35 36 20 11 28 49 42 17 41 6 31 1 4 7 25 14 29 33 38 10 39 43 30 40 21 34 
5 41 9 22 43 2 28 34 24 36 40 19 23 12 45 26 46 27 14 6 3 48 30 44 8 7 39 31 18 1 49 33 38 29 17 11 32 47 15 4 21 42 10 16 20 13 37 35 25 50 
10 17 25 30 36 47 32 19 38 8 34 23 46 14 3 2 21 44 50 18 26 39 7 20 28 22 16 9 43 5 48 24 31 40 15 45 12 6 27 1 35 13 29 33 42 37 41 4 11 49 
37 20 45 13 27 30 44 6 15 12 48 35 8 36 42 25 41 5 9 29 46 50 17 39 24 40 26 7 10 33 22 1 14 2 3 47 11 23 19 38 32 16 28 34 21 18 49 43 4 31 
8 1 40 4 39 31 19 36 43 30 17 14 25 46 22 49 18 21 38 11 33 26 29 16 10 34 24 41 3 47 2 6 44 37 42 13 23 32 7 50 45 5 27 48 28 15 9 12 20 35 
48 8 7 37 49 46 40 27 50 13 39 47 19 3 25 23 14 45 11 24 32 17 41 15 2 44 22 29 38 16 31 28 4 26 9 36 30 10 33 21 12 34 18 42 35 1 20 5 43 6 
18 2 5 25 23 6 29 48 26 43 20 17 3 34 30 31 13 10 24 33 28 12 35 11 19 1 32 37 8 42 4 9 27 44 16 40 7 36 21 47 22 15 49 50 38 39 14 41 45 46 
23 30 27 5 15 24 2 40 49 44 25 39 1 4 34 17 12 18 26 42 36 31 28 33 37 11 21 14 19 32 38 47 8 16 45 48 29 46 13 6 10 3 35 20 7 9 43 22 50 41 

Search Limit crossed? True

Solutions: 1
WallTime: 10840ms
Failures: 106087
Branches: 212166 

DIMENSION: 75 
Problem:
14 44 54 43 . 22 74 46 . 56 66 73 28 15 23 . . 45 . 65 38 61 17 19 55 . 13 52 26 62 12 35 37 16 . . . 60 57 2 29 64 49 40 59 69 71 . 58 . . 36 24 5 . 7 25 39 . 53 10 3 . 20 68 . . . 42 18 48 30 27 6 75 
. 49 66 38 57 52 65 51 58 6 30 27 47 19 1 . . 74 . 20 3 12 . 17 . . 29 75 16 4 . 10 42 . 61 56 . 5 18 41 21 15 24 2 50 36 . 40 . 44 . 45 54 33 37 . 35 67 8 63 64 70 39 46 . 72 23 . 25 . . 22 32 43 9 
49 . 33 6 . 19 68 . 15 . 44 67 56 . 7 27 70 . 75 64 43 13 41 . 17 45 73 . 20 9 . 52 60 63 . 61 1 11 26 35 31 21 . . . 55 36 24 . 39 62 58 59 65 48 72 71 50 12 10 42 40 54 8 . 22 51 . 37 38 . 53 . . 4 
38 63 65 11 59 58 61 6 . 9 42 30 18 . . 45 36 49 . . . 21 . 70 72 53 67 . 32 . 75 1 34 25 68 39 56 . 5 64 41 47 28 23 . 74 . 66 . 26 40 14 4 . . 54 48 44 31 35 50 62 2 29 8 10 . 16 55 15 . . 19 . 3 
. 64 30 67 . 21 51 32 53 . 14 70 69 . 52 11 54 16 24 27 . . . 49 62 . . 19 . 60 3 . 74 7 . 17 28 . 10 22 39 31 1 72 58 5 34 26 . . 12 37 42 50 . . 45 38 . 20 . 36 75 57 33 13 29 47 41 2 35 40 66 4 61 
63 30 34 70 3 53 71 31 . 14 . 13 . . 4 . 7 5 67 25 6 58 55 12 . . 17 60 28 19 . 39 62 . 16 35 33 42 50 18 73 . 59 44 . 56 . . 32 69 72 . 36 68 11 64 38 . . 26 27 21 74 40 57 61 . 23 10 45 65 . 9 37 . 
10 . 27 3 42 44 67 52 . . 4 60 24 35 57 . 19 69 46 29 . 72 . 47 . . 14 . 74 . 1 75 64 33 12 50 58 . 45 . 7 13 16 51 49 70 15 62 59 61 53 . . 40 . 48 56 30 39 . 37 . 34 . 31 11 28 71 73 6 . 9 18 55 23 
. 56 . 74 49 . . 21 75 65 12 15 43 14 8 26 66 . 28 39 19 37 10 40 . 52 72 7 17 . . 57 71 51 32 . . 44 64 . 61 70 18 27 . 41 47 . . 30 33 50 5 45 36 59 22 9 25 . . . 53 11 55 42 60 29 58 1 38 . 20 3 73 
30 36 . . 39 66 37 12 . 42 64 3 31 58 . 61 65 17 47 59 60 53 1 54 2 6 . . . 49 20 55 35 44 40 27 62 . 19 8 46 . 73 14 25 23 56 57 . 72 7 9 . . 33 43 . . 67 52 34 74 . . 18 51 5 28 38 68 24 48 16 . . 
. 68 70 . . 65 59 11 62 73 . 7 72 33 44 58 46 1 53 40 35 71 56 . 69 38 43 20 . . 47 13 55 30 . 48 34 8 . . . . 51 26 24 . . 32 . 22 . . . 21 . 10 . 36 19 37 39 6 64 14 66 54 27 25 49 12 67 61 28 60 57 
72 20 62 25 . 18 55 58 28 . 50 34 54 57 69 8 47 11 30 10 29 . 42 37 56 . 71 . 64 38 . 68 26 23 1 66 45 . . 74 17 . . . . 75 61 70 60 . . 35 33 15 12 21 16 51 . 44 6 . 67 5 32 31 49 59 9 . 36 4 48 2 . 
. 53 45 55 61 . 64 75 35 70 19 . 41 74 71 . . 58 16 46 49 4 . 21 29 3 33 25 2 18 9 . 27 36 15 65 52 67 . 26 22 7 . 56 . 37 . 31 . 54 28 48 30 6 57 69 51 42 73 39 5 8 10 . . . . 38 60 62 . 24 13 . 47 
39 45 3 28 10 73 36 64 . 26 47 35 65 4 . 42 34 . 58 32 5 . 18 9 11 1 52 6 57 41 16 70 25 13 30 24 . 74 17 21 . 67 . 8 27 . 62 69 . 31 . . 2 75 54 . . . 23 19 14 . 48 71 . 20 12 40 46 . . 38 . 61 49 
5 . . 34 23 9 26 . 19 66 68 54 10 48 . 21 16 7 . . 71 43 70 32 . 57 27 62 . 13 18 61 17 24 2 . . . 11 60 14 41 37 46 36 65 72 3 38 52 49 59 . 47 40 . 58 . 29 75 . 69 . 30 25 56 4 73 6 74 . 39 64 . 55 
8 . 17 . 14 11 2 . . . 5 25 6 52 . 39 67 4 59 34 48 46 22 72 . 60 41 10 . 21 . 51 . . 47 49 54 3 69 58 74 37 45 . 32 53 27 28 40 55 73 . 57 . 43 44 1 26 56 50 38 63 36 . 7 . 42 . . . . 64 15 . 13 
71 51 60 . . 27 . 17 . . 40 48 12 43 68 . 24 14 22 26 62 . 39 53 4 20 6 32 65 50 . 8 63 55 36 . 30 37 67 . 35 66 5 9 74 7 42 . . . . 28 16 . 13 2 10 . 45 3 29 73 57 19 38 41 59 56 . 70 31 . 72 . 64 
75 . 23 . 55 10 . . . . . 63 . 31 40 . 68 36 4 21 24 . 15 . 39 . . 74 11 37 17 7 28 53 . 32 61 58 1 48 67 38 . 65 2 49 70 29 26 41 42 34 14 13 59 6 . . 50 69 46 54 8 12 64 35 44 30 56 43 72 . 22 73 20 
16 38 36 56 . 14 . . . 60 11 74 53 2 . 62 25 26 . 42 . 8 3 . . 64 40 15 61 12 43 54 . 9 35 22 67 41 55 66 . 58 4 52 44 72 5 . . 46 13 10 34 18 75 . 50 20 59 6 51 49 19 48 21 . 73 37 . 71 29 . . 65 17 
. 55 21 62 1 15 3 53 31 72 7 23 . 10 . 68 73 75 . 6 67 . . 51 30 48 45 26 8 64 60 14 41 47 19 12 57 25 56 . . 46 . . 11 17 . . 5 58 . 52 . . 9 29 61 16 . 54 18 37 71 42 70 . 38 33 20 . 27 63 36 39 34 
. 35 . . 48 . 57 2 27 61 . . 58 . 62 24 10 8 55 47 44 52 20 64 19 21 37 36 13 . 70 71 31 15 . 72 60 68 9 5 59 . 23 . 46 . 16 65 33 56 . . 38 34 3 25 . 66 . 42 . 17 50 73 69 . . 63 45 11 1 75 40 . . 
59 13 69 41 . 47 63 . . 39 . . 74 26 54 . 30 23 . 8 51 33 64 14 25 70 19 4 6 29 73 9 . . 37 44 21 . . 12 2 27 36 28 45 48 68 56 75 65 32 72 43 62 53 3 34 10 . 58 35 . 16 . . 1 . 67 57 46 20 7 50 . . 
69 . 41 52 22 68 47 56 44 21 16 19 33 73 27 51 38 30 31 17 15 5 . 50 45 42 64 . 34 54 14 2 8 . 57 . . 20 74 7 . 72 10 . . 24 . 13 1 35 6 . 37 61 . 53 75 58 . 11 . 26 . . 63 62 18 . 48 . 66 . 4 9 71 
13 34 44 39 . 64 . . 37 . 46 72 62 21 . 41 55 . 26 11 27 36 25 42 . 32 60 65 . 58 53 . 49 70 52 . 18 38 3 40 12 . 29 67 . . 2 14 17 45 23 74 8 . . 22 . 56 . 71 1 68 5 . 4 . 50 31 43 7 73 33 . 24 19 
20 . 67 . 56 32 . 63 71 15 9 55 73 46 12 31 . 43 66 57 17 28 . 60 13 . 23 70 . 45 30 62 . . 39 16 38 34 . 53 5 . 52 21 37 6 50 49 51 . . 3 72 25 26 75 . . 64 8 54 10 14 58 35 2 48 4 . . 33 27 1 41 . 
40 58 74 . 66 54 28 69 72 36 53 14 51 42 16 32 61 . 18 56 . . 21 23 59 13 2 29 75 71 31 47 . . . 30 . 63 . . . . 20 41 60 . 3 . 37 . 25 1 . 46 5 35 52 73 24 . 45 44 9 49 39 15 8 . . 64 17 26 12 7 . 
51 9 28 10 16 . . 40 . 8 27 1 . 7 . 33 . . 13 54 11 62 50 46 67 41 . 12 5 59 45 53 73 . 69 4 70 15 75 72 . 34 . . 48 2 21 17 23 43 36 22 . 66 . 68 37 52 14 64 49 . 38 31 47 32 . 42 71 29 . 55 . 18 . 
61 . 63 72 46 16 12 4 51 47 29 . . 49 9 60 13 18 . 22 . . 34 . 36 . 56 68 54 74 55 40 58 . 33 . 32 . . 65 . 20 . 59 8 71 66 1 27 . 38 67 3 . . 14 39 35 11 30 . 25 21 . 5 43 52 48 2 23 41 15 . 69 28 
. 3 . 20 . 75 4 70 74 40 60 51 66 27 33 23 50 37 14 . 32 2 . 11 5 25 46 . . . 28 15 . 56 48 71 59 . 39 10 . 62 8 35 69 . 57 18 . . 21 53 6 55 34 24 31 12 13 . 41 58 30 7 36 . 17 61 . 44 19 43 . . 1 
43 60 . 27 47 51 52 . 36 30 . 42 9 64 25 73 37 70 72 33 14 . 67 13 28 . 57 69 3 7 50 49 20 . 8 41 17 2 . 1 . 45 22 75 40 . 38 34 74 59 . 65 10 . 15 . 66 . 62 . . 23 . 35 19 . 31 68 . 4 21 6 56 . 5 
26 5 53 45 13 23 43 . 42 35 . 75 25 . 72 . 1 . . . 46 . 19 62 15 27 65 31 55 24 40 22 9 52 . . . 33 66 61 48 69 12 4 70 47 . . 30 57 39 8 . 51 7 63 20 59 28 67 71 . 29 32 34 37 6 54 . 14 56 74 . 21 . 
11 1 39 48 . 71 50 . 38 49 . . 61 . 41 72 6 33 2 12 75 9 36 58 52 73 68 3 . 44 35 42 53 . 7 14 66 . 70 19 26 . 67 . 62 31 . . 4 . 30 27 46 60 64 51 57 32 22 24 . . . 34 13 . 20 . 28 8 47 37 74 56 54 
54 . 51 31 43 34 66 . 70 33 . . . 50 13 12 . 68 49 7 45 59 . 2 . 35 . 41 53 56 26 72 1 67 17 . 29 71 . 4 . 22 . 24 63 40 23 37 62 14 20 61 15 . . 55 8 46 48 21 74 28 47 . 75 16 . 65 19 . 52 60 73 64 25 
15 71 35 57 38 6 32 72 2 29 36 . . 55 48 . . 62 20 30 9 . . . 53 18 12 1 47 66 44 41 70 . 58 26 . 69 16 . 34 . 61 37 33 10 4 . 65 3 75 42 25 28 73 45 21 . 63 43 . 31 17 54 23 . . 11 8 27 13 . 46 74 . 
17 . 19 35 72 39 . 43 45 10 25 61 64 75 . 63 . 44 6 . 65 73 8 5 9 22 . 50 46 . 49 . 30 40 . . 47 . 71 11 4 74 57 3 55 13 67 41 31 . 29 21 23 52 . . 36 54 . . 12 60 7 59 . . 15 24 18 . 69 1 70 53 51 
66 28 . . 36 2 . 41 4 . 51 46 5 32 17 48 39 19 50 . 26 55 6 . 1 16 10 14 31 . . 67 18 69 . 57 . 23 . . 47 . 40 25 64 27 13 74 45 . 44 30 21 11 68 . 24 63 70 56 61 75 73 43 59 49 62 . . 33 9 34 60 . 29 
37 41 72 . . 8 39 68 5 58 43 . 49 20 . . 44 42 64 . 7 60 23 36 57 50 . 45 . 53 24 73 51 3 10 67 74 . 13 29 15 6 38 66 12 4 69 25 . 47 46 31 . 19 . 18 11 . 26 . . 34 28 62 30 14 . 55 75 . 32 71 63 . 48 
52 . 5 . 33 72 . 8 23 . 57 41 . 30 15 . 43 . . 31 53 40 . 61 16 51 36 49 60 22 67 . 54 29 6 11 19 21 34 71 58 . 70 13 26 1 . 2 . 10 3 46 73 . 32 . 59 65 . 74 66 4 63 55 24 . . 20 35 50 39 17 69 48 45 
. 47 59 32 . 5 75 23 73 4 56 6 63 61 66 34 . . 27 24 64 49 . . 51 15 31 67 10 . 39 20 . 68 50 . 69 18 7 3 71 53 35 16 14 30 . 36 9 40 74 57 44 . 62 28 41 25 43 45 2 . . 52 58 . 46 8 13 . . . . 11 21 
27 67 . 64 . . 69 66 3 . 65 . 45 . . 13 . . 32 1 59 48 . 75 37 24 58 47 41 . 10 74 14 12 23 52 . 53 21 15 43 4 30 33 . 73 25 22 7 50 16 62 17 . 19 . 63 . . 28 . 18 20 44 2 29 34 46 72 5 60 . 35 70 8 
36 4 29 19 62 . 15 . 34 2 45 . 26 24 51 44 35 20 73 . 61 . . 74 . 54 9 . . 3 . 46 66 39 55 18 13 56 40 27 . 57 42 5 31 . 10 75 70 . 58 . 60 69 . 1 . 37 68 33 . 38 6 28 48 63 71 . 12 17 22 65 . 72 50 
33 57 49 26 34 63 8 18 . 27 . 50 11 . 39 43 60 21 41 . 12 . 66 . 48 58 30 35 23 . 71 . . 72 . 38 . 75 47 . . 42 55 . 20 54 45 5 15 37 69 25 . 2 52 74 . 1 36 7 19 46 4 51 . 28 70 . 24 61 64 31 44 13 53 
. 37 25 8 70 . 46 44 10 52 72 2 . 34 55 50 . 41 7 49 16 19 38 26 21 . 24 61 35 11 27 . . . 22 51 31 14 63 68 54 48 . 12 1 . 58 23 57 36 66 . . 4 . 9 65 . 71 . 17 . 45 18 40 5 . . . 28 53 47 62 15 33 
. . . 71 31 48 29 50 61 62 2 . 22 63 10 . 17 . 34 70 42 . 5 73 46 . 75 . . 43 65 56 . 1 4 69 8 . 68 44 51 36 3 55 23 . 14 20 72 12 . 40 . 16 . 27 53 19 57 60 9 7 52 24 . 18 66 64 . 54 15 59 . 26 . 
21 29 . 42 4 . 40 30 7 5 . . . 12 . 9 52 46 51 44 . 67 32 . 58 17 16 39 24 15 8 . . 41 53 25 10 43 61 28 69 59 65 45 . . 54 68 71 27 70 13 50 72 6 19 . . 34 73 22 . . 1 3 64 47 35 . 60 49 18 . 20 26 
19 11 8 40 58 46 9 45 26 34 24 65 27 . 67 74 75 . 35 . . 20 16 15 18 56 70 21 33 . . 37 . 60 59 68 . 36 . 32 . 55 47 17 7 28 . 63 43 51 41 . . . 69 . 44 72 1 38 57 . 42 25 62 53 64 50 29 . 2 . 31 49 52 
. 25 11 . 24 59 16 29 64 37 49 28 . 68 . . 4 2 38 19 63 1 71 . 31 30 53 57 39 52 . 45 46 50 66 . 23 12 . . 8 56 . 69 13 . 6 . 20 33 . 44 7 26 41 62 . 70 27 32 47 . 72 67 54 48 . 36 14 9 . . 55 34 . 
6 31 50 . 45 . 14 37 12 . 21 62 32 47 58 7 20 35 1 . . 27 . 44 . . . 55 . 42 57 65 59 66 . 8 26 17 73 . 64 60 . . 28 61 9 71 39 2 11 23 . 24 10 5 3 49 4 34 15 . . 13 29 75 16 52 36 25 74 41 67 . . 
. 74 . 14 44 43 . 48 25 50 . 57 . 16 53 54 9 12 63 38 28 26 . 6 . 11 1 66 36 67 15 . 45 17 . 47 51 39 35 . 60 52 21 34 18 20 46 8 24 68 27 41 . . . 13 7 2 72 23 30 59 32 64 . 33 . 22 . 73 55 3 . 5 . 
42 40 15 61 60 . 34 . . 31 . . 71 65 18 38 21 47 25 55 39 41 37 29 27 46 49 64 72 . 5 28 . . 24 . 36 48 . 50 57 9 54 . 19 . 26 52 6 8 56 73 11 43 35 30 . . 74 4 . 16 . . 22 58 69 . 32 66 . 10 68 67 63 
4 46 . 63 53 50 23 60 9 75 70 69 37 11 . . 15 . 21 . 47 . 73 43 44 65 22 . 12 1 . 18 . 38 67 7 48 . 31 45 13 14 . 54 . . 49 . 42 66 10 17 74 35 16 . . 71 52 . 55 51 . 36 28 34 19 . 64 20 68 25 41 33 62 
3 48 68 73 12 35 60 5 . 67 41 . . . 6 65 53 29 . 18 30 54 2 . 23 34 . 56 14 . 38 . 43 74 71 40 20 . 15 47 44 49 17 . 16 62 24 . . 32 64 . 66 9 22 . . 75 37 27 7 1 . 33 . 39 57 13 26 52 28 46 . 50 10 
50 54 12 13 . 69 22 . . . . 64 . 38 36 20 . 60 45 72 37 39 74 . 75 23 . 40 73 28 48 24 65 31 25 . 46 61 58 . . 26 11 53 52 . 32 6 3 62 2 7 . 29 1 56 42 5 16 15 4 . 44 41 . 19 30 17 21 49 43 . 71 . . 
34 15 10 54 35 37 73 38 67 63 28 26 8 53 70 25 59 32 29 45 13 . . 30 74 . 61 16 . 57 72 44 69 . 27 23 . . 2 . 24 33 9 68 71 . . . . 48 . 4 12 . 47 . 64 17 66 55 62 41 56 65 . . 21 60 39 19 42 . 11 58 46 
35 24 . 59 69 4 . 15 43 3 . 71 . . 50 14 . 6 . 61 55 25 54 38 66 74 . 44 . . . . 12 20 49 . 68 62 . 39 53 28 63 22 73 26 . . 64 5 34 19 45 37 58 65 32 21 51 29 70 57 41 16 . 47 56 10 . 75 23 8 52 27 67 
. . . . 51 7 20 42 54 . 38 . 35 44 43 . 32 59 . 23 68 30 29 . 60 . 55 11 4 70 . 63 13 5 . 33 75 28 . 24 72 73 . 47 . 3 65 10 41 9 8 12 52 . 67 50 15 22 6 . 53 66 61 . 17 27 40 2 34 69 57 62 14 31 58 
44 73 7 60 25 3 53 54 33 64 63 . 34 29 . 71 . 55 . 28 . . 9 . 26 . 35 8 62 75 . 17 16 27 38 46 37 4 30 . 50 18 43 . 41 58 40 48 10 . 57 47 1 22 51 . 6 . . . 72 67 . 74 14 68 36 49 59 31 12 32 . . 66 
. 10 . 58 74 41 5 . . 1 52 11 30 . 3 18 . 61 40 . . 64 47 . 70 29 63 . 48 34 36 12 15 43 42 28 55 59 . . 38 17 33 60 6 19 31 . . 23 . . 75 39 56 71 4 . 46 14 20 72 . 45 67 26 22 . 66 53 8 35 24 . 27 
. 16 . 12 29 31 . 13 22 11 8 59 . 6 65 . 72 15 19 75 . 38 48 57 71 40 20 . . 61 74 66 . 45 14 5 64 51 4 . 37 . 46 39 34 43 . 60 49 . 35 . . 30 . 32 47 . 55 17 68 9 23 27 1 24 . 53 . 36 10 58 2 42 41 
60 19 . 29 27 28 35 73 69 53 . . 55 70 21 10 48 65 . 15 34 63 57 45 61 39 51 46 68 . . . . 26 74 2 6 50 22 . 30 . 31 49 4 66 . 38 56 18 . 75 40 . 23 11 17 41 20 62 24 71 58 . 42 . 72 . . 67 44 . 43 14 16 
67 2 38 17 . 26 . 34 8 18 . 58 16 66 46 15 41 72 54 . 56 14 24 35 73 63 . . 1 32 19 5 57 11 45 43 . 64 . 30 33 50 60 48 75 68 59 . 28 70 71 29 . 12 . . 55 62 10 40 36 20 . . 61 74 65 . . . 6 . 53 47 37 
62 50 . . 64 42 17 1 41 20 26 9 15 . 2 35 8 . . . . 57 63 28 . 47 44 72 38 40 58 . 5 32 21 45 71 70 14 31 18 . 68 36 29 33 37 . 61 . 24 54 27 48 65 67 19 34 . 16 25 39 . 6 . 46 43 12 30 . . 73 . 10 74 
24 . 46 . 41 61 10 3 49 23 . 47 20 62 . 2 . 34 33 36 . 50 60 . 43 9 8 . 15 31 64 19 38 14 . . 4 55 . 57 27 25 . 7 . 22 29 72 16 53 63 . 28 67 71 42 12 6 75 . . 32 40 . 73 66 39 21 69 . 30 11 58 45 44 
29 72 . 24 6 49 41 . 16 . 73 37 7 . 42 19 . 40 . 60 33 31 46 20 . 8 47 63 . 27 2 64 . 57 11 . 53 45 28 23 66 30 . . 56 21 52 44 12 . 65 . 13 70 18 34 . 68 5 36 26 . 1 3 . 9 54 75 22 55 . 50 25 17 15 
18 39 73 23 75 20 72 36 50 38 54 10 . . . 4 . . 62 . 66 15 33 . . . 48 . . 8 11 30 68 28 65 1 49 . 60 69 45 . 14 42 35 9 74 55 53 7 67 . 58 27 17 57 70 24 40 25 13 . 22 61 . . . 43 52 . . 19 34 59 31 
28 6 13 . 9 45 . 71 30 22 34 . 52 . 29 70 58 73 39 5 40 47 62 67 . . . 51 . 33 . . 50 75 20 42 43 19 48 . 3 1 41 63 72 . 35 16 25 24 31 . 65 64 38 . 23 74 2 . 11 53 68 . 56 4 14 7 . 10 . 44 17 32 12 
25 61 43 15 . . 33 . 46 . 6 . 21 3 24 1 29 28 52 . . 18 58 4 . 12 7 59 44 55 68 11 39 64 26 60 . 57 54 63 16 5 . . 65 34 30 35 50 73 17 38 . 56 72 41 . 69 53 . 23 45 . . . 71 10 70 51 37 . 67 8 75 42 
53 7 2 . 15 33 24 26 55 . 20 21 40 39 37 29 . . 57 71 . . 28 16 8 . . 17 67 46 22 27 4 48 73 64 42 54 6 75 . 51 50 . 10 14 41 12 . . 59 49 . 1 66 52 68 3 . . . 11 35 56 . 23 58 32 47 . 45 69 61 30 36 
9 22 47 7 20 17 54 . 1 45 69 53 50 . 64 46 57 25 . 74 . . 52 34 . 59 4 48 70 73 37 38 21 10 75 . . 6 . 56 40 61 66 31 51 12 44 67 13 19 43 . 71 23 55 . . . 42 . 65 29 27 . 41 30 11 39 . 32 . 68 . 36 . 
57 . 64 . 40 . . . 60 . 23 . 2 45 . 56 28 31 5 . . 74 61 71 63 36 38 42 30 17 . 50 52 4 . 19 72 10 65 6 . . 39 62 . 29 75 53 34 25 . 55 51 8 . 66 73 18 . . 21 47 70 37 15 67 13 14 27 26 58 20 54 22 . 
48 18 16 33 . . . 14 20 . 22 29 23 5 35 37 64 52 42 73 74 56 72 1 12 7 . 53 49 47 62 . 67 65 . 21 . 30 46 36 . 24 13 . . 57 8 . 19 4 60 63 68 . 2 . . 40 . 51 31 50 26 66 43 45 41 . 15 34 75 . . 44 38 
46 . 52 . 37 56 42 61 . 41 55 43 . 28 60 53 71 . 3 58 . 69 59 33 20 . 32 23 . 36 4 . 48 . 62 9 35 72 12 38 . . . 10 . 15 . 54 67 11 1 6 63 7 24 26 18 13 . 68 . 14 25 17 44 8 45 19 70 22 50 2 57 . . 
. 66 4 2 73 . . 39 24 . 37 . . 13 14 17 3 54 71 . 58 51 75 31 50 55 . 28 40 . 21 . 32 49 . 63 5 35 41 . 11 12 64 15 . . 60 . 8 67 26 . 22 10 27 38 69 47 44 1 . . . 70 20 . 25 18 23 56 . 36 29 62 72 
47 70 56 75 26 40 1 28 6 54 31 68 59 36 61 30 45 . 23 . 21 7 49 55 . 37 . 33 71 48 . 16 . 73 51 74 . 13 . . . . 62 64 . . 12 58 69 . 15 11 53 63 50 4 27 29 18 . 32 52 24 22 . 3 . 9 17 . 34 42 39 8 43 
. . 40 53 50 . . 16 48 55 1 18 14 . 47 . 27 . 36 51 41 . 4 52 7 10 . 34 59 68 63 . . . 5 54 24 . 20 13 23 32 25 57 17 44 . 11 73 49 . 33 67 74 39 70 . . 21 9 3 56 62 2 12 60 . 15 . 30 26 72 . 35 69 
. 33 . . 30 74 56 22 57 16 35 8 38 1 19 69 12 . 17 . 36 70 51 39 64 44 3 37 42 . . 4 2 . . 75 40 . 59 49 62 71 15 58 61 . 11 50 29 60 55 32 48 . . 73 67 43 . 31 . 27 65 . 53 25 . . 68 41 18 . 5 46 . 

Search Limit crossed? True

Solutions: 0
WallTime: 30044ms
Failures: 369568
Branches: 739003 

DIMENSION: 100 
Problem:
. . 60 64 31 30 98 80 66 42 . 33 65 . . 5 . 75 63 90 13 8 . 89 . 56 69 . 23 59 35 93 9 . . 19 73 16 . 88 52 55 . . 47 . . 83 26 78 92 50 . . 6 67 62 85 43 74 87 11 46 2 48 39 34 96 84 76 . 21 40 . 24 51 38 68 . 53 . 37 71 58 100 22 . 3 57 14 77 86 32 . . 72 20 94 45 81 
. 9 57 100 87 26 82 83 77 28 16 23 84 45 69 66 . 90 64 25 65 39 62 5 19 27 6 . 56 37 . 34 . . 41 73 . 89 30 . . 20 61 52 88 . . 53 . 11 71 70 7 67 24 59 21 . 92 44 38 . 14 12 60 91 36 93 18 63 79 8 2 3 81 . 47 10 74 . 68 . 40 85 . 55 . 72 33 54 . 80 . . . 86 . 97 78 . 
57 . . 2 13 83 12 31 45 6 63 17 . 55 59 76 66 . 82 88 64 10 71 1 65 . 72 44 96 26 90 73 38 87 . 36 78 95 100 . 11 81 29 80 84 . 33 70 . 43 . 5 23 . . 22 86 94 8 16 . 18 47 97 24 93 . 49 50 . . 85 . 68 40 37 32 . 75 67 9 46 . . . 19 . 69 . 99 34 . 56 7 42 20 . 77 54 51 
. 19 . 72 . 90 14 92 5 97 35 . 82 12 51 28 85 . . 22 77 31 86 17 21 11 . 57 60 78 23 . 94 40 42 . 47 91 . 52 70 . . 4 . 36 . 18 . 27 64 . . 13 10 87 33 38 . 88 . 30 . 50 69 81 89 34 . 75 2 . . . 8 54 24 39 62 61 25 65 29 . 95 73 41 71 . 48 83 37 96 53 45 26 56 32 79 74 
75 . . 18 . 36 43 27 67 29 45 87 54 73 46 60 84 83 3 74 . 30 21 11 99 . 24 . 2 89 . 40 51 93 94 63 98 55 23 59 . . . 20 32 1 . 100 76 86 . 90 95 88 19 50 97 25 37 . 31 26 96 . 57 . 15 . 85 91 . 92 47 82 . 56 . . 39 44 10 14 48 41 . 28 61 . 13 68 78 49 72 16 53 . 12 . . 52 
48 81 90 56 62 40 65 . 3 99 69 100 75 . 9 2 37 . 12 . 59 36 . 52 68 19 43 74 . . 67 29 39 . . 7 8 18 38 55 . 98 57 53 66 86 77 . 89 84 . 54 . 44 60 85 41 15 45 20 . 79 61 . 82 4 28 46 93 35 72 . 97 . 87 70 6 50 80 21 63 94 42 5 . 26 17 . 23 . 30 . 16 . 88 13 73 . . . 
8 38 59 11 . . . . 27 . 85 43 96 83 65 98 71 69 56 82 57 40 60 . 100 35 . 53 81 23 78 74 66 6 . 97 91 10 63 . 41 . 44 50 79 2 13 36 99 . 72 76 70 84 . . 68 9 30 . 42 3 1 49 46 16 7 . 45 95 47 58 54 . . . 80 22 . 64 . 51 67 . 5 . . 90 61 92 14 17 28 93 12 52 88 . . 25 
. 77 78 9 . 100 . . 14 47 71 7 16 98 48 4 . 15 80 55 40 . 41 30 . 18 26 . 63 35 21 . 68 82 96 5 39 58 88 . 99 10 6 36 54 61 60 2 . 94 59 45 . . 11 64 76 . 1 . . 32 34 37 51 29 27 3 17 13 67 . 75 95 . 69 86 . 50 . 66 49 8 97 73 87 74 . 24 90 . . 43 56 . 22 83 84 . 93 
45 64 44 7 . 23 95 . 35 20 1 14 41 . 61 49 27 71 79 . 29 . . 46 . 16 21 . 3 85 69 . 12 51 48 24 76 . 97 70 38 50 87 . 65 77 . . 94 47 33 26 37 . 100 . 18 8 52 10 . 28 62 . 81 68 5 98 31 . 93 80 78 . 22 . 83 82 13 84 72 66 17 . . 6 . . 88 91 74 40 2 11 75 . 86 36 42 90 
94 98 . 71 100 . 90 23 44 72 . 34 47 52 2 . 96 60 . . . 75 89 61 16 28 41 8 . 14 . 79 13 45 20 93 . . 12 63 . 26 49 81 40 57 25 38 . 10 87 69 84 91 17 7 . 43 85 32 92 68 . 21 11 51 82 5 39 62 . 95 42 35 48 . 9 83 88 . . 99 59 54 . 80 . 31 65 . . 78 29 86 . 58 55 . 1 70 
37 73 . 67 50 44 97 76 82 54 24 . 26 93 41 39 88 5 72 . 95 34 25 9 11 77 . . 66 . . 53 70 99 . 20 . 36 14 60 92 68 74 . 49 79 52 . . 33 98 . 6 7 46 . 3 10 38 84 . 40 91 56 59 86 . . . 64 . . . . 15 31 78 8 90 96 . 16 57 87 12 21 51 65 83 61 . 94 . 81 100 47 27 18 13 69 
32 83 71 16 96 81 25 64 88 13 90 67 . 49 . . . 31 76 99 58 22 68 . 92 87 73 7 19 . 59 . 86 85 52 . 79 . 48 6 51 95 23 . 18 9 . 94 . 55 45 63 . 28 44 43 11 37 5 12 82 65 8 57 100 . . 74 41 42 53 75 . 46 97 36 . . 17 60 30 . 33 40 . 69 26 38 . . . 29 78 89 . 56 80 . 62 14 
87 76 82 . 20 70 . 100 . 59 . 39 . 18 4 . 48 25 35 28 78 64 12 . . . . 96 58 . 41 . . . . 53 34 . 71 90 16 . 8 . 62 . . 50 5 46 30 . 40 63 80 57 65 . 86 42 61 49 54 . 19 44 55 83 73 68 74 77 29 32 11 89 85 52 23 91 51 3 22 6 69 . . 37 45 94 9 95 93 27 98 99 26 56 38 10 
68 93 52 . 35 64 . 5 84 12 9 21 45 74 . . 94 . 55 17 96 61 10 72 . 86 59 11 69 65 . 83 . 43 67 . . 47 40 22 18 79 60 . . 46 23 1 85 24 39 30 . 75 57 34 56 48 15 29 37 19 33 . 3 26 . 89 91 . 92 7 4 8 2 . 14 51 41 81 . 82 28 27 36 76 97 100 . 20 53 63 . . . 31 77 . . . 
22 18 39 58 . 45 . 63 49 75 . 29 21 . 67 89 57 12 . 73 33 74 31 4 47 3 . . . 99 25 8 55 69 . 9 6 54 . . 27 . 32 13 20 87 19 . 77 . 81 62 . 78 . 30 64 . 76 11 44 37 . 83 . . . . . 88 66 1 36 91 70 93 82 95 97 94 43 85 34 35 26 . 15 41 . 42 98 46 7 96 86 2 40 72 52 56 
. . 98 85 . 32 74 48 46 96 18 35 99 69 6 . . 76 52 53 81 62 . 20 . 25 7 39 41 . 97 . . 4 2 70 49 . 95 . 50 . 51 84 75 . 21 86 68 15 43 . 89 . 38 61 54 64 60 . 80 42 37 94 28 23 29 77 . 93 71 . 45 44 36 12 34 19 . 5 . 47 . . 17 . 79 . 31 56 82 92 91 83 72 9 16 40 8 26 
6 32 13 . . 24 40 . 55 56 37 77 . 59 95 . 5 17 45 . . 82 . 74 . 97 83 . 86 67 76 4 54 46 34 27 26 60 . . 65 16 36 . . 90 35 69 93 . . . 41 96 20 66 78 . 7 49 29 44 15 48 63 . 38 72 57 33 . 88 51 53 50 79 22 2 89 . . 84 11 . 61 98 10 23 . 25 19 12 80 . 14 81 64 62 73 8 
91 13 46 63 16 95 . 10 9 . . . . 68 94 . 81 38 19 96 20 79 80 . 40 51 100 . 34 84 . 32 97 5 61 11 . 87 70 98 36 74 . 12 27 55 86 73 37 . 3 . 2 60 . 14 . 59 48 6 89 83 75 82 47 . 43 92 66 23 . . 52 28 . . 50 33 . 78 69 62 24 64 58 71 1 76 26 . 93 85 . 39 . 18 49 57 17 . 
43 97 92 19 . 8 60 24 78 100 76 72 42 66 . 1 89 35 . 93 74 9 82 98 . 17 . 29 . . 38 57 . . 31 80 44 . . . . 59 3 . . . 40 10 46 73 5 64 11 6 94 81 50 . . 37 39 14 55 . 90 88 . 33 99 16 75 51 . 27 32 65 53 67 21 85 49 12 86 48 96 45 7 . 87 84 . . 54 47 13 63 25 22 28 . 
61 58 62 12 97 38 23 36 39 40 94 82 . . . 63 64 . . 78 72 87 56 . 75 45 49 83 . 20 18 88 80 . . 96 . 66 90 14 . . 13 59 99 . . 32 10 81 4 77 53 100 67 2 84 5 3 35 . . 44 68 70 8 46 76 29 . 85 . . 74 . 71 28 73 33 6 . 27 69 57 25 24 43 47 . . . 7 37 19 . 16 51 52 15 31 
79 71 63 40 . 52 30 21 1 . . 3 14 31 77 47 82 100 98 . 42 . 55 13 2 . 37 . 67 54 56 . 26 57 36 45 93 . 89 74 20 88 . 39 34 78 32 . 64 . 85 75 59 . . 72 83 99 95 . 66 35 . 17 12 92 . 43 . 38 76 87 . 24 . . 68 . 70 16 4 8 41 86 28 60 11 44 29 65 97 . . 33 . 69 10 50 46 73 
59 39 . . 2 94 78 6 25 . 10 44 37 . 1 69 63 95 11 36 34 . 14 76 . 100 82 . 40 33 17 54 72 31 30 28 . 61 66 . 12 65 . 18 48 84 . 52 47 . 35 32 . 42 . 15 . 20 56 53 . 41 9 91 . 19 70 86 60 3 . 16 74 51 73 . 43 55 . 4 29 57 . 7 80 50 68 5 77 87 88 . 21 . . 27 99 85 . 45 
38 82 56 . 21 . . 91 80 36 62 81 . . 90 95 25 78 93 20 97 . . 51 96 60 19 32 87 . 77 63 . 28 37 84 29 23 33 . . 48 41 . . 50 14 68 55 58 44 18 10 52 31 8 35 70 39 30 5 61 . . . 49 22 13 12 15 7 . . 16 26 . 65 . 59 40 85 98 100 53 11 75 . 27 . 64 24 79 47 6 . 45 71 . . 42 
17 . . 45 . . 64 . . 74 84 13 29 7 79 55 93 50 77 . 49 72 73 80 . 41 94 30 . 51 86 1 19 95 38 . . 37 . 65 . 78 81 . 85 . 27 92 52 68 . 99 . 70 96 11 5 35 44 43 . 69 24 46 . 12 39 58 21 59 62 23 33 . 91 . 16 . 42 26 36 18 . . 90 88 48 25 67 31 100 14 3 71 28 57 2 20 6 . 
1 65 2 14 43 . 47 99 . 93 48 . 39 6 76 62 60 53 54 . 73 . . 59 18 80 . 4 94 15 . 87 64 . 51 10 . . 83 81 85 97 98 75 3 . 67 21 88 42 20 . 69 . . 13 89 56 70 50 32 27 . 41 . 95 37 29 58 . 16 35 77 30 . 96 . 84 79 . . . 66 45 7 8 63 78 12 71 40 33 22 91 38 55 . 26 . 17 
77 . 76 52 93 96 66 56 18 32 29 38 80 40 72 8 30 . . 81 15 . . 7 . 69 91 . 47 49 45 50 62 . 65 58 61 . 5 . 23 24 . 70 . 85 . . 19 82 12 . 68 90 13 53 44 17 51 48 57 75 86 25 71 83 . 59 87 99 26 . 60 43 64 . 33 11 10 88 74 20 . 67 1 78 . 2 16 35 84 . 55 . . 100 . 73 97 . 
5 3 94 38 . . 67 . 87 16 59 . 90 100 21 . 69 93 46 76 75 . . 23 17 4 85 86 73 . 82 . 91 . 18 14 63 50 . 95 6 . 92 33 60 10 28 77 71 12 53 36 43 32 29 27 . 40 42 64 19 . 41 . . 99 . . 98 . 88 48 34 31 13 . 54 61 45 1 22 . 2 74 37 20 55 62 58 81 . 89 . 65 70 . . 49 7 80 
81 68 1 . 82 67 . 33 2 4 80 . 7 . 98 100 50 . 97 34 31 85 . 53 . 65 . 71 99 18 . 86 69 . . . 84 57 55 56 43 17 37 49 94 16 26 3 13 39 . 52 12 72 73 19 45 74 41 83 58 60 . . 89 22 10 66 47 90 . . 63 . . 77 40 . 87 24 8 . 23 96 75 91 . 54 79 28 20 25 5 . . . 15 29 88 36 
3 . . 35 26 63 58 19 38 41 4 8 100 . 39 54 . 94 51 52 71 . 45 . 97 33 . 17 22 . 96 . . 77 64 . 86 76 81 85 . 66 47 23 37 . 87 44 65 20 48 25 73 11 92 42 1 53 2 5 . . 43 32 . . 72 10 49 . 56 . 18 62 59 61 . 40 . . 88 34 . 30 83 84 69 . 99 95 70 36 74 46 57 7 50 15 80 . 
. 69 61 53 63 . 56 81 32 92 6 . 31 64 . 86 . 19 34 2 70 7 49 85 57 8 51 . 37 46 44 24 82 29 . . 68 48 73 84 . 71 30 16 . 25 100 43 . . 42 55 66 . 27 88 98 23 74 76 22 93 26 47 36 . . 40 . 1 33 54 13 20 38 . 75 14 . 59 60 . 12 83 . 72 52 45 . . . . 65 80 21 17 90 78 . 5 
. 45 40 73 90 35 33 66 41 . . 52 . 92 47 57 46 . 65 1 . 17 7 69 26 . 50 . 11 62 63 61 . 44 27 . . . 2 94 15 64 25 8 97 91 89 6 36 . 14 19 42 76 78 38 51 98 100 . 3 . . 81 53 9 84 75 20 . 58 71 59 4 . 13 . 93 85 10 70 . . 16 24 86 . 32 37 18 95 . 82 28 54 . 30 80 99 . 
. 86 69 91 61 76 92 75 74 . 78 . 20 11 . 12 . 18 37 51 . 66 . . 45 40 2 56 . 100 48 . . 60 8 81 80 27 . . 47 9 97 17 22 4 49 63 15 . 10 . 52 . 71 99 29 16 87 . 88 46 28 . 79 67 23 64 . 54 65 6 5 . 68 . 57 72 43 13 38 . 36 50 . 42 25 59 82 . 32 35 83 73 3 30 . 90 96 84 
70 92 47 . 68 . . 78 99 50 31 98 28 29 . 11 53 . . 40 2 . 42 27 94 93 . 91 21 . 16 90 60 19 1 51 30 . 72 69 35 18 . . 96 . 95 75 24 38 15 79 13 8 26 76 80 63 34 54 97 48 57 . . 56 . 85 36 20 . . 82 37 41 . 81 46 9 86 71 . . 88 . 43 . 22 7 . 4 84 52 62 44 3 74 66 25 . 
. 15 . 74 1 82 49 2 . 34 . 73 70 77 40 13 62 66 14 35 . 91 32 28 27 26 95 . . 58 3 . 52 . . 60 89 24 67 42 . . 19 . 56 93 61 81 18 71 25 . 9 45 . 5 37 . 84 31 76 . 23 64 16 53 8 17 88 87 . 22 . . 75 63 51 59 47 43 39 . 72 78 . 94 92 97 6 21 65 99 . 12 . 96 54 68 57 . 
60 . . 76 . 7 39 . . 33 . . 50 . 19 . . 47 . 42 80 23 35 95 48 89 . 38 . 16 29 27 57 90 93 17 51 1 87 11 78 . 96 3 12 75 94 9 49 8 . 100 . 24 30 77 79 97 18 72 36 85 45 54 6 74 . 71 34 81 5 10 55 25 69 59 31 99 . . 53 . . 98 . 64 70 40 41 32 62 88 63 66 . 91 . . 26 15 
44 46 29 49 67 28 53 . 100 68 . 71 . 63 54 27 99 . 22 24 5 2 . 38 80 61 9 65 . . 34 96 45 88 60 21 . . 26 . 75 . . 48 78 59 . 23 . 13 18 . . 12 . . 73 57 11 7 . 47 . 20 92 . 79 84 52 . 3 55 17 19 98 83 72 . 93 89 86 76 74 56 . . 16 43 91 41 81 58 64 15 94 33 85 14 39 95 
. 88 80 . 46 58 83 20 . 77 12 53 97 24 75 . 92 . 49 5 89 4 11 57 35 72 64 43 28 8 39 7 . 67 87 . 2 32 . 36 73 . 52 . . 29 56 . 62 61 . 17 21 98 59 . 47 22 . 41 81 45 . 38 84 79 96 15 . 19 1 14 94 18 66 . 48 63 65 23 54 . . 26 55 95 9 30 . . . 51 6 . 76 37 91 93 . 86 
. . 67 1 75 51 . 7 63 81 . 97 46 82 100 . 29 . 9 . . . 8 79 6 23 . 3 31 53 . 17 27 65 50 . 64 83 41 . 96 30 . 54 16 15 98 11 95 44 78 48 . 55 58 . . 77 69 13 . 52 22 . 10 18 24 94 . 61 43 56 91 66 . . 36 45 32 73 57 35 76 99 49 . 62 12 25 93 2 59 . 26 . 14 47 60 74 33 
. 8 43 . 78 73 57 90 65 66 39 63 22 3 . 97 14 45 40 37 . 35 50 67 32 . 80 84 79 5 92 . . 11 . 38 42 9 56 18 93 . 59 . 25 26 24 . 81 76 16 31 36 95 52 . 70 21 72 . 10 96 7 71 85 6 54 69 61 86 27 91 53 88 62 . 49 94 . 87 1 . 75 29 89 . . . 51 34 . . . 55 48 60 . . . 99 
73 5 77 6 54 13 69 67 . 7 87 42 . . 20 44 . 46 85 39 . 53 91 75 74 1 . 76 93 22 79 18 16 12 . 35 72 . 15 34 . 43 31 26 14 45 88 56 82 . 36 3 . . 86 37 24 . . 4 64 . 52 61 . 63 . . 32 . . 62 28 60 . 25 2 47 83 51 40 58 . 11 57 68 38 89 19 . 94 41 . . 65 70 9 8 27 55 
65 . 55 94 85 59 36 . 71 39 64 15 81 79 88 37 18 . 27 . 83 13 22 3 38 91 17 . 90 7 . 28 35 30 84 98 58 . 45 48 . 46 2 11 . 70 . 76 21 . . 80 54 43 66 . . 24 49 . 69 82 32 95 73 52 31 8 78 44 . 86 57 . 20 . . 56 72 . . . . . 19 16 99 1 42 96 29 5 . 50 9 25 92 51 10 61 
18 29 27 87 22 97 3 88 . 78 72 57 . 13 30 32 . 62 84 . 79 . . 19 10 53 40 54 52 92 . 89 81 . 75 12 83 5 34 25 . 82 65 37 86 73 45 59 35 . 55 94 . . . 9 23 . 68 . 15 67 6 100 93 43 21 7 . 17 . 36 98 . 47 80 56 . 38 33 46 4 95 61 . 63 71 . . 26 . . 11 70 . 66 39 74 50 24 
. . . 75 12 . 48 58 94 . 70 59 4 96 80 3 16 . . . 93 50 40 14 39 83 . 68 . . 71 77 . . . . 57 81 6 97 19 76 . . . 20 2 47 61 22 66 65 49 15 69 . 100 73 24 90 30 55 . 44 43 82 91 45 5 37 95 38 27 63 . 7 11 29 28 17 42 . . 79 78 46 60 36 35 74 . . 26 84 89 54 67 25 53 62 
55 . 15 26 60 . 46 . . 79 81 70 . 36 . . . 87 39 . . 89 2 54 56 . 57 31 5 38 30 82 24 68 3 6 19 20 28 61 . . 88 . . 53 58 . 27 . 40 10 . 97 9 17 . 69 63 95 1 76 59 . 62 25 78 14 44 . 49 65 23 52 96 33 94 42 35 . 21 71 7 47 72 34 37 50 73 67 48 45 . 77 84 . 75 98 . 18 
9 52 30 23 . . 72 . 70 48 54 . 87 39 26 82 . 57 94 19 100 . . 16 . . 66 73 74 . 89 20 44 96 80 68 95 25 . 67 88 5 78 10 38 71 18 91 2 85 69 . . . . 83 . 4 . 99 . 31 . 22 27 . 75 . 65 . 98 79 64 42 51 46 15 49 6 63 . 28 62 55 32 12 45 . 50 13 90 77 60 61 11 43 . 41 84 7 
49 12 68 44 30 62 94 34 61 15 93 . 79 33 28 36 2 14 53 72 . 48 4 . 37 . 39 13 . . . 45 . 86 83 . 87 46 96 . 1 6 . 88 59 21 8 . 78 3 . 97 16 19 56 32 63 . . . 40 70 . 58 . 60 65 . 22 66 69 . 92 84 100 91 . 98 31 75 11 5 25 80 . . 20 51 90 77 71 . 27 74 7 . 42 17 95 23 
2 49 88 . 36 37 10 12 59 . 21 90 61 85 91 94 28 89 . 38 . 16 72 24 25 . 48 80 4 70 93 78 . 13 9 . 55 64 . . 40 96 7 47 . 58 83 . 97 26 63 73 22 . 82 . . 32 . 56 20 15 31 77 33 11 . 30 74 . 68 66 . 5 84 87 39 69 14 . 100 95 27 . 53 52 42 92 46 76 . . . 1 . 51 43 . 67 29 
84 . . 32 . 71 18 16 47 91 52 88 40 72 81 43 17 73 48 23 22 76 51 64 . 29 60 77 9 68 33 3 10 24 . . 100 39 . 93 59 75 35 28 . 30 80 . . 41 97 13 4 14 85 . 61 82 96 94 55 90 . 27 56 62 12 . . . 78 83 . 38 44 42 . 15 5 . 31 67 6 . 45 25 57 7 . . . 65 . . 58 46 11 . 63 53 
. 100 65 47 9 54 . . 30 14 79 . 59 10 31 . 86 48 . 71 . 43 3 58 69 22 27 . . 98 83 75 85 84 25 52 37 38 4 41 . 44 42 19 93 . . 5 . 80 57 78 99 . . 46 17 . . 33 6 29 40 72 34 76 74 28 64 51 63 82 . 90 60 2 . 88 94 32 26 45 . . . 18 95 8 81 . . . 15 36 56 68 35 61 92 1 
51 90 16 31 80 79 96 17 73 . 2 86 13 5 64 52 . 39 61 21 . . 48 . . . . 28 44 34 58 76 33 97 66 26 45 99 24 12 82 40 84 . 43 . 68 . 60 53 67 46 50 37 . 47 15 . . 91 . 6 89 . 78 20 9 23 100 94 87 70 41 . 57 74 . 65 11 14 32 75 . 49 18 . . 85 . 63 69 22 38 30 . 4 . . 72 19 
86 30 84 55 19 . 37 71 . 88 3 50 . 47 29 85 . 20 70 89 12 97 93 . . . . 95 . 48 46 22 77 . 32 44 60 65 . . 14 27 28 7 . 72 . 64 79 2 8 61 87 25 . 51 . 1 94 80 . 36 . . 76 21 41 4 62 96 82 34 . 92 42 35 26 74 . 58 67 100 53 52 15 17 13 63 39 . 38 6 49 . 83 . 23 75 68 . 
80 48 70 46 32 10 5 35 . 84 100 . 98 . 74 72 42 11 . 14 91 . 20 47 24 50 22 33 65 . 37 23 83 18 45 61 . 41 93 . 57 94 66 82 44 . 9 13 6 . 99 16 75 . 49 54 39 78 25 3 85 4 97 . . . 71 60 95 21 38 15 8 . 28 30 12 . 34 . . 56 26 . . 7 40 . 36 . . 19 92 52 69 . 63 43 . 58 
30 74 37 . 41 42 . 84 16 . 14 83 94 65 . . . 85 . 4 43 88 . 15 82 . 25 6 45 17 . 91 7 100 71 3 56 22 13 87 90 . 20 79 89 19 46 93 . . 60 12 78 47 48 75 28 36 53 . 33 . 49 . 55 34 . 61 9 27 57 59 . . 72 44 29 . . 35 . 40 52 92 . 38 39 24 . 11 10 21 51 54 97 64 31 76 86 . 
26 56 41 51 98 14 54 . . 52 17 32 . 61 34 31 6 7 . 44 . . 5 . 88 73 . 21 62 11 1 46 49 22 . . 3 85 64 . 24 47 100 60 . 42 66 . 91 . 95 71 74 68 40 70 27 13 . 28 43 94 76 79 18 96 45 . . 92 50 84 38 65 . 75 90 57 . . . 59 78 . 33 67 82 15 55 9 35 . 8 97 80 83 58 . . 37 
14 1 72 92 37 86 45 49 19 67 58 . . 62 44 26 4 . 31 . . . 70 . 84 . 89 47 . 71 57 59 43 41 . 18 20 28 36 53 54 15 9 74 51 52 63 . 80 . 38 11 24 61 95 55 . 76 16 . 98 5 2 10 . 77 50 . 68 85 . 78 100 56 . 90 . 21 29 7 83 33 . 12 64 . . 34 . 75 73 97 94 40 . . 48 82 22 30 
. . 25 . 45 39 100 85 . . 5 80 . 38 58 78 95 . 62 46 88 26 98 68 23 94 35 . 84 . 81 19 6 71 79 34 1 44 . 21 87 90 54 42 31 40 . 49 66 57 17 . . . 75 . 16 . 9 52 56 53 12 43 15 48 30 32 . . . 60 . 13 10 . 73 . 4 18 7 11 50 . 59 74 8 86 . 29 41 64 24 2 47 82 22 3 . 20 
66 . 83 96 64 34 . 95 29 . . 99 55 48 36 9 7 . 5 54 82 18 78 100 72 . 31 92 30 56 . . 20 33 77 32 10 . 74 39 2 41 1 . . 97 65 42 70 17 22 93 25 80 63 6 49 88 57 . . 50 60 89 . . 40 . . . 51 68 90 61 76 43 . 87 19 46 45 38 85 84 8 44 73 53 71 . 13 . 75 58 59 . . 79 . . 
100 . . . 94 65 1 . 95 70 86 . 56 . 5 . 19 59 . 45 67 . 85 12 . 92 88 25 97 . . 99 15 23 47 . . 21 77 38 71 4 24 14 68 83 . 84 54 96 32 . 61 31 81 98 . 52 22 89 2 13 72 28 8 66 . 26 . 10 6 42 73 36 . 48 55 . 44 . 16 60 46 69 62 39 78 74 . . 3 11 20 . 50 41 87 63 93 91 
40 99 19 54 4 69 . 26 20 82 89 31 . . 24 23 65 . 81 3 53 52 . . 1 39 75 42 . . 47 70 . 74 56 71 . 72 49 33 58 . 46 67 8 34 41 85 . 7 . . 57 . . 29 77 86 36 55 48 63 51 16 30 . 11 . 38 . 100 9 12 98 45 66 84 . . 28 13 17 60 43 21 5 76 94 80 44 . 15 14 10 22 87 6 . . . 
19 89 . 27 56 50 . 25 . 38 97 . 71 20 . . 55 . 4 95 . 49 . 63 41 10 52 24 . . . 60 14 17 69 . 85 . . 47 5 100 83 15 . 12 . 37 86 91 96 39 28 77 . 68 . 67 66 36 79 . 78 65 31 32 33 . 1 73 81 74 3 22 6 29 87 . . 8 2 30 51 70 98 9 44 21 . 7 57 18 45 92 23 . 34 48 40 94 
76 55 . 28 42 . 99 . . 64 98 1 . 30 84 . 40 . . . 7 44 24 36 . 90 67 49 6 47 . . 59 63 92 46 . . 61 100 56 2 48 9 83 5 . 34 14 70 62 60 32 39 21 . 72 58 88 23 73 . 79 75 . 94 86 41 96 25 54 18 15 10 80 20 74 . 51 50 33 22 . 81 . 93 . 17 78 8 . 53 71 . 68 . 37 45 3 66 
27 50 64 57 8 85 28 74 51 . . 22 . 75 . 87 38 81 15 16 1 84 88 37 31 98 3 69 . 9 24 10 42 78 90 . 35 . . 68 21 . 55 93 13 . 20 65 39 72 . 59 96 30 5 23 . 12 . 62 91 100 . 66 . 33 47 44 40 26 . . . 48 49 94 45 70 63 54 . 79 18 36 . . . 4 11 . 46 56 95 . 77 32 . 2 14 6 
54 25 8 . . 22 . 32 72 87 27 47 62 67 66 61 9 . 2 . 94 24 . . 77 76 4 . 85 6 . . 95 59 33 90 28 7 57 . 45 . . 43 . 49 79 30 98 5 51 84 . . 1 41 55 81 19 17 68 . 74 92 88 . 44 73 10 39 . 63 20 50 12 . . 100 . 48 99 96 58 21 56 65 . . 97 86 37 38 40 14 71 34 60 69 . 11 
90 27 87 98 . 55 41 65 . 95 77 54 . . 68 18 1 6 50 . 61 . 26 66 93 36 97 62 78 52 7 38 . 94 53 . 40 . . 10 91 . . 44 28 56 81 46 20 . 84 74 45 . 2 3 75 . . . 47 73 58 63 37 . 51 11 76 49 30 . 25 9 67 60 8 . 16 15 82 24 . 34 71 . 64 . 70 85 . 23 . 72 29 19 33 86 43 88 
50 26 32 . 66 . 9 43 . . 40 94 12 81 78 53 3 4 25 . . 95 65 42 . 6 18 . 76 . 60 33 100 55 . 91 97 15 22 23 63 . . 5 67 74 39 . 31 88 46 . 72 93 8 49 2 7 79 19 . 87 . 24 1 . 92 38 75 . 10 69 89 54 71 27 96 28 . . . . 82 68 84 58 34 . 20 80 45 83 35 17 51 48 36 . 41 . 
53 37 91 95 39 87 76 1 79 10 41 19 78 44 57 93 . 22 43 83 11 20 . 55 . . . 72 7 86 50 31 . 80 12 54 16 73 68 9 3 60 71 . 77 63 69 61 51 92 . 82 100 66 62 84 8 30 . 58 23 17 48 33 45 . . 65 26 . 35 . . . . 24 21 . 67 56 34 . . . . 36 . 28 5 6 15 13 59 . 40 94 38 99 . . 
71 23 79 4 83 . 13 . 58 76 36 10 . . . 59 . 24 . 60 . 77 53 . 50 62 . 85 . 43 51 6 93 64 54 30 . 74 29 2 98 . 17 63 5 65 47 . . . 31 . 3 . 7 56 87 . . 14 . 80 67 90 40 42 73 . 16 . 37 57 9 34 99 . 97 26 25 66 15 81 1 18 92 82 75 20 96 12 55 69 . 21 91 11 78 38 . 22 
82 67 . 29 89 . 71 51 28 . . 11 . . 43 90 61 1 47 65 63 55 39 . 78 . 5 . 33 77 6 49 99 . . 92 14 75 10 66 . 80 79 45 24 35 64 95 . 52 19 34 58 69 91 26 . 27 21 38 . 57 13 . 97 59 94 12 23 74 20 . 87 7 9 8 . . . 25 73 68 15 . 86 83 2 . 18 53 85 . 81 100 96 62 98 . . 48 
98 35 34 79 95 16 . 14 64 . 7 30 43 32 17 . 100 44 . 91 69 19 63 33 . 47 15 59 75 81 8 37 4 73 99 . . 94 62 27 60 . 53 40 . 51 92 20 45 89 90 1 . 38 41 96 . 46 . 61 24 . 65 86 . 36 52 25 70 80 55 26 49 83 21 9 . 97 22 11 . 77 . . 39 29 . 18 68 . 58 50 48 . 66 . . 5 . . 
89 60 74 22 11 77 79 62 97 71 . 69 5 . . 45 . 82 28 10 27 . . 35 . 21 8 . 39 42 66 9 . 54 43 50 75 59 . 76 31 1 16 32 . 95 91 26 29 . . 98 15 46 34 20 99 2 . 24 84 51 . 78 4 3 57 . 7 . . 19 93 81 53 14 58 12 73 65 . 86 13 . . 48 36 . 72 38 18 . 68 . 17 40 . 33 49 44 
97 2 . 39 . 78 29 . 76 8 75 60 18 22 16 10 51 80 . 87 . 28 . . 86 66 . 48 46 79 . 13 84 25 17 100 59 45 92 19 . 72 . 62 42 . 11 . . 4 . 89 38 94 65 36 57 31 . . 54 98 77 55 . . . 35 . 7 40 3 6 . 93 1 20 30 96 49 5 52 47 95 81 56 88 . 43 82 21 74 . 32 67 53 24 . 12 68 
. . 38 80 52 61 . . . 9 60 64 49 . . 46 98 29 99 31 44 68 75 . 15 . 28 26 24 12 40 . 47 10 . 78 . 33 82 72 81 51 76 6 36 37 73 88 8 95 77 . 35 65 . 69 94 . . 22 27 . 11 93 7 57 53 . . 70 19 45 . 86 17 34 . 4 48 55 59 . 5 1 66 32 . 14 63 58 79 96 50 . 2 92 89 83 56 . 
35 22 . . . 53 6 . 85 . . 27 66 25 37 68 77 . . 70 76 . 99 41 49 . 13 2 . 29 65 64 34 58 97 88 . 98 42 40 . . 33 89 74 24 3 16 87 1 61 . 90 48 45 39 93 96 83 . 26 . 10 14 91 73 100 63 46 57 17 12 44 72 54 50 79 . 36 . 18 78 . 9 52 81 56 95 94 19 7 30 . . 82 . . . 51 28 
39 94 33 81 69 98 . 60 40 . . 95 30 86 . 96 34 49 26 80 . 45 36 25 4 38 . 10 82 44 88 71 1 53 22 8 . . 9 78 89 57 5 . 11 43 85 31 12 35 58 83 . 18 16 24 . 68 46 . . . 27 . 64 14 . 51 2 29 77 . 37 100 65 84 91 76 56 . . . 54 . 63 . . . 66 15 67 90 73 13 6 . 79 87 61 47 
85 62 100 15 . 43 81 72 53 27 . 75 51 1 52 65 21 2 38 . 19 . 76 . 42 88 44 87 57 25 70 92 37 . . . 96 13 79 . . . 11 78 26 64 16 22 . 30 . . . 82 12 94 48 . 58 45 77 . 84 73 . 90 66 67 80 6 41 61 69 97 56 55 99 . 95 31 . 32 4 10 . 35 5 49 . 40 . 60 9 23 74 50 . 47 29 . 
58 . 28 69 . 60 27 40 . 98 56 12 83 71 . . 47 9 29 61 10 14 77 48 91 43 38 45 42 50 13 21 41 . 100 87 88 63 . 16 46 25 75 86 55 18 . 80 96 . . . 31 34 . . 52 92 67 85 11 . 82 39 44 84 19 . . . 8 97 . . 90 26 . 3 30 74 94 64 . 89 70 . . . 2 66 68 . 17 4 79 36 93 59 5 35 
83 . 10 61 17 74 68 45 . 73 26 51 88 90 35 91 43 63 . 66 . 93 15 92 9 57 . 1 . . 85 100 8 39 . . . . 18 79 67 36 . 34 81 96 44 7 22 29 . 14 94 2 37 82 20 . 54 . 12 25 80 31 . 55 3 70 48 . 60 5 71 77 27 86 59 78 . . 47 89 56 . 41 . 21 . 76 . 87 4 . . 32 98 62 24 16 75 
4 61 . 89 3 17 51 54 . 45 50 36 44 21 . 6 75 64 . . 32 47 43 62 . 2 . . 16 . 95 . 25 79 . 74 33 78 7 20 37 69 67 65 1 28 . 41 59 . 91 68 63 58 90 60 22 . 97 . . 56 29 35 . . . . 15 72 39 73 84 40 23 100 71 53 76 . 55 92 38 31 9 99 66 . . 10 5 . 98 24 19 80 . 70 48 34 
. 59 . 97 . 99 34 . 68 57 88 41 60 . . . . 51 36 32 21 73 33 84 13 . 62 78 29 31 22 . 56 . . 83 5 30 19 17 48 92 86 46 7 . . . 23 14 49 58 39 50 76 35 9 80 . 26 25 1 . 53 2 15 6 52 63 77 94 44 67 . 16 . 64 71 . . 27 . 98 . 87 96 4 . 38 69 89 91 10 43 61 . 72 81 47 85 
. 24 . 3 72 . . 53 17 . . . 86 16 11 81 76 . 89 7 36 78 13 99 62 67 10 40 8 63 94 . . . 58 29 18 19 25 80 . 32 45 . 46 38 . 90 33 79 54 6 91 . 55 28 88 . . 87 74 . . 59 22 5 49 2 51 82 . 96 26 . . 98 69 9 20 95 65 43 . 93 42 14 35 84 100 37 92 . 1 64 52 . 68 34 30 97 
11 72 6 48 49 46 8 15 69 24 . . 76 . 53 . . 67 . 58 55 . . 73 81 78 12 75 83 27 14 85 28 . 21 31 22 62 37 . 74 52 63 91 29 94 71 87 . 97 . . 51 . 18 4 . 39 . 65 . 84 92 80 54 50 88 100 82 56 . 89 68 33 86 5 . 20 . 36 . 7 3 19 43 . 30 10 47 16 64 26 . 57 90 77 . . 34 32 
52 51 96 50 84 . . 82 23 25 68 62 32 . 22 17 79 92 7 47 16 3 61 86 76 34 70 99 . 39 75 . 67 37 63 72 21 . . 30 . 49 10 57 . . 5 60 . 45 88 . 29 36 87 . 43 65 78 73 13 71 . 15 . 54 1 . . 9 31 24 . 2 58 . . 6 100 41 . 83 14 28 . 77 81 . . 98 . 44 89 8 18 93 59 27 90 40 
13 6 . 82 77 33 . 97 81 . 74 96 . 34 83 . . 68 . 29 . 86 . 2 60 . 76 67 25 61 . 48 36 50 88 . . 49 75 73 . 70 14 55 10 . 84 . . 23 . 92 64 21 54 . . 91 62 66 65 20 95 . 9 27 . 47 56 71 12 28 19 57 4 45 41 1 98 42 37 90 35 24 93 31 58 80 85 78 . 100 18 99 87 . 7 46 . 72 
88 85 22 78 . 75 19 . 98 61 55 26 2 . 42 . . . 87 59 38 6 58 . 52 46 . . 10 97 91 . 31 62 7 69 43 . . . 84 53 73 35 63 44 1 8 . . 76 56 65 99 68 90 . . 47 25 94 24 21 29 80 72 16 57 4 12 89 . 79 41 . 92 . . 40 . 64 50 49 20 34 70 . 93 14 . 17 9 86 48 33 95 . 67 60 77 
34 . 81 . 79 41 2 . 7 1 99 78 67 56 49 38 36 33 75 69 47 92 84 . 30 48 42 . 53 21 72 . 46 35 . . 13 31 . 91 95 62 . 68 . . . 24 83 63 . 27 55 29 22 . 74 6 . 9 16 54 90 19 . 100 . 97 . 18 11 32 . . 61 17 5 96 71 93 . 80 73 94 40 66 23 60 59 88 12 57 87 45 15 85 . . . 89 
23 28 11 65 18 . 87 . 6 . 43 . 85 94 27 64 68 10 95 100 30 37 96 70 89 42 58 19 48 3 . 67 . 66 5 15 25 . 32 44 . . 90 . 21 . 97 54 41 . 7 49 . . . . 12 33 82 78 53 99 35 76 17 . 69 20 24 45 46 . 56 . . 72 . . 81 47 14 36 61 39 16 92 77 57 22 83 86 75 4 51 . 88 . 91 2 . 
. 53 18 . 86 . . . 8 3 46 37 19 15 87 34 49 79 73 6 56 41 67 94 . 24 65 89 71 . 74 26 76 . . 47 36 100 . 83 . 45 12 22 2 23 . 55 . 9 . 20 85 51 72 . . 90 17 . 75 16 42 88 5 . 25 . . 98 14 30 . 93 . 64 35 7 68 29 77 54 80 38 44 . 96 82 84 60 59 66 39 78 92 97 81 . . 63 
74 75 . 93 33 31 . 30 13 49 83 . 77 89 73 40 22 23 . 97 . 29 . 60 . 20 11 100 12 . . . 65 26 82 25 27 14 35 58 34 . 62 64 91 80 36 28 44 59 6 . 19 81 . 79 . . . . . 43 18 70 . 2 . 16 90 8 96 . 88 15 63 68 52 92 86 57 . 53 39 . 48 85 47 . 56 3 . 1 46 9 10 42 69 21 76 50 
. 79 99 25 48 . 32 . 50 69 13 68 38 . 56 . 12 34 8 . 54 80 100 6 22 55 81 70 14 4 . 66 18 2 35 94 65 51 58 82 83 31 85 73 90 3 62 . 72 87 52 47 88 74 42 91 40 . 75 39 . . . . 77 . 26 . 27 78 . 49 86 . 46 76 . . 53 71 . 15 92 63 30 57 98 16 10 59 11 24 . . . . 45 96 33 . 
41 31 89 37 6 . 91 39 24 . . 49 . . . 48 32 16 71 56 52 . 27 44 20 . 36 . . 2 . . . 42 74 65 7 35 46 64 97 12 82 83 76 92 4 58 69 . 50 57 5 54 . . 81 19 26 . 51 9 87 45 75 40 95 . 59 28 23 . 70 78 1 99 67 86 . . 96 61 77 14 60 . 80 13 . 43 . 73 79 63 . 38 21 53 18 100 
56 . 4 5 88 47 86 52 22 35 92 48 24 41 63 21 13 3 83 26 45 58 19 65 64 . . 16 . 69 . 2 11 38 59 55 50 82 17 . 72 84 . . 70 14 37 . . 25 . 81 67 85 33 . 95 . 28 46 60 10 98 87 . 97 . 80 8 100 99 90 31 71 . 40 23 . 77 39 79 6 . . 68 30 94 91 49 57 76 . . 18 . . . . 20 54 
93 . 21 62 . 6 80 61 12 5 . . 73 60 70 . 26 52 69 11 . 51 38 . 8 37 34 81 1 . 49 36 87 75 46 79 53 29 65 89 42 19 . 72 . 88 17 98 . 31 100 85 20 10 . 86 90 . 4 96 63 . 50 3 35 . 13 . 83 40 . 64 . . 55 41 30 77 82 97 48 . 99 59 22 . 54 58 . 24 39 76 57 68 . . . . 71 78 
. 11 . . 70 21 52 8 . . 38 16 . 2 . 19 . 43 74 50 98 33 29 82 14 58 99 23 . 76 10 51 . 3 91 56 48 84 94 35 7 85 . . 17 62 30 72 32 40 75 53 92 22 . 31 6 95 73 1 90 . 100 9 49 28 4 18 . 65 44 47 66 . . 39 . 89 . . 12 . 20 42 13 . 24 68 . . 96 93 77 60 64 15 97 55 59 87 
47 96 31 33 71 . 35 11 4 94 19 . 23 76 97 84 10 88 92 98 25 63 57 90 44 95 53 20 51 41 54 68 . . 72 39 69 17 . 26 9 42 50 2 45 32 93 82 40 18 . 87 86 64 70 62 . . 59 67 . . . . 74 . 48 22 55 . 73 99 . 6 . 58 61 13 . 38 81 . 43 77 91 15 49 46 75 36 56 27 . . 78 . . . 21 . 
33 47 53 . 92 . 75 . 83 43 57 46 25 87 38 51 31 86 6 15 84 60 44 . . . 45 93 18 94 80 39 63 61 40 16 . . 8 49 62 77 . 100 . 68 76 14 9 36 13 72 26 3 4 . 34 28 65 . 95 . 5 . 23 . 67 37 35 50 97 17 . 29 . 81 . 79 . . 24 . . . . 10 19 48 1 70 27 54 99 20 73 74 . 42 85 41 
7 17 . 10 . 29 42 57 . . 91 . 64 58 . 74 . . 78 . 50 54 69 83 5 96 1 46 68 60 28 44 61 47 73 37 66 70 59 43 4 38 94 51 19 8 48 . 53 56 11 . 82 . . . 31 18 80 . 9 62 . 40 . . 81 55 86 . 21 . 30 49 34 16 63 90 . 22 98 13 79 71 20 100 89 75 15 . 6 . 36 88 24 84 95 23 . . 
67 . 48 30 25 19 77 93 . 2 . 74 10 43 60 33 78 40 59 . 87 32 . 49 73 63 96 18 36 57 84 . 75 16 68 4 15 12 98 . 86 22 39 . 92 . 29 . 34 83 47 . 81 56 35 . 91 26 . 71 100 . 3 . 14 46 . . . 89 70 11 61 80 88 38 76 41 27 20 50 69 97 13 82 37 31 6 . . 66 55 . . . . 17 . 65 79 
. . 5 59 58 . 22 9 . . 30 45 57 19 55 92 87 41 100 75 62 27 79 . 3 . 98 66 49 88 99 72 74 . 14 23 . . 31 71 69 56 95 97 . 11 . . . 51 . 86 80 . 43 21 82 93 13 . 50 33 94 84 67 61 76 6 . 46 25 37 96 39 83 53 . 48 24 . 78 26 91 2 47 . . 42 4 . 28 68 85 44 36 . 29 64 35 . 
. 41 12 . 73 80 63 96 . 22 8 . 93 54 7 29 83 84 16 . 9 100 18 . 58 5 79 61 95 19 53 56 . . 55 . 70 68 . 4 13 . 40 . 50 69 42 78 75 65 2 88 47 57 . 25 . 62 . 82 45 . 20 . 21 31 64 1 6 . . . 39 17 3 28 44 38 15 34 97 . . . 14 59 90 . 60 . 72 52 23 76 26 49 46 71 87 27 
42 . 45 . 74 3 . 55 15 60 49 . 36 17 86 . 54 37 20 . 41 . 6 22 79 . 90 35 43 32 100 52 . . 29 75 . 69 78 13 39 21 93 58 23 . 59 66 67 34 80 95 27 71 50 . . 87 89 81 72 88 . 96 38 85 2 56 . 83 . . 62 47 . . 92 64 1 98 91 19 44 46 77 . 14 26 28 4 16 . . . 31 12 8 65 24 57 

Search Limit crossed? True

Solutions: 0
WallTime: 30073ms
Failures: 244535
Branches: 488613 

Total Test Running Time:
 Wall Time:	00:01:11.0216298 
 Milliseconds:	71021 
 Ticks:		243855891 
