
DIMENSION: 15 
Problem:
. 14 5 2 1 8 7 15 12 13 . 3 11 . 6 
15 . 14 . 10 3 5 9 13 12 7 . 2 11 . 
1 11 10 . 13 5 6 14 2 15 . 12 . . 7 
4 . 3 14 . 2 15 6 9 7 8 . 13 5 11 
. 8 . 15 3 7 . 10 4 14 5 9 . 2 12 
3 12 . 1 . . 9 8 15 . 11 14 7 6 2 
9 13 12 . . 14 . 2 7 . 15 11 3 10 1 
14 15 . . 7 10 3 . 6 1 12 . 5 13 9 
12 9 6 3 11 15 1 . . 4 2 7 10 14 . 
2 5 7 10 9 6 13 . . 3 1 . 15 8 14 
8 3 9 6 2 11 12 1 . 5 . 13 . . 15 
7 6 11 9 8 . 14 . 5 2 10 15 . 1 . 
11 2 13 7 . . . 3 14 9 6 5 8 . 10 
6 4 . 12 14 9 2 . 3 . 13 10 1 15 5 
. . 15 . 6 . 10 11 1 8 3 . 14 9 4 

Solution #1  
10 14 5 2 1 8 7 15 12 13 9 3 11 4 6 
15 1 14 4 10 3 5 9 13 12 7 6 2 11 8 
1 11 10 8 13 5 6 14 2 15 4 12 9 3 7 
4 10 3 14 12 2 15 6 9 7 8 1 13 5 11 
13 8 1 15 3 7 11 10 4 14 5 9 6 2 12 
3 12 4 1 5 13 9 8 15 10 11 14 7 6 2 
9 13 12 5 4 14 8 2 7 6 15 11 3 10 1 
14 15 2 11 7 10 3 4 6 1 12 8 5 13 9 
12 9 6 3 11 15 1 5 8 4 2 7 10 14 13 
2 5 7 10 9 6 13 12 11 3 1 4 15 8 14 
8 3 9 6 2 11 12 1 10 5 14 13 4 7 15 
7 6 11 9 8 4 14 13 5 2 10 15 12 1 3 
11 2 13 7 15 1 4 3 14 9 6 5 8 12 10 
6 4 8 12 14 9 2 7 3 11 13 10 1 15 5 
5 7 15 13 6 12 10 11 1 8 3 2 14 9 4 

Search Limit crossed? False

Solutions: 1
WallTime: 14ms
Failures: 0
Branches: 0 

DIMENSION: 20 
Problem:
12 . 10 2 . 16 5 14 9 20 7 17 11 8 4 . 13 . 19 . 
. 19 16 . 2 . 12 9 5 . . 3 18 13 20 10 11 1 14 8 
9 20 5 8 12 14 1 17 3 11 . 7 . 10 . . 4 2 15 . 
17 12 . 5 10 3 . 20 . 9 . 15 4 16 19 7 18 11 1 . 
18 13 . 11 16 9 . 10 14 3 17 . 5 19 7 . 8 15 2 . 
8 10 2 20 9 13 3 . 18 1 6 . 15 14 11 16 . . . 12 
14 . 1 . 7 . 10 . 19 13 12 11 8 17 3 2 . 4 20 9 
. . 18 13 19 4 14 . 2 10 . 20 . 9 5 6 17 8 12 1 
. 5 9 17 14 6 16 8 12 . . . 7 . 18 20 19 10 13 11 
13 2 12 7 . 11 6 19 . . 14 1 16 . 15 17 . 5 18 10 
20 15 13 9 6 1 7 2 4 . 18 . . 11 12 14 10 . . 17 
6 17 7 3 18 10 15 12 1 19 8 13 9 . . . . . 11 20 
1 6 11 . 15 19 . . 10 4 5 8 12 . 14 . 2 9 16 13 
. 16 8 19 . . 2 3 . 18 11 10 . 12 17 9 15 20 4 14 
10 . 15 12 8 . 4 . 7 16 19 . 14 6 1 13 . 17 3 5 
19 8 . 1 . 20 . 18 16 14 3 9 2 15 6 5 12 . . 7 
16 14 . 15 . . 9 4 11 . 20 19 10 7 . 8 1 18 6 2 
11 4 . . 20 18 8 13 . 6 10 5 1 . 9 15 3 12 . 16 
. . 20 10 13 5 . 1 15 12 4 6 . 18 . 11 16 14 9 3 
15 3 17 . 11 8 18 16 . 2 9 14 20 1 . 12 6 7 . . 

Solution #1  
12 1 10 2 3 16 5 14 9 20 7 17 11 8 4 18 13 6 19 15 
4 19 16 6 2 17 12 9 5 7 15 3 18 13 20 10 11 1 14 8 
9 20 5 8 12 14 1 17 3 11 13 7 6 10 16 19 4 2 15 18 
17 12 14 5 10 3 13 20 8 9 2 15 4 16 19 7 18 11 1 6 
18 13 6 11 16 9 20 10 14 3 17 12 5 19 7 1 8 15 2 4 
8 10 2 20 9 13 3 5 18 1 6 4 15 14 11 16 7 19 17 12 
14 18 1 16 7 15 10 6 19 13 12 11 8 17 3 2 5 4 20 9 
7 11 18 13 19 4 14 15 2 10 16 20 3 9 5 6 17 8 12 1 
3 5 9 17 14 6 16 8 12 15 1 2 7 4 18 20 19 10 13 11 
13 2 12 7 4 11 6 19 20 8 14 1 16 3 15 17 9 5 18 10 
20 15 13 9 6 1 7 2 4 5 18 16 19 11 12 14 10 3 8 17 
6 17 7 3 18 10 15 12 1 19 8 13 9 5 2 4 14 16 11 20 
1 6 11 18 15 19 17 7 10 4 5 8 12 20 14 3 2 9 16 13 
5 16 8 19 1 7 2 3 6 18 11 10 13 12 17 9 15 20 4 14 
10 9 15 12 8 2 4 11 7 16 19 18 14 6 1 13 20 17 3 5 
19 8 4 1 17 20 11 18 16 14 3 9 2 15 6 5 12 13 10 7 
16 14 3 15 5 12 9 4 11 17 20 19 10 7 13 8 1 18 6 2 
11 4 19 14 20 18 8 13 17 6 10 5 1 2 9 15 3 12 7 16 
2 7 20 10 13 5 19 1 15 12 4 6 17 18 8 11 16 14 9 3 
15 3 17 4 11 8 18 16 13 2 9 14 20 1 10 12 6 7 5 19 

Search Limit crossed? False

Solutions: 1
WallTime: 7ms
Failures: 0
Branches: 0 

DIMENSION: 50 
Problem:
23 14 39 15 30 . 42 21 12 49 . 17 . 40 . 2 . 11 31 44 . . . 25 . 9 32 47 41 8 38 5 28 24 . 6 4 48 1 37 3 29 7 . 10 . 13 19 27 33 
7 25 40 36 12 43 41 . 1 27 46 4 44 31 14 35 33 . 16 49 . . 30 45 39 34 17 3 50 . . 9 . . 6 . 21 23 . 5 . 10 32 15 8 2 . 37 47 28 
. 42 9 2 19 22 . 23 33 50 35 20 . 47 30 . 38 44 17 25 37 27 48 43 . 32 31 5 4 . 8 . 36 12 41 . 10 21 16 . . . . . 40 39 11 14 3 45 
13 12 24 21 25 . 3 32 19 . 42 38 46 30 8 18 . 36 5 22 16 . . 1 26 . 37 10 40 4 45 . . 28 43 35 48 . . 29 47 7 . 17 . 31 27 50 . 14 
. . 49 . 35 3 44 . 4 30 17 9 29 5 45 12 31 21 34 6 . 28 . . 47 39 33 16 . 10 1 . 42 43 18 27 38 32 23 . 13 25 . . 24 7 40 22 . 11 
32 8 . 1 47 12 38 35 43 . 30 23 33 . 49 22 . . . 16 42 25 13 44 9 . 5 11 . . 4 26 37 6 . 2 7 . 10 . 17 50 . 34 3 20 29 28 46 18 
48 . 11 41 7 19 29 8 40 18 12 49 10 9 25 31 44 . 28 2 34 13 . 24 35 43 45 . . . 32 . . . . 1 33 17 14 38 46 37 . 22 6 15 26 . 39 . 
26 35 . 20 . 16 4 . 10 31 8 27 6 18 28 . 39 32 21 . 41 47 24 22 7 12 25 49 48 15 43 . 50 23 2 36 . 5 9 30 14 . 19 . . 38 45 . 33 . 
43 19 . 45 1 30 50 . . 10 49 6 . . 26 7 13 27 3 . . 34 39 37 2 4 . 31 28 11 . 24 40 15 33 41 47 9 . 35 42 5 38 14 46 . 16 32 . 21 
. 40 . 28 33 24 23 11 30 . 4 3 21 2 . 16 25 . 39 . 48 . 14 32 . . 47 45 42 . 9 17 7 34 37 29 . 10 31 19 . 27 44 41 5 46 . 13 26 49 
15 22 . . 46 . 5 13 . 43 . 19 . 21 40 26 28 4 47 . . 42 16 29 48 23 . 33 17 1 27 7 2 3 32 12 44 38 11 . 45 . . 9 36 8 31 24 10 . 
33 17 10 23 36 26 20 . 18 41 2 . 37 28 44 25 4 6 42 50 . 43 1 . . 16 11 19 5 . 29 34 46 . 9 3 . 7 47 . . 21 39 35 . . . 49 24 22 
. 45 . . 31 7 12 33 5 42 43 . 15 . 24 20 . 1 26 . 29 39 40 47 10 35 13 9 36 44 . 19 17 2 21 16 41 6 . 34 37 4 46 3 18 23 . . . . 
. 11 26 35 22 8 . 19 . 6 36 16 14 . . 38 29 33 . 9 40 1 . . 25 41 48 30 47 23 39 3 24 . 12 50 . . . 44 10 18 20 45 17 4 5 2 32 13 
40 . 16 12 32 38 9 37 . 13 27 34 11 . 48 36 . . . 45 25 50 17 18 15 14 1 28 20 41 . 42 23 29 . 46 19 24 43 47 4 . 22 . . 3 44 . 21 39 
19 3 44 10 . 13 31 18 45 . 1 33 50 43 12 . . 24 38 27 15 . . 2 . 7 22 34 46 26 . 28 11 14 . 20 40 47 30 6 . 42 9 29 . . 4 21 5 48 
36 49 42 . 28 4 . 15 50 39 25 7 48 23 33 6 37 10 24 13 3 2 22 31 38 21 . . . 12 . . 27 1 35 18 20 45 . 43 32 . . . 26 30 14 34 19 . 
2 13 43 37 15 33 46 36 21 34 38 29 22 42 41 10 3 30 . 39 . 16 . 50 . . . 40 19 20 28 27 48 26 . . 9 18 6 . 49 12 . 7 . . . 44 31 47 
38 29 34 . 17 48 . 30 49 32 . 39 . 33 . 50 16 . 7 . 43 35 47 28 24 . 12 2 27 22 44 41 10 . 1 19 . 20 25 26 36 9 13 4 42 14 15 . 40 . 
11 44 21 . 26 14 22 . 28 48 . 47 42 50 . 37 . 7 2 1 46 45 27 35 12 . 38 29 . 6 40 4 . . . 23 39 8 24 31 5 19 49 . . 34 10 15 43 16 
30 . 27 26 . . 19 . 35 16 . . . 4 47 43 5 42 12 48 24 . 29 9 34 . 10 20 32 2 33 37 8 25 . 31 46 1 44 18 50 23 . 36 45 28 22 . 7 6 
22 47 33 7 13 28 . . . . 21 48 19 46 5 9 30 16 20 . 2 17 . . 49 . 18 37 26 40 34 29 32 42 14 24 11 . 4 45 . 43 35 . . 44 . 25 41 31 
. . 1 3 2 42 25 39 20 14 . . 13 29 17 27 19 41 30 40 8 32 43 23 37 10 . 4 44 . . 16 . 48 49 5 . 22 15 . . 33 50 28 11 18 . 38 35 46 
. 37 . . 9 46 . 34 15 20 . 32 49 . . 28 8 40 18 47 31 . 41 . 42 2 26 27 22 5 17 48 12 . 23 . 1 13 29 14 7 . 3 10 19 50 25 11 44 35 
44 48 31 24 6 18 14 43 16 45 23 13 17 27 21 . 10 2 . 38 . . . . . 5 30 35 49 47 41 1 34 50 . . 25 28 7 22 19 40 37 8 39 . . 26 . . 
34 . 3 . 11 29 48 40 . 5 10 12 47 41 . 17 . 26 . 15 22 44 4 . 19 6 28 . 8 . 46 43 . 35 39 38 31 . 18 2 . 30 25 37 7 45 33 . 42 32 
5 2 45 48 . 35 30 . 17 47 29 36 . 10 19 . 46 . 40 41 . 14 44 38 13 24 21 . 16 39 23 31 25 49 15 34 32 . . 11 . 8 27 18 50 . 3 1 9 . 
18 34 19 . 21 9 27 10 13 . 48 24 20 49 15 30 22 35 4 . 28 23 7 . 5 46 . . 38 37 50 . . 45 . . 12 . 36 . 40 32 26 42 44 11 39 43 6 1 
1 . 18 42 5 49 . 45 46 . . 44 35 . . . 48 15 27 29 9 7 32 8 11 28 40 21 12 . 20 6 31 33 36 17 30 3 22 13 38 2 24 39 . . 50 . . . 
10 . 25 22 . 47 . 4 44 9 5 43 3 36 38 48 17 23 13 . 1 31 12 . 40 33 41 32 . 18 . 35 15 30 26 7 27 . 45 16 . . 2 . 20 42 46 8 . 29 
6 46 . . 29 10 49 . 25 4 32 41 23 44 34 24 18 3 35 20 . . 8 . . . 14 43 . . . 33 1 . 22 39 17 27 . . 31 26 12 21 15 48 38 . 28 5 
41 28 . . 38 45 . 9 . . 24 11 30 20 4 . 12 . 25 33 6 18 31 27 44 26 36 13 . 35 . 22 49 39 42 . 43 34 3 . 29 14 . 46 37 16 7 5 17 2 
9 23 47 31 4 . . 12 2 36 . 22 40 45 . 33 21 46 . 28 20 38 50 16 . . 24 42 35 43 . 10 . 7 27 11 37 . 8 3 39 49 15 . . . 19 30 34 17 
42 . 20 39 23 . 2 49 . 28 50 18 . 6 9 . 24 34 11 37 . . 35 26 21 44 . 15 1 . 47 32 33 . 45 . . 36 40 10 25 13 17 19 16 43 . 12 22 38 
. . 29 8 . 40 45 31 . . 16 . 34 7 27 . 15 . 1 . 18 41 . 11 . 30 . 14 37 25 12 . 39 32 44 28 26 19 35 50 . 24 36 38 2 10 21 9 48 4 
16 38 . 13 10 . 47 48 11 12 14 37 32 3 . 29 27 . 19 21 . 4 6 46 28 36 . 17 45 . 18 40 9 . 30 . 34 26 39 42 8 . 43 . 22 . 35 41 20 . 
46 31 7 18 24 . 13 2 3 33 . 45 . . 29 47 43 49 22 26 27 . . 12 32 8 35 6 14 17 10 39 . 21 40 37 . 16 . 48 15 . 23 11 25 . 28 4 . 30 
. 36 50 14 . . 8 29 37 40 11 26 9 13 . 3 6 19 . 7 10 30 42 17 18 . 27 . 15 16 2 . 43 38 31 . 23 4 12 46 . . 33 49 . 47 41 35 25 34 
14 30 4 49 40 31 15 46 41 21 . 10 . . 50 . . 39 . 17 26 8 19 5 3 37 9 7 . 45 36 25 38 44 20 . 28 43 . . . 16 . 24 27 35 . 33 18 42 
12 27 . 6 48 . . 22 . 3 19 15 . . 43 8 7 29 46 14 44 10 25 39 33 40 42 38 13 21 . 45 47 11 5 9 18 31 34 . . . 4 16 49 17 . 20 30 41 
. 16 12 27 45 17 11 . 48 22 15 1 31 . 32 40 2 43 . . 38 21 37 33 20 19 . 23 39 9 6 30 35 . . 8 . 50 42 49 41 3 14 47 . 13 34 . . 24 
. . 15 . . 2 28 27 23 38 33 46 41 12 37 19 . . . . 47 48 11 . 8 18 43 . 31 34 7 20 16 9 24 44 14 35 5 1 22 45 30 . 32 . 49 6 13 40 
8 1 35 44 34 11 . 5 39 7 28 30 4 16 18 49 42 48 6 24 13 33 2 20 . 31 . 26 . . 22 21 . 47 50 45 . . 32 27 9 46 40 . 23 37 17 . . 15 
3 18 13 38 . . 35 16 7 44 . . 39 . 11 45 . 12 41 36 21 24 34 15 23 . 8 . . 14 30 . . . 10 47 29 . 28 4 2 48 5 6 1 . 32 40 49 20 
45 . 5 33 . 23 40 . 27 1 7 25 26 35 . 32 34 8 36 . 39 37 46 48 6 49 2 . . 3 31 14 4 20 38 . 50 15 13 17 24 . . 44 . . 18 29 16 10 
39 24 . 9 . . 43 26 42 19 22 5 8 11 35 . . . . 34 23 12 . 41 4 48 46 36 7 . 3 2 29 27 28 13 . 40 50 32 44 31 10 30 38 . 1 . 15 25 
. 4 28 . 16 25 . 7 36 . . 8 . 19 3 41 . 37 32 30 5 26 . 6 31 29 . 24 9 13 35 38 . 46 48 15 2 44 . 40 21 17 47 23 43 22 42 27 1 . 
49 . . 16 . 32 24 6 8 . 40 31 12 34 7 . 23 9 50 4 17 . 28 . . 47 39 . 3 30 14 . 5 18 . 10 22 25 37 41 35 20 21 48 33 1 2 45 11 . 
25 32 41 43 50 15 37 1 . . 3 . 28 22 6 44 47 . 49 10 33 5 38 7 14 13 29 . 34 48 42 . 45 19 8 . . . . 23 11 36 . 31 . 40 20 39 . . 
35 6 . 5 42 20 34 28 . . 26 2 7 38 10 15 49 13 9 43 12 11 3 40 27 17 . . 23 33 . 36 22 . . 21 8 46 . 39 30 47 . 1 14 24 . 16 . 44 

Search Limit crossed? True

Solutions: 0
WallTime: 30024ms
Failures: 188009
Branches: 375996 

DIMENSION: 75 
Problem:
. . 12 . . . . 70 15 52 . 50 47 66 57 . 37 39 40 71 7 49 18 68 . 58 25 67 28 . 69 55 22 11 . 6 36 . 61 63 9 48 34 . 41 . 74 51 23 29 45 . 42 8 3 60 . 64 72 . 26 43 5 56 21 4 32 65 . 53 73 . 27 59 . 
58 26 60 75 . 71 14 7 4 27 31 47 13 . 35 . 65 24 19 . 39 12 64 28 51 33 70 8 38 63 67 . . . . 32 69 23 17 . 25 3 5 11 . 59 52 . 37 9 43 . 53 . 56 54 46 45 34 . 74 . . 10 16 50 68 . 6 40 72 2 . 55 . 
41 33 5 14 . 63 40 . 44 . 55 60 74 47 19 57 54 43 72 6 37 70 10 26 65 66 . 28 22 7 51 53 61 31 25 56 13 . 59 . 42 . . 38 . . 68 8 39 32 16 2 21 . 35 . 4 23 9 . 52 24 17 46 . 48 . 75 . . 30 27 . 49 3 
. . 22 25 1 9 . . . 8 38 48 . 34 . 18 66 . 59 60 64 23 13 75 15 11 24 46 54 . . . 40 20 33 45 44 70 3 52 . 31 63 74 14 27 53 39 35 62 36 7 . 28 . 2 16 42 37 10 56 32 41 65 12 . 57 69 . . . . 49 61 26 
30 2 68 51 25 50 . 22 . 24 39 . 6 58 40 . 70 23 9 44 73 . 32 . . . 47 33 18 59 75 60 17 74 52 . 29 42 41 . . 49 48 53 5 69 21 27 . 61 8 43 37 . 28 72 15 11 56 1 57 19 . 54 35 45 . 13 71 . . 64 55 . . 
37 4 63 . 2 . 51 . 40 36 . 35 56 . 50 52 19 73 48 . 25 59 62 6 46 . . . . 55 66 13 43 . . . 39 . 69 70 20 28 42 22 57 15 34 67 10 . 44 9 27 18 . 12 61 29 21 30 . 7 71 5 74 . 14 54 47 16 58 65 . 11 49 
. . . . 50 49 7 39 22 34 70 36 14 67 43 16 61 44 54 4 . 52 58 . 37 . 27 59 45 1 19 2 65 9 35 30 28 69 . 48 31 63 33 17 60 21 18 32 . 11 . 57 . 62 10 66 6 56 42 . . 46 . . 5 68 75 71 . 55 . . 26 8 47 
43 12 . 8 65 2 72 . 41 45 . 29 69 13 1 54 64 51 . . . 74 36 55 57 5 . 34 33 6 68 10 50 16 15 42 35 44 21 . 71 . . 73 25 48 32 30 27 49 23 38 63 . 24 . 39 18 4 67 . 14 . . . . 60 7 62 56 26 . 46 . 70 
34 15 30 16 . 19 . 54 1 . . 7 48 50 . 47 14 41 . 45 67 . 74 37 22 64 43 . 73 70 58 33 52 . 24 38 68 21 . 65 53 . . 75 71 18 49 . 12 . 3 56 2 . 4 . 20 10 29 6 40 31 13 61 26 36 69 46 . 62 . 8 . 27 17 
8 47 . 11 31 . 27 24 45 25 62 53 . 57 . 46 58 1 68 50 . 17 . 39 71 32 20 22 55 . 37 34 . . 48 16 9 56 18 51 . . 2 14 21 5 . 26 4 54 33 40 70 . 49 . 60 . 10 23 61 . 74 . 6 72 12 29 35 36 . 41 75 30 . 
75 14 40 . . 53 . 71 24 16 . 64 . 10 . 58 22 63 33 70 35 55 6 9 . . 48 17 7 32 38 44 13 25 3 . 42 49 4 26 66 . 28 67 . 34 20 72 11 57 54 19 69 52 . 37 . 12 27 46 . . 73 . 29 60 43 47 . . . 59 74 1 . 
38 . 27 29 42 . 71 48 50 72 2 9 . . 56 3 35 74 60 75 16 39 20 62 8 . 54 21 32 49 12 23 53 37 . 67 14 58 . . 4 . . 30 17 47 . 19 33 65 68 46 . 41 63 73 . . 66 18 6 10 . . 52 . 59 . 28 15 55 . 64 43 5 
73 27 71 . 39 57 . 8 6 68 . 55 28 18 69 64 45 3 44 12 . 21 52 29 61 . 49 . 34 20 2 31 24 41 7 19 62 65 . 23 . 59 16 42 . 22 33 . . 51 . . . 30 72 36 37 4 75 43 35 . 70 17 . 5 1 66 . 10 46 54 . 25 53 
13 5 67 32 . 55 47 31 66 23 65 63 37 51 17 12 60 . 22 54 34 45 19 2 26 28 . . 48 21 14 29 42 . 36 43 50 18 15 . 74 73 25 35 . . 9 20 6 . 61 . 59 40 30 . 75 46 8 68 16 56 38 . . . . 39 . . 52 . 7 62 . 
60 11 51 61 57 . 41 40 19 3 54 24 25 . 72 37 18 8 27 53 . 47 66 74 33 4 7 5 . . 55 26 . 22 56 68 . 32 20 14 . . 46 70 . 73 . 42 71 10 69 . . 15 . 75 65 62 31 48 . . . 64 28 . 35 6 36 . 63 12 1 44 50 
31 3 29 . 35 72 53 . 60 43 . 1 . . 38 30 . . 69 . 50 44 61 21 48 74 58 63 65 33 45 . . 15 28 . 64 66 12 55 . 25 6 13 23 . . 24 26 4 73 . 19 46 11 14 47 27 . 39 8 71 68 42 57 . 22 . . 70 . . 52 56 18 
15 48 50 26 10 16 66 . . 33 4 . . . 3 5 57 . 17 . 62 65 . 64 . 31 . 35 41 52 22 20 21 69 51 13 54 . 2 59 55 72 73 49 . 39 7 75 56 24 40 53 38 . 25 43 . . 11 70 32 6 8 . . 23 30 36 . 44 . 42 14 60 58 
25 42 1 58 20 34 43 . 7 54 60 65 30 16 26 22 63 . 3 72 . . . 8 52 49 . 50 . 35 . 12 9 71 37 . 4 11 24 27 40 68 15 . 51 29 36 5 . 38 . 45 . 23 67 19 . 73 18 31 62 . 44 . 70 . 2 59 75 74 . 21 . 46 48 
69 . 11 71 15 61 9 55 . 30 41 18 62 73 . 50 . 27 . 40 60 33 47 34 54 51 . 13 . 74 46 . 70 63 26 58 21 20 42 7 43 19 35 52 59 38 1 . . . 37 24 . . . 8 56 28 39 . 67 44 23 32 31 66 16 . 29 72 48 . . 75 45 
. 34 44 64 47 45 55 74 11 . . 23 . 37 . 20 75 38 . 24 . 30 . 58 16 54 . 72 . 17 53 . 73 . 60 . 2 9 43 41 32 50 22 18 36 1 6 70 3 68 48 42 4 5 46 51 12 . . . 69 62 14 66 27 71 33 61 49 . 7 57 . 35 19 
3 72 24 52 . 30 42 61 57 . . 25 . 75 47 2 1 69 64 35 . 50 49 . 20 59 . 54 . 65 48 4 . 17 22 34 46 62 63 36 28 . 18 5 55 60 70 7 . . . 21 11 10 . 32 40 41 73 74 44 23 39 . . . . . 68 9 37 33 51 66 . 
53 54 34 18 68 36 . 56 72 47 50 21 40 60 74 66 5 52 6 43 . 67 48 63 4 71 59 11 39 . 29 8 12 51 14 . 27 41 28 . 65 57 . 24 . 19 . 23 . . . . 75 3 20 . 9 69 . 7 . 22 31 49 38 55 37 35 . 32 70 61 45 . 30 
55 19 49 . . 4 18 21 73 14 37 8 43 . 39 . 25 . . 34 . 72 57 . 53 29 69 7 . 30 41 67 5 27 10 28 45 64 40 1 . 56 44 15 70 61 65 62 . . . 63 . 6 9 . 68 3 46 . 31 26 42 75 2 12 54 . 60 66 23 58 36 71 . 
59 32 72 38 64 . . . . 50 . 62 26 70 4 39 . 35 14 57 54 . . 27 . 56 61 51 69 . . 48 63 46 42 41 3 . 53 40 23 71 55 10 9 . 30 16 60 7 5 37 33 58 18 47 . 22 12 19 29 . . 15 8 25 52 . 44 6 66 73 11 21 . 
22 16 . 3 75 10 . 36 9 19 43 40 34 27 2 . 6 29 . . 23 60 . . 59 69 . 14 15 11 . 58 . 42 . 5 70 30 71 . . 54 47 . 24 7 50 18 68 1 67 33 . 38 62 65 64 55 32 . . 35 61 51 53 46 . 31 8 52 . 48 63 26 20 
9 46 36 19 73 40 6 75 . 71 12 . 18 3 49 74 . 57 20 . 41 15 29 38 28 25 26 . . . 72 11 39 32 50 69 56 35 . 5 51 30 59 . . 54 . 68 . . 66 23 52 42 34 . 1 . 55 22 10 . . 43 58 37 63 62 . 45 64 7 47 67 33 
4 . . 27 . . . 38 47 75 66 74 24 7 44 . 43 . 11 . 53 54 39 42 6 . 37 . 62 . 25 . 33 68 32 . 65 40 30 50 70 14 20 41 . . 56 . 5 55 . 12 22 71 31 28 58 51 63 16 73 . 29 8 23 1 48 34 45 . 3 . 60 69 59 
42 38 18 . 70 60 73 68 . . 22 . 61 . 48 59 . 40 49 . 31 56 35 . . . 72 24 19 3 44 . 6 2 . . 12 . 66 . 62 9 41 45 . . 54 55 43 58 57 . 71 65 21 64 10 47 . 75 1 13 50 29 . 17 11 51 25 67 28 23 37 32 34 
18 28 23 66 74 58 33 . 39 . 44 26 49 62 . . 71 . 7 . 70 73 51 36 . 19 . 12 75 13 43 . 30 53 41 46 61 3 . 10 67 64 4 34 47 . 29 . . 48 27 59 55 69 . 40 35 21 24 65 60 9 37 . . 2 20 . 52 . 31 5 8 38 6 
50 69 45 43 54 42 . 62 53 22 16 10 . 71 21 60 15 9 . 68 51 . 44 . 23 72 38 55 37 31 . . 14 7 17 8 74 47 64 34 48 . 58 3 . 63 67 29 18 27 . 1 35 59 57 46 13 . . 66 . 36 . . 40 75 70 73 2 61 32 . . 39 . 
47 . 9 45 34 . 39 65 5 21 27 . 35 . . 56 . 54 13 41 11 37 . 12 64 . 23 42 . 61 26 74 69 43 . 29 19 72 55 25 3 . 40 59 . 24 63 28 32 71 46 36 1 7 50 67 . 15 . . 51 17 10 . . . 73 . 33 18 14 6 31 70 62 
17 1 58 56 23 41 . 10 . 2 9 49 12 . . 68 74 71 29 . 14 . 11 16 40 43 13 73 47 5 . 7 26 64 4 51 37 . 44 30 . 52 . 25 31 57 . 48 21 66 63 32 . . 70 53 . . 50 8 54 42 . 67 . 33 15 60 24 . 65 18 . 6 69 
. 31 . 53 16 7 . 37 48 55 33 56 17 . . 35 . 6 5 27 20 32 14 23 73 2 4 1 49 69 65 19 46 58 . . . 54 25 60 61 . 9 12 42 . . . 72 43 70 50 . . 39 29 . . 62 41 15 57 59 3 44 52 45 40 34 8 . 47 28 10 11 
. 8 21 9 38 28 54 . 43 56 . 41 . 5 . . 39 . 51 . 18 3 50 32 . . 60 19 52 36 23 49 4 . 11 26 . 29 33 44 72 . 68 . 73 64 45 66 2 6 . 17 61 48 13 62 55 30 57 71 34 . 46 53 65 7 40 24 . 58 67 75 16 . 10 
. 44 38 . 26 . 31 53 68 73 . 32 11 49 52 75 . . 36 46 59 58 41 . 55 7 . 66 2 56 . 25 54 24 57 23 . 22 . 15 37 . 8 65 63 . 14 4 1 45 18 69 10 60 . 42 19 13 35 3 28 12 . 47 . 9 . 70 30 64 51 . 72 5 43 
46 63 65 36 . 3 . 26 75 74 . . 44 4 6 32 68 28 15 25 29 1 40 49 13 . 50 16 23 . . . 45 34 . 31 . 24 48 . 39 42 7 . 27 . 19 64 52 56 30 72 5 73 . 20 . 59 69 . 38 . 55 9 71 67 . 53 18 . 11 60 10 . 37 
12 45 . 62 . 8 22 66 64 26 . 39 27 14 24 70 17 11 . . 61 6 75 30 3 48 33 . 58 . 18 42 . . . 15 49 16 . 67 52 . 38 36 43 53 60 41 . . 32 . 46 25 . . . 57 5 13 9 50 65 44 51 40 55 4 19 1 29 74 23 72 21 
23 60 48 42 36 24 70 . . 37 14 3 . . 18 . 56 5 . 62 52 68 . 10 69 6 73 40 . 41 . 59 44 12 . 20 57 . 49 8 63 . 1 29 50 32 . 21 . 34 . 26 13 . 19 38 . 43 7 15 71 67 47 16 25 39 4 55 . . 45 28 2 58 . 
44 35 33 49 19 59 46 52 . . 45 54 57 74 60 67 32 . 70 . 71 . 38 . 9 23 65 56 . 22 40 14 66 . . 12 15 55 7 2 . 69 26 68 64 50 . 36 . . 24 62 73 21 51 . . 37 13 72 18 39 48 1 63 30 . . 53 43 . . 58 41 75 
1 74 26 37 . . 21 9 42 . 20 . 41 29 54 36 72 32 38 67 27 . . 60 . 34 . 10 17 . 70 69 57 47 5 24 75 43 . 39 . 13 3 . 46 66 62 63 45 . 6 18 58 64 52 30 28 8 23 61 4 . 7 12 . . . 44 . 50 . . 35 19 14 
52 50 . 22 13 32 11 16 . 60 53 6 54 . 67 . 8 45 58 23 . 51 5 65 1 62 66 . . 72 71 . 55 . 19 . . 63 . 43 7 38 56 37 20 49 73 . 46 . 29 34 30 70 64 59 27 . 15 35 . 3 . 33 68 10 61 28 42 48 39 36 44 . 12 
70 64 47 68 11 20 75 3 . 32 51 52 10 55 15 28 62 49 25 16 . . . 73 14 65 5 . . 29 36 50 60 21 . 37 40 . 58 53 41 . 39 33 . 17 59 74 . . 19 22 8 66 . 61 38 1 71 . 27 . 43 . 42 56 46 23 72 . 24 45 13 . 4 
. 25 . 55 40 11 15 35 70 7 5 31 60 30 42 29 . . 12 32 13 18 3 59 39 . . 61 . 10 62 46 51 45 49 2 16 33 . . 34 53 . . 52 . 24 9 69 23 . 44 43 75 58 4 71 38 20 . 63 66 . . 67 8 74 . 41 57 19 26 54 73 . 
. 22 35 47 66 . . 6 74 58 1 43 38 15 14 . 67 60 62 21 46 28 33 5 24 . 8 52 72 48 . 63 . . 59 4 . 19 54 29 10 11 61 16 56 25 40 . 64 26 2 . . 45 53 . . 9 . 32 17 51 18 30 . 20 . . 57 69 34 31 42 3 55 
20 . . . 28 38 12 46 59 . 25 73 75 26 . 71 . 21 23 . 63 14 . 22 50 57 40 49 68 54 6 . 32 36 69 9 . 8 1 19 . . . 7 44 2 51 33 70 16 34 60 66 . . 58 52 17 3 . 64 72 15 24 18 74 13 . 11 42 43 4 62 29 . 
66 . . 2 37 65 . 47 . 4 . 12 3 72 33 61 41 . 1 7 38 46 24 43 32 22 28 30 51 15 10 45 . 23 55 . 26 . 60 13 16 35 70 . . 56 . 6 62 67 14 . 36 74 75 . 34 50 . 27 11 73 49 31 . 29 5 21 63 59 42 . 71 . . 
. . 7 70 27 1 50 4 14 . 18 66 2 21 23 . . 34 . 22 . . 8 . 12 37 44 . 42 53 15 . 67 57 58 . . . 35 49 45 6 10 55 29 52 46 71 36 30 25 41 32 39 43 . . 16 38 69 20 74 . . 47 64 26 9 31 73 68 11 65 . 54 
74 70 37 . 58 14 67 23 8 . 64 . . 44 . 53 . 59 30 . 26 69 . . . 75 11 . 25 19 7 71 68 55 63 . 60 12 52 61 50 4 36 6 45 13 2 1 29 . 42 27 24 . 47 22 41 20 16 . 72 21 40 48 56 49 . 33 65 28 35 17 . 34 . 
51 . 10 33 46 . 37 . 52 . 42 27 32 12 7 . 44 . . 29 55 5 34 15 60 73 53 20 31 45 4 43 58 61 18 21 41 2 38 17 24 47 . . 68 . 75 . . . 72 35 67 11 74 56 36 71 28 26 . 49 . 70 . 63 6 14 40 13 . 9 3 . 57 
. 6 . 73 7 29 38 44 . 66 26 19 33 17 . 24 69 31 32 56 21 . 9 . 58 20 45 62 8 . 52 . 11 49 53 72 63 71 . . 46 43 . 39 61 51 . 57 55 14 . 3 54 . . 50 48 34 64 42 59 30 22 35 36 47 18 74 . 5 40 1 . . 23 
26 17 46 57 21 70 . 59 12 61 11 51 67 32 13 45 . 72 4 33 68 71 . 66 . 55 9 64 16 . 8 5 41 1 . 40 . 52 14 . 54 10 . . 39 74 . 15 44 19 60 . 56 . 6 35 . . . 73 . 34 . 37 62 42 31 30 7 23 20 63 29 . . 
. 7 16 63 60 6 34 . 2 15 32 42 . 35 70 55 28 . . 59 58 61 . 69 . 8 67 57 . 44 . 21 10 52 31 3 11 37 75 22 5 . 13 56 33 . . . 49 47 51 73 64 . 41 9 66 . 45 62 48 29 72 . 46 . . . 17 38 54 43 19 12 . 
. 61 64 67 33 18 . 17 . . 46 68 . 1 73 27 2 20 52 42 . 11 4 19 43 24 . 38 74 16 . 41 7 8 13 55 66 59 22 3 57 . 12 . 10 . 28 53 65 37 62 25 . 49 23 . 21 . . 36 70 . . . 75 15 44 26 48 . 9 72 32 . 51 
29 . . 41 59 51 49 13 28 35 . 11 71 43 . . 73 25 45 19 9 2 . 4 70 46 . 65 21 . . 72 38 . 62 48 23 57 5 68 18 24 64 . 34 10 47 3 40 . 52 . . 56 1 16 74 14 33 55 . 60 6 50 37 . 7 8 58 63 . 32 30 . 44 
. 23 53 . 52 68 17 67 35 63 28 34 51 65 9 73 . . 41 3 72 42 . 46 62 . 32 . 44 . 47 54 19 4 74 . . 13 50 66 . 61 43 20 69 . 48 . 75 15 39 71 12 31 5 27 7 . 59 37 30 64 . 6 10 11 . . . 2 8 . 70 14 . 
. . 42 . 69 26 20 49 3 40 48 17 . . . 62 . . . 58 57 16 22 53 63 39 68 . . . 59 51 56 6 . . . 28 46 35 1 55 . 72 15 44 38 . 74 50 75 13 65 29 61 41 5 2 30 14 66 33 21 45 43 54 23 32 67 47 60 25 . 64 . 
49 29 32 20 24 . 26 14 . . 34 72 . 68 41 43 . 62 39 30 65 64 54 17 . 38 75 27 60 . . 28 . . 1 10 18 74 . 33 6 22 53 57 35 45 55 47 9 . . . . 16 . . 31 66 . 12 2 70 25 21 7 61 58 19 23 46 71 69 4 52 13 
65 . 14 7 72 . 4 60 . 46 29 38 21 . 71 10 52 . 43 73 . 25 15 51 . 67 . . 3 26 35 16 27 50 40 . 1 . 37 6 59 36 66 31 11 68 12 34 57 28 74 48 9 32 . . 23 24 54 2 . 58 64 . . . 8 63 20 41 62 . 33 17 . 
11 40 56 60 . . 10 19 23 . 63 . 15 . 34 9 31 2 . . 22 . 55 72 7 26 17 . 13 4 . . 16 30 71 39 . 73 47 42 21 62 . 8 . 75 64 61 . 33 20 74 . 14 69 18 29 35 . 57 12 37 58 . 32 28 51 43 66 . 27 70 38 45 68 
61 10 6 69 29 74 30 28 38 . 13 . 42 54 16 . 46 47 55 51 . 41 71 . . 17 34 70 9 . 64 36 . 39 65 . . 50 19 . . 58 75 43 1 23 5 45 31 8 59 11 3 . . 49 26 . 53 20 68 . 35 40 60 21 67 56 73 37 . 52 66 . . 
71 41 19 50 43 47 1 51 20 49 15 57 46 33 . . 12 61 . 64 17 . 53 . 66 . 55 6 70 8 28 . 23 . 39 22 5 . . 32 . 29 65 63 26 31 44 40 14 . 21 . . 13 73 48 30 74 2 . 45 68 27 . 3 59 . 58 9 34 . 56 69 4 72 
2 53 . 72 . . 29 64 58 38 . 30 16 40 66 48 3 56 . 36 15 19 . . . 61 51 43 . 62 73 . 34 5 44 50 32 . 45 18 68 8 52 . . 12 69 35 42 46 22 65 39 . . 25 14 7 6 63 33 . 54 20 24 70 71 . 59 26 57 10 41 . 28 
56 59 52 54 48 67 . . 18 12 49 75 20 69 28 14 42 65 . 13 4 8 46 45 . 21 19 25 43 60 31 62 37 73 . . . 26 . . 30 2 . 71 40 . . . 41 74 . 15 6 34 29 10 44 72 . 5 55 27 3 7 . . . 64 39 24 . 53 61 . 32 
68 . 43 . 62 . 2 15 71 70 21 . 66 . 63 8 40 14 37 61 36 34 59 35 75 27 16 . 4 18 . 1 3 72 23 52 . . 10 46 58 67 . 50 65 9 17 . . 44 26 6 20 53 45 . 73 . 41 47 42 . . 74 39 13 19 22 54 12 49 55 . . 31 
19 57 . 34 45 46 44 1 . . 67 61 72 2 . . 59 12 18 . . . 70 . 29 15 31 47 20 71 32 3 36 . 9 11 73 . 6 21 27 74 69 60 . 37 4 . 8 22 . 58 23 43 14 55 . 5 40 . 49 . 63 39 30 16 . 41 26 . 33 35 50 68 42 
. . 62 44 . 12 8 . 29 10 30 . 23 . 5 13 7 18 . 63 45 . 2 57 67 41 21 15 64 58 56 38 25 . 70 27 48 . . . 69 1 14 . 54 4 . 37 61 17 35 28 . 9 42 52 22 49 68 . 19 47 20 73 55 31 . 72 3 75 53 . 24 16 65 
72 . . . 5 75 32 50 26 9 36 71 22 . 8 6 49 7 47 . 69 57 37 44 42 68 18 41 63 66 1 . 62 . . 35 30 . 23 74 64 34 51 . 28 3 39 12 24 73 55 . 14 17 . 15 25 54 70 45 58 . 52 . . 38 . 48 43 . . . 59 13 60 
62 20 . 10 53 54 24 72 56 57 74 4 . . 55 65 36 . 63 2 . 9 26 1 . 40 30 . 66 . . 39 . 14 . 75 58 6 . 12 8 . 45 . 37 11 . 13 73 60 47 5 34 50 33 23 . 48 . 49 43 69 51 59 17 3 . 52 38 21 25 68 22 18 29 
7 24 61 . 44 . 19 . . 69 59 . 8 11 45 . 16 26 46 55 43 22 21 18 34 42 62 37 12 40 9 . 35 . 67 . 20 38 39 54 75 32 31 4 3 . 27 2 47 52 64 70 51 33 68 71 53 . . 60 . 63 56 41 14 . 49 57 . . 1 15 . . 25 
. 9 69 . . 5 16 . 13 . 24 37 45 63 36 . 51 17 26 11 1 62 56 . . . . . . 27 54 73 . 60 30 47 33 15 34 38 14 7 29 2 75 67 . 50 20 3 41 55 74 68 22 70 32 53 . 58 65 28 19 . 48 44 66 . 61 49 21 . 12 57 71 
39 37 57 15 49 62 52 . 51 67 . 33 65 22 12 19 . 36 28 69 44 . 45 . 5 . 2 58 35 64 63 61 . 10 . 7 55 68 8 . 56 40 74 46 53 43 . . . 75 . . 18 54 32 11 . . 60 9 . 38 4 14 41 24 . . . 20 50 13 48 47 73 
. 55 39 . . 56 28 5 32 29 73 . 53 64 11 49 33 30 34 26 12 . . 20 47 1 46 69 59 23 50 22 8 65 16 14 72 7 . . 2 15 . 19 6 70 10 . 13 41 . . 44 . . 21 45 . 17 52 . 61 60 25 54 62 38 3 27 . 74 37 . 42 35 
5 36 73 17 12 35 45 41 67 . 52 . . 39 31 23 . . 42 66 10 . 43 11 2 3 57 . 30 47 34 18 49 62 . 71 . 48 32 64 19 46 . . 16 33 72 . 63 59 . . 28 51 38 1 50 44 74 54 37 55 9 69 . 27 . 15 14 . 4 24 . 53 . 
32 . . . 22 . 35 63 36 44 58 . . 61 68 15 23 66 74 49 3 43 . 67 41 70 6 45 24 25 . 27 64 29 46 54 52 . 56 . . 17 . 28 8 55 42 14 50 21 31 10 62 . 71 . 59 65 . . . 20 33 18 73 . 34 2 69 . 75 38 5 48 16 
35 . 8 4 . 48 61 73 . 28 40 . 55 . 64 1 26 19 2 14 6 . 72 . 17 . 56 71 5 . 27 68 59 38 43 53 . 10 36 45 60 75 . . 66 42 41 54 30 . 13 16 . 63 15 31 57 70 . 24 . 25 . 11 33 34 47 37 12 65 44 22 . 74 46 

Search Limit crossed? True

Solutions: 0
WallTime: 30054ms
Failures: 241561
Branches: 482957 

DIMENSION: 100 
Problem:
62 38 72 8 85 21 47 73 48 2 . 18 27 . 59 64 35 83 75 80 . 50 65 52 84 45 19 6 67 41 87 68 . . . . 95 63 24 31 82 3 94 53 29 30 36 89 81 33 1 . . . 96 51 97 42 . 92 23 . . 40 . . 70 . . 20 . 46 26 49 57 37 43 . 88 77 66 . 25 91 55 . 13 74 . . 7 54 58 90 79 . 9 . 14 98 
48 49 45 9 68 92 . . 85 . . 20 75 94 83 50 . 98 . 12 43 76 27 28 11 32 . . . . 72 95 57 35 47 69 39 96 51 36 . 1 3 40 54 34 46 25 . 84 . 86 56 . 65 100 90 . 62 5 16 67 2 31 79 23 55 99 8 58 21 60 . . 18 . 14 . 70 63 42 53 17 87 73 26 . 80 7 . . 37 88 15 6 . 89 . . 13 
83 92 . . . 58 . . 10 93 36 . 99 63 20 . . 1 43 6 60 55 87 8 . 84 12 . . . . 86 21 38 31 . 35 74 18 29 95 70 . 51 96 41 27 13 26 97 23 22 . 94 28 90 98 . 89 59 32 45 24 69 53 16 5 . 85 4 48 72 . 9 . 79 15 40 75 . 76 66 57 . . 2 100 52 46 82 81 33 61 62 80 50 . 25 78 . 
95 69 . 26 36 19 23 4 5 97 94 49 50 9 2 41 54 15 . . 39 . 37 . 98 21 . . 29 . 71 62 43 84 66 . 20 . 3 . . 51 68 18 14 . 32 90 78 16 . 46 10 6 99 24 87 . 45 1 30 33 85 64 73 38 . . 44 . 52 100 75 47 92 76 63 77 . . 82 . 48 . 31 55 7 . 96 34 79 . . 61 81 70 58 80 67 42 
. 54 . . 26 22 . . 60 28 . . 19 93 . 88 64 95 . . 10 56 24 7 46 74 3 33 90 . 65 72 16 58 36 . 21 17 . 87 96 94 84 83 91 . . . 37 62 . 89 15 71 70 63 23 61 . 41 82 79 . 53 99 29 . . 75 67 . 14 . 6 100 77 73 98 38 59 30 44 80 9 40 25 . 47 66 39 . 8 18 51 68 52 45 4 2 97 
61 75 . 27 98 . . 44 73 81 100 66 38 13 6 . 2 17 67 83 4 88 57 97 92 . 82 31 . 95 . . 25 . . 89 10 . 9 16 80 41 26 20 47 . 30 84 77 32 43 24 71 . 11 . 50 15 . 65 19 5 . . 14 . 40 78 49 . 60 74 79 42 35 28 . 70 . 90 1 36 72 62 . 64 . 87 . 29 91 53 63 7 76 33 3 18 37 . 
29 22 18 5 . 48 . 30 65 80 6 13 21 77 . 35 93 . 4 78 31 61 81 69 94 . . 73 68 15 20 26 3 28 . 63 92 34 76 59 79 32 39 41 44 70 85 55 52 . . 2 . . 97 17 33 . 66 . 43 49 98 47 64 83 87 1 19 9 14 . 71 . . . 54 . 50 82 . 90 62 . 56 37 99 . . 51 23 36 60 100 . 42 74 . 8 . 
72 44 89 95 . 29 1 14 . 58 90 21 53 . 54 68 7 41 40 . . 31 84 45 28 69 . 59 . 51 88 . . 25 42 . 81 46 71 80 5 17 . 64 . 66 78 . 100 27 . 92 19 37 85 18 55 . 79 77 39 24 87 65 74 34 . . 56 . 86 . . 15 . 47 97 82 61 30 73 94 . 32 . . 11 75 93 96 98 63 67 52 12 76 . 8 36 48 
68 61 57 99 16 91 18 54 13 60 77 80 . . 24 33 70 69 55 41 26 . 12 67 . . 50 78 . 40 . 96 . 39 . 28 75 48 . 35 30 7 65 . . 1 72 88 25 93 34 90 74 15 42 56 44 49 38 . 2 82 92 73 . 87 . 31 29 84 9 58 4 36 19 . 5 . . 32 23 . 76 46 . 10 . 3 37 . 85 . 47 . 52 . 6 86 11 66 
. 45 1 92 . 81 . . 20 44 . . 68 18 34 94 . 14 51 5 76 100 25 43 . . 72 41 96 61 30 . . 82 99 52 55 . 79 85 49 74 24 93 . 28 71 66 . 47 95 21 . 54 . 78 70 4 . 35 48 . 59 33 88 15 . 86 23 2 29 39 64 32 8 65 98 26 84 87 10 . 12 . . 97 38 89 13 . 77 . 40 31 . 7 11 37 75 22 
8 72 97 54 . 33 94 26 79 . 66 34 . 51 1 74 91 . 96 32 98 18 41 84 40 56 29 . 16 87 49 75 89 17 . 59 27 . 69 . 4 38 . 43 55 13 3 93 . 22 35 . . 30 46 . . 68 76 21 78 100 . . . 82 52 44 71 10 47 . 25 . 61 99 42 . 20 88 . 86 64 67 . 23 19 73 60 . . 62 90 24 28 39 31 12 95 . 
. . 47 21 53 . 52 89 36 71 55 12 51 . 78 97 67 4 79 16 17 74 70 100 77 8 26 . 5 18 37 13 . . 2 23 . 82 28 62 . 95 25 3 7 . 88 22 50 . . 60 . 11 15 66 19 44 83 73 87 . . 24 84 . 20 54 . 93 . 48 . . 75 45 . 14 63 61 32 56 42 72 98 68 . 90 85 69 86 1 94 9 91 . . 96 40 . 
6 . 19 . . 45 . 21 18 89 40 57 . 36 73 43 92 . 23 81 . 26 53 63 8 25 69 75 46 5 34 90 44 . 4 11 80 . 27 12 41 48 52 91 88 2 . 37 14 7 98 72 28 58 24 . . 100 29 70 59 . 60 50 85 1 95 64 33 17 93 . . 97 56 9 . 62 30 . 55 . . 83 . 79 35 51 67 . . . . 22 39 31 15 . 38 87 
98 79 . 35 64 95 . 63 57 84 4 24 34 . 29 53 40 . 7 . 3 9 1 49 83 48 66 80 . 23 17 . 2 . 97 . 32 100 . 99 . 11 . 45 92 59 15 52 73 . 88 41 75 72 . 76 16 13 47 8 20 . 78 56 46 22 . 71 27 5 . 61 77 . 86 . 44 94 93 62 69 . 60 70 21 74 26 18 . 81 50 31 . . . 85 90 . 91 65 
. 91 94 . 76 47 85 84 89 14 86 45 88 26 . 42 12 100 . 99 65 . 51 68 81 . 95 17 . 54 . 15 . . . 20 5 73 29 . 44 37 87 75 53 36 . 74 46 66 90 . 58 21 57 25 10 . 28 18 . 61 79 . . 43 71 . 32 22 . 93 78 67 38 27 69 83 24 . 4 23 . 2 64 . 16 50 31 59 1 98 . 56 . 19 55 7 72 6 
23 33 . 90 11 60 48 . 81 . 89 53 . 83 74 15 43 35 57 36 95 93 . . . 85 67 . 70 73 1 88 54 . . 30 40 71 34 13 94 56 . 80 5 . 52 46 31 65 . 99 92 . 86 55 38 72 97 3 58 10 . . . 76 78 39 . 28 51 22 . . . 50 . 59 79 84 21 45 20 19 62 91 2 29 27 87 25 18 77 14 26 . 68 . . 37 
63 35 5 . . 16 25 52 9 94 . 87 . 48 76 . . 93 81 59 . 28 . 98 39 36 . 27 . 83 78 . 96 61 13 88 37 90 . 32 8 2 95 60 1 . 62 . 92 99 77 91 57 97 55 10 100 . 14 . . 69 . 21 18 . . 50 20 12 64 44 33 68 . 43 65 51 74 41 29 70 3 42 4 49 56 . 80 66 17 6 53 . 67 89 34 . 71 . 
. 84 15 . 55 . . . 98 . 31 72 . 92 68 . . 66 93 10 33 13 86 44 53 58 . 94 47 . . 65 4 73 60 79 9 6 32 70 89 24 21 27 . 16 42 85 63 8 61 11 51 . . . 76 36 37 83 88 40 . 7 . 35 39 12 67 14 41 77 56 30 82 . 64 91 5 . 59 38 . 49 . 62 96 28 69 95 74 75 20 . 50 25 52 . . 19 
25 . 85 73 9 57 62 . . 22 . 81 . 90 56 71 69 97 50 91 . 17 44 51 . . 89 29 88 59 52 70 68 60 5 15 63 . 65 28 1 34 54 11 . 7 13 . 35 . 84 4 55 42 30 49 58 19 20 66 . 75 6 100 . 78 24 93 46 . 45 . . 96 14 . 31 12 92 . 64 . 16 . 47 . . 79 87 . 99 67 86 39 33 32 26 21 41 . 
. 46 . . 45 76 95 41 . 86 . 58 17 19 . 79 . 72 62 21 55 . . 38 29 26 14 97 37 9 84 93 65 59 70 24 . . 22 . . . . 31 8 71 7 20 68 23 49 66 27 . 3 2 . . . 48 4 30 33 42 1 89 18 91 100 13 85 . 99 16 83 94 35 10 . . . 64 56 15 75 47 67 92 39 36 51 . . 74 53 44 63 87 12 96 
. 78 40 50 29 64 75 57 . 76 51 86 11 84 26 32 41 73 24 39 28 90 . 13 . 42 56 . . 49 96 71 88 83 . . 23 36 15 2 22 16 . 66 46 45 63 43 8 . 89 . . 1 . 67 . 5 93 . 52 . . 61 34 . 60 94 7 53 . 80 12 81 31 18 9 30 48 37 65 97 10 . 82 77 79 59 . 98 6 . 54 . . 68 35 27 70 . 
. 55 33 52 87 65 67 75 41 12 . . 86 . 94 57 29 26 45 97 78 53 36 40 85 30 35 1 . . . . 13 4 89 . 93 27 11 14 . 77 . 38 . . . . 51 54 . 73 8 81 9 88 56 37 . 76 28 . 82 22 25 64 21 42 60 90 74 91 7 92 50 62 2 79 . 39 . 83 98 . 71 . . 5 59 46 49 16 70 48 99 72 . 68 . 3 
18 . . 85 . 34 73 19 44 . 61 . . 25 92 47 . 81 12 50 54 6 89 42 . 15 64 37 45 91 . . 33 56 17 13 28 93 58 . 7 98 . . 67 68 24 70 10 80 78 97 29 . . . 27 71 53 2 83 38 9 16 90 . 31 . 94 100 69 . 66 8 . 36 40 72 62 23 . 20 55 86 49 99 41 . 77 . 75 11 . 30 . 74 95 26 39 60 
59 30 62 86 . . . 93 51 68 . 5 . 7 41 63 65 . 34 3 . . 67 . 26 99 1 55 15 35 23 85 60 . 46 29 16 24 . 58 75 22 78 . . 98 . 72 79 . . 61 20 80 17 87 14 81 19 . 21 83 . 39 77 48 . . 6 88 89 40 32 84 43 91 49 31 64 . 2 74 100 . 52 12 97 44 28 . . 95 66 11 71 8 . 94 33 56 
13 31 . 56 22 . 24 1 . . 79 83 . 54 . . . 6 100 . 44 85 . 70 80 39 18 92 19 27 . 12 71 11 78 48 67 . 7 49 46 89 45 23 64 84 . 76 . . 73 . 5 95 . 72 3 38 . 62 47 21 . 34 43 . 98 . 15 68 63 88 59 41 93 55 50 16 42 86 . 69 66 81 32 58 77 26 35 57 96 . 10 87 40 . 91 . 82 25 
64 23 52 62 93 79 56 25 97 31 85 . 15 14 . . 32 . 17 24 . 38 . . . 2 41 49 26 80 40 27 90 6 44 100 59 . 73 . 67 . 69 19 95 94 47 45 71 18 . 34 3 83 48 77 12 39 5 81 75 29 55 37 86 36 43 11 . 78 . 70 60 . . 4 8 . 98 . 53 1 . 51 30 . 20 . . . 76 28 74 88 89 58 . 66 . 9 
58 67 . . 63 84 . 99 . . 44 100 36 55 4 28 25 96 98 22 24 . 23 88 18 62 76 51 59 52 46 . 77 . 81 42 41 . 53 1 13 9 50 61 . 27 97 . . . 60 68 . . 35 . 71 74 . 37 . . 69 8 29 17 47 . 78 45 2 64 40 54 15 92 . 85 . 83 20 26 95 66 19 43 86 . 48 56 94 12 14 70 . 34 87 49 7 . 
67 65 42 . 15 2 . . . 36 59 70 49 95 45 . . . 46 52 84 43 8 72 64 . 90 3 50 53 98 87 41 18 33 5 85 37 . 100 . . 34 78 . 51 17 9 44 79 . 47 14 29 7 91 . 73 94 . 11 12 48 . 31 80 30 62 . 83 99 . . 60 39 . 32 22 76 10 . . . 6 89 88 . 20 82 77 13 86 75 16 . 66 28 92 81 71 
. 48 . 14 37 12 . . . 73 95 62 6 5 99 . . 60 . 15 96 36 74 . . 93 . 7 23 88 . . 69 50 68 32 26 80 . . 9 8 64 79 . 86 66 . . 92 55 33 49 63 2 4 61 97 46 89 22 52 . 94 . . 56 82 21 44 40 67 57 3 . 29 81 76 . 98 83 43 19 . 1 . 71 45 42 90 31 77 35 47 38 17 75 78 16 100 
56 89 11 . 91 . 29 98 24 69 . 10 81 96 66 2 . 21 . 49 50 52 3 59 32 . 100 30 . . 28 35 . 16 . 34 . 15 45 . 92 86 14 68 . . . 38 88 82 8 6 31 . 94 53 46 57 72 97 36 41 37 85 . 13 93 . 26 60 17 73 20 95 78 . 12 63 54 42 75 71 79 1 44 . 43 33 . 80 67 . . . 64 5 . 77 99 74 
39 52 . 60 61 86 27 9 30 8 47 . 29 81 64 83 44 . 20 . 46 63 59 2 25 7 55 36 66 76 92 6 . 12 80 . . 49 70 68 74 19 . 94 56 40 77 42 15 5 . . 38 . . . . 23 73 . 24 . 89 . 93 14 82 41 34 75 . 97 3 . 99 32 62 . 17 48 28 78 65 50 96 11 58 69 95 22 71 . 85 . . . 53 10 . 45 
42 . 38 . 44 80 5 37 35 34 30 . 74 . 40 29 27 55 10 67 25 47 22 . 73 79 . 95 69 98 66 89 49 26 82 71 . 84 77 94 . . . . 9 8 93 . 11 52 68 64 39 48 75 28 1 87 . 85 62 18 16 20 . . 6 17 90 33 53 23 65 14 4 . 70 99 56 58 . 7 . . 57 81 . . 43 86 . 92 46 12 3 63 . 32 . . 
15 . 17 19 31 78 28 47 74 48 98 77 44 49 . 26 88 82 16 . 79 . 85 61 . 95 . 46 83 89 . 80 . 53 73 10 . 64 . 18 68 . 37 12 . . 35 57 62 87 . 39 50 20 60 . . 43 40 23 86 32 . 54 72 96 2 67 3 71 81 65 14 66 . 51 33 . 34 56 58 . 91 24 . 4 42 1 70 55 . . 27 8 75 . . 99 5 11 
. . . 42 77 61 30 90 93 47 . 17 46 . 70 91 . 22 . 33 72 96 . 29 88 40 92 . 41 21 . . 50 37 49 58 . 99 78 76 . 65 73 34 83 79 81 60 95 39 62 53 36 19 . 98 52 25 . 32 31 63 3 48 28 5 80 56 59 . 7 66 23 1 71 20 . 43 89 74 57 . 94 69 . . . 10 8 85 . 2 . 82 . . 38 55 35 15 
40 94 . 33 70 . 54 71 83 77 17 26 62 88 90 5 59 65 47 18 93 . 96 53 51 6 . 56 52 . 79 66 8 . 20 61 58 16 . 50 . . 44 92 . 23 86 . 21 13 85 27 64 68 87 . 91 2 81 12 10 11 35 . 82 100 41 30 89 29 80 19 37 . 3 24 . . 22 95 48 46 . 60 . 36 72 . 57 7 14 . . 99 . . 73 67 9 . 
. . 43 74 30 37 63 . 27 . 32 . 83 40 38 . 98 . 65 19 11 . 31 78 87 34 . 21 79 42 81 52 72 66 . 76 . 47 33 . 60 84 . 35 51 25 49 50 99 . 69 54 1 90 4 15 . 8 . 64 26 88 93 89 . 67 . 6 . 48 55 . 41 18 . 71 . 58 13 5 . 59 53 97 77 . 94 23 12 44 20 24 . 96 . 75 85 82 61 62 
3 29 64 83 17 . 41 . 49 30 57 . 76 42 8 66 . 58 71 98 87 94 32 14 22 65 78 . . 10 80 61 82 5 34 84 . 31 13 43 97 55 27 . . 21 . . . 85 44 . 7 39 33 . 26 91 . 45 99 89 . . . 70 96 47 . 1 77 92 36 . 90 73 19 15 . . . 72 11 12 . 69 74 37 100 88 62 35 51 68 9 81 16 . 53 59 
. 7 100 12 6 5 60 35 55 74 84 . 41 76 63 44 95 . . 45 . 66 28 . 19 54 . 68 36 . 57 48 . . 59 70 83 10 67 78 11 21 . 49 24 80 . 62 34 53 82 50 72 77 . . . . 17 . . 3 25 29 20 . 89 98 30 61 71 94 85 39 2 69 96 97 . . 47 16 81 . 46 65 4 31 91 33 93 99 42 13 32 . . 56 79 . 
85 58 . 67 74 4 . 76 47 3 49 46 52 23 44 30 33 . 56 28 92 32 69 95 . 63 79 66 80 8 94 2 35 36 54 62 53 18 12 . . . 41 99 . 96 . 31 39 . 15 . 21 64 51 22 77 90 100 . 45 42 . . 68 20 91 84 70 . 25 27 81 . 89 93 . 5 71 14 11 24 88 . 6 72 59 82 . . 26 . . . 87 43 . 16 . 78 
100 50 . 46 . 54 9 42 . 49 21 52 58 33 . . 77 75 53 . . 99 19 71 2 67 97 70 57 68 . . 37 51 91 73 94 69 4 . 48 . 98 76 93 . 40 . 18 81 79 . . 7 8 29 . 78 43 24 15 35 22 . . 72 11 85 83 82 . 96 1 62 . 16 6 41 14 28 63 34 84 65 61 89 25 . 47 . 3 27 55 . . 56 80 95 . 30 
. 73 28 18 52 35 . 74 46 27 62 23 91 . 16 55 90 88 60 84 53 51 78 56 12 64 . 71 . . 14 . 32 86 . 1 . 2 89 . 31 93 . 37 41 . 43 96 . . 9 77 85 82 . 92 . 83 13 34 50 . 81 98 11 97 33 . 10 . 65 8 5 24 6 67 26 69 . 76 44 17 15 38 25 . 39 94 3 45 95 29 . . . 54 30 58 . 36 
21 86 66 . 62 74 33 28 96 . 81 27 . . . 11 55 23 48 . 9 . 100 . 58 22 71 2 24 20 5 56 45 10 . 87 . 54 36 92 88 60 76 47 . 67 12 77 . 29 . 79 . 3 43 39 . 26 69 94 89 31 65 84 44 63 75 37 . 72 16 83 93 . 51 . . 90 . 15 49 . 50 99 8 57 32 34 98 70 . 91 38 95 . 6 . . 52 4 
49 87 24 16 66 30 36 7 8 61 74 15 48 47 98 52 78 64 . 25 97 34 21 62 44 29 9 42 14 28 19 59 12 . 22 72 17 41 . . 70 57 81 . 63 . 73 . . . 92 . 99 33 32 . 93 96 11 . . 94 51 46 2 . 68 53 . . 39 18 . 40 79 . 83 50 95 31 . 37 5 82 27 . 6 55 26 . . 43 91 . . 84 67 65 . 86 
46 71 8 . . . 2 53 . 45 39 7 . 27 100 75 34 67 . 63 . . 95 89 41 52 98 77 56 60 51 33 11 68 94 16 15 3 23 84 . 4 66 10 76 58 . 40 . 43 22 . . . 13 . 82 35 85 86 93 87 97 99 19 26 73 29 . 18 . 90 88 . . 44 92 32 . . 9 . 14 31 37 78 . 81 62 30 72 5 25 . 20 61 . 74 24 57 
. 77 . 31 67 . 35 51 11 39 56 . 47 4 . 12 85 89 . 79 73 . 18 16 50 . 60 23 91 66 15 . 7 63 96 26 99 95 74 86 34 . 32 . 36 46 44 . 6 68 58 42 41 . . 82 37 64 2 10 54 76 . 59 . 40 . . 28 21 . 33 70 65 25 98 3 84 . 45 52 19 . 48 88 22 81 62 . 14 . 55 9 . 8 97 . 20 49 38 
. 70 37 53 . . 65 29 82 46 28 79 . 75 35 . 5 40 . 34 . 86 52 83 . . 22 . . 97 95 . 78 100 63 55 54 1 98 69 . 64 43 67 85 19 38 2 80 25 26 96 . 16 27 31 . . 21 51 . 60 73 72 62 91 . 48 57 24 61 15 . 56 23 7 17 47 . . 50 . . 92 74 42 18 . 94 89 8 88 6 58 36 77 49 93 84 . 
1 4 79 23 . 70 38 2 12 . . 37 . 91 46 . 87 52 15 73 59 57 . 76 31 71 58 . 39 36 . 29 80 3 98 44 90 50 88 . . 42 77 48 68 5 . 65 28 67 54 75 40 10 . 85 66 82 99 33 61 . 30 83 . . 32 81 . 25 72 . 62 13 34 21 . . 94 53 74 . . 96 100 84 . . 45 26 69 . 7 64 19 47 17 97 6 . 
41 47 32 87 . 75 74 . . 72 22 2 . 56 . . 62 24 . 64 30 46 . 94 54 10 57 61 71 100 6 . 53 70 8 82 13 88 . 20 42 79 67 96 37 83 . 59 76 . . 80 52 . 26 16 . 55 86 78 95 93 4 81 15 84 . 3 1 98 . 49 89 25 . 63 . . 7 . . 5 51 29 . 66 91 . 40 11 44 58 . 36 65 73 21 48 31 39 
32 14 13 . 75 . 15 . 38 55 1 4 87 71 . 96 68 27 69 2 . 84 20 25 48 9 . . 11 93 8 34 81 31 12 54 24 86 . 52 47 . . . 65 89 60 30 . . 94 28 79 66 18 23 73 . 42 46 76 64 77 95 37 . . 88 91 . 49 3 98 100 33 19 . 29 . 43 . 82 44 22 36 . 10 78 . 35 . 85 41 . 61 . 56 17 50 92 
35 . . 78 84 18 64 80 45 62 . 8 12 58 77 92 26 94 . 72 20 33 79 . 21 5 36 . 48 . 31 69 . 29 . 81 47 87 63 54 100 39 96 . 89 57 . 14 83 44 . 67 . . 52 . 7 76 25 6 74 1 . 30 60 41 . 32 13 65 56 . 90 51 91 . 38 55 53 46 86 . 9 4 . 82 . 15 22 75 2 . 24 97 88 . 66 98 . 34 
. . 71 72 73 98 39 94 56 . . 51 92 59 23 77 45 2 . . 69 5 60 65 20 13 . 58 54 44 21 25 . . 88 67 38 52 46 15 36 49 8 89 90 . 79 10 53 34 30 . . 75 . 6 22 33 70 99 . 50 . 41 47 4 62 55 43 16 31 12 . 37 . . . . 18 91 84 76 63 . 11 100 29 42 74 27 . . 95 3 82 . . 35 68 24 
60 43 80 30 . 31 70 77 100 57 54 39 . . 69 . . 90 . 48 . 22 4 23 . . 85 35 89 . 83 8 . 42 10 17 . 20 81 . 99 47 1 63 87 91 . 86 24 . . 26 . 88 59 45 72 9 82 49 84 . 66 . 55 94 29 25 62 32 12 56 76 11 . 40 52 44 . . 92 28 37 5 15 95 65 27 58 97 73 . 33 71 93 16 98 6 . . 
99 64 20 80 95 . 88 86 14 32 . 6 59 67 47 . 63 61 70 . 34 . 49 90 82 16 81 8 4 55 74 98 97 7 . 41 46 76 87 . . 28 . 50 66 18 100 3 13 26 40 51 . . 39 . 78 77 . . 25 68 91 9 54 12 44 52 93 42 83 85 27 19 30 . . 33 60 35 . 29 . . 2 92 . 56 . 15 38 57 5 . 48 1 71 . . . 
73 . 14 7 34 . . 55 99 66 35 38 78 60 62 3 96 49 . 88 . 79 11 . 16 17 . 50 58 . . . 9 15 30 2 . 45 52 51 . 6 . . 4 63 25 75 89 37 81 100 . . 69 59 29 . 77 36 92 13 84 82 61 27 26 95 53 70 22 . . 44 67 90 . . 10 97 12 98 . 23 . 8 1 46 24 32 56 . 31 76 85 41 . 33 64 28 
16 . 90 20 . 71 8 32 22 13 12 64 . . 93 78 . . 63 47 86 40 75 . . 97 88 25 84 34 . 18 95 . . 92 . 23 30 81 26 61 99 87 6 49 89 73 96 19 59 37 . 31 . . . . 65 . 35 17 39 . 83 68 85 27 80 62 46 . . 70 55 5 79 56 . 69 . 51 21 . 53 98 . 24 1 3 100 66 36 4 2 57 43 15 74 29 
43 95 77 . . 27 4 . 86 83 . . . 82 12 72 58 51 26 . . . 66 81 . 90 . 98 3 39 33 64 94 54 40 35 34 11 . 44 37 46 48 28 62 . 41 68 65 45 29 . 87 50 88 . 99 18 92 55 . . 14 80 100 . 8 73 36 79 . 2 . 76 . 30 25 49 69 . 89 . 85 20 59 19 61 71 . 9 15 . 96 63 22 91 84 42 21 31 
66 . 84 10 43 32 46 78 . . 72 48 16 34 82 61 6 71 86 . 88 . 47 . 57 3 20 65 64 69 . 83 . 79 . 91 . . 85 37 15 . 55 29 81 99 39 17 58 90 27 8 54 . 36 73 . . 49 75 42 14 56 92 13 . . 45 . 52 30 89 . 80 . 11 87 4 12 68 . 33 7 . 38 67 31 . 76 21 5 93 23 94 1 . 96 40 59 . 
5 18 2 24 4 . 76 48 . 26 . 71 95 . 86 39 13 32 31 93 56 . 62 15 6 38 61 64 12 67 . 84 98 9 74 . 69 . . 46 87 25 . . . 82 . . 16 40 17 . 11 36 90 43 79 89 7 . . 51 21 . 63 37 . . 42 . 23 28 72 50 53 . 77 8 27 80 68 91 47 . 14 60 57 22 . 19 . 3 81 29 97 96 33 34 88 41 
. 62 12 . 96 67 . 46 95 . 60 47 . 3 25 54 22 16 . 76 . 19 . . 15 31 2 53 72 . 82 10 73 1 . 36 30 5 . 24 33 59 28 . 42 . 64 71 70 94 56 93 26 55 . 83 63 84 41 . . . 38 23 92 98 77 100 . . . 29 39 . 97 86 99 34 44 81 45 35 8 80 90 40 27 . 51 58 . 9 78 18 4 . 50 . 87 20 
96 60 50 98 . 93 . . 68 59 41 40 97 64 3 25 99 56 82 89 70 67 42 73 9 55 63 . 8 74 62 92 47 90 . 75 18 38 19 . 77 13 80 65 48 31 . 21 20 14 51 88 95 86 5 69 49 . . 61 66 53 44 28 . 11 36 . 87 57 4 . 22 35 1 . 76 45 . 12 . 85 . 7 33 94 15 91 . 2 . . . . 16 46 . . 29 . 
. . . 69 . . 6 50 . 52 67 60 9 43 30 62 80 . . 54 35 23 56 26 49 83 96 . 27 75 25 22 55 57 100 39 64 . . 93 . 68 59 95 77 90 87 24 94 31 32 . 18 92 . 74 65 58 88 53 71 20 36 38 10 2 99 40 . 41 44 16 . 61 37 1 28 42 85 51 72 48 70 . . 76 . . 4 . 66 . . 86 . 79 7 13 73 . 
54 1 61 48 . 59 20 96 43 . . 33 . 32 13 14 . 12 74 42 . 77 7 36 90 . 46 15 98 22 38 81 29 91 . . 70 . 44 56 2 . 40 . 100 . 18 41 93 . 64 55 80 . 34 95 . 50 27 82 3 . 8 71 . 88 72 87 63 30 5 47 . . 94 39 67 . 35 11 . 4 . 26 92 51 37 49 83 6 84 19 . . 86 24 76 31 . 79 
52 81 51 . 49 85 . 39 88 54 33 32 70 1 . 80 48 59 87 . . 21 . 17 45 89 24 . 7 . 22 28 . 55 71 25 . . 100 42 38 67 23 44 2 . 29 47 82 9 63 . 46 79 40 86 75 31 16 91 . . 76 . 57 60 64 . . 96 8 34 61 58 95 74 56 3 78 50 . 62 97 73 72 . 92 41 19 68 18 90 15 53 . . . . . 14 
44 . 25 . 47 94 . 85 7 . 93 . . 80 81 . 75 39 84 40 37 . . . . 68 8 . 6 77 4 74 59 95 24 51 100 19 . 66 62 . 15 90 72 . 83 . . 88 46 9 45 . . 36 86 32 26 30 79 73 11 14 89 50 67 96 2 . 78 55 29 27 49 3 61 92 16 17 91 65 . 18 12 . . 76 33 64 . 71 . 57 13 53 1 63 60 70 
74 93 98 25 94 96 89 72 91 51 80 . 37 21 67 8 81 44 77 31 58 82 . 32 . 24 53 86 . 65 90 47 . . 52 . 73 59 84 88 76 45 29 54 3 . 2 92 . 95 75 . 69 34 . 26 42 60 64 . . 71 62 79 38 33 83 9 . 15 . . . 63 . 35 . 7 49 16 19 11 4 57 . 20 . 100 36 . 61 70 . . 78 . 99 46 66 55 
65 59 7 64 48 1 93 16 . . 45 . 54 52 31 81 . 68 8 . 57 2 . 74 99 70 51 85 25 72 42 . . 71 . 37 . 44 14 89 40 100 82 62 20 6 75 29 . . 53 87 63 46 98 . 13 . . 17 . 15 26 36 3 73 4 . 76 80 27 . 21 . . . 58 67 9 96 24 30 22 11 91 28 . 19 . . 12 61 49 38 55 78 60 . 56 23 
27 53 58 82 57 38 37 . 62 85 3 28 89 . 42 1 71 . 41 . . 20 76 34 86 91 44 52 87 78 60 36 70 67 9 33 19 81 . 4 83 50 12 16 21 73 10 7 . . 6 40 98 100 47 64 . 79 23 . 17 95 . . . 90 65 80 97 . 94 . 54 . . 59 . . . . 26 75 61 68 . 13 30 66 88 . 32 15 69 84 77 92 25 . 63 . 
37 63 41 81 42 . 14 . 4 91 27 99 23 31 . . 50 25 1 46 61 68 40 . 93 . . 28 97 . 59 53 56 72 35 21 . . . 33 6 . 47 36 . 92 82 . 55 98 12 84 24 22 . 5 64 48 57 . . 86 95 2 16 32 88 70 17 . 43 . 18 85 65 87 60 78 19 7 67 . 73 3 80 54 44 . 30 . . 83 71 79 94 69 . 45 . 77 
. 90 . 68 . 11 26 66 84 18 83 . 32 62 15 7 42 5 59 60 8 . 94 24 . 77 34 . 17 . 91 44 85 13 86 45 87 . . 48 . 96 35 6 . 3 54 56 69 100 . 25 67 12 . 30 9 29 39 52 . 72 19 . 97 99 37 . 47 . 36 21 . 31 88 . 75 73 4 1 14 . 43 . 20 46 49 64 61 . 33 40 . 23 58 93 . 70 22 76 
36 98 88 93 2 51 83 . 21 20 16 11 13 39 79 100 15 8 3 30 14 1 9 35 33 . 99 40 . 94 10 . 24 23 26 60 31 56 54 38 53 85 . 5 61 64 45 87 . 71 . 18 . . 68 . 28 27 . 69 . 46 42 25 . 59 58 63 92 . . . 49 77 . . 29 89 55 . 96 12 . 52 7 . 34 48 44 . 47 65 . . 62 95 57 22 90 72 
. 3 22 28 78 44 68 43 . 1 14 76 82 . 17 . . 74 88 . . 71 72 19 55 23 45 96 2 26 63 . . 8 64 46 62 70 35 . 32 . 97 9 40 . 57 83 12 42 . 69 90 24 56 65 . . 95 . 67 . 61 60 4 85 15 18 58 . 75 . 31 59 7 34 . . 87 . 54 25 6 84 50 33 47 77 . 49 39 . 48 73 29 86 92 52 . 16 
92 20 73 59 19 . . . 67 . 10 78 93 53 . 90 56 30 39 55 77 25 82 18 63 11 43 32 . . 13 9 66 . 50 40 68 . 48 72 . 69 . 2 86 76 37 44 . 24 . 29 70 57 80 60 . 17 96 7 81 . . 88 91 . 34 89 . 26 84 45 16 94 52 14 41 . . 71 46 31 54 74 35 . 33 . . 62 83 47 4 1 5 28 79 38 . . 
14 82 92 2 89 . . 20 61 6 11 63 45 8 . 16 72 87 97 4 38 . 83 . . . 13 12 32 . 35 51 . 69 21 74 . 75 5 . 19 71 17 . 99 . . 81 . 60 . . 33 18 22 58 48 85 1 . 27 77 40 . 30 3 86 26 31 . 54 53 73 7 42 70 80 36 47 . 95 9 59 88 68 96 46 67 29 65 10 78 76 . . . 64 44 . 52 
57 . 53 13 79 3 100 . 66 . 52 65 64 35 . 24 . . . . . 41 34 12 70 . 10 39 92 1 54 45 93 . . 18 42 . 94 71 72 43 . 86 59 . 8 67 30 17 19 32 61 4 49 27 25 28 15 . 46 81 88 6 56 . 51 . 37 95 . 98 . . 58 48 23 87 97 44 33 99 . 89 60 7 84 16 9 63 82 38 2 . . 83 40 . 55 69 
. 11 59 51 60 25 84 . 40 64 76 9 56 . 37 58 19 . 30 . 80 15 39 . 27 28 73 38 43 31 77 1 79 94 87 98 96 42 . 61 . 10 88 . 35 55 . 97 . 70 . 3 . 49 71 12 4 20 48 100 13 . . 91 . 57 . 90 72 34 33 95 47 . 46 54 . . 32 67 . 52 74 . 26 63 82 53 2 . . 68 50 78 45 . 44 14 93 5 
84 26 23 . 32 . 66 69 31 43 91 . . 29 . 49 28 79 18 95 90 83 17 30 61 . . 5 22 47 27 60 36 96 55 . . 7 41 3 64 . 13 4 15 33 . . . 51 10 19 82 59 77 99 81 98 . 25 57 . 54 93 67 74 38 75 24 . 37 87 45 88 85 80 89 . . . 78 2 . 34 70 16 50 63 53 . . 72 100 42 . 62 65 1 . . 
94 . 4 . 23 41 11 33 6 37 87 29 . . 89 46 . . 64 . 63 10 13 . 97 12 62 93 38 7 24 . 5 88 19 77 50 21 . 22 . . . . 75 61 . 16 2 . 76 81 32 26 45 34 84 51 80 . 70 . 28 . 39 79 53 14 . 47 73 68 . 52 44 . 48 . 96 . 98 92 31 90 . 30 55 95 99 67 65 69 1 40 59 20 100 85 17 58 
50 16 74 79 28 7 71 61 75 23 13 . 43 37 . 89 9 70 25 . 6 . . . 30 81 27 83 1 92 47 97 19 . . . 2 . 66 65 3 . . 32 . 15 58 . 98 10 96 17 35 69 82 14 62 . . 63 . 44 72 5 12 46 42 33 11 77 . 41 . . 22 52 . 24 36 85 39 60 29 40 54 . . . 86 76 64 48 . 20 95 94 4 84 34 49 
. 12 87 96 27 77 53 24 42 67 78 68 10 89 21 84 . 63 49 . 40 16 90 22 . . . 4 30 . 44 58 20 . 37 8 1 13 86 97 57 26 . . 34 . 91 82 . . 99 . 59 56 64 . 95 3 51 88 60 48 45 74 35 81 . 76 55 92 18 32 94 . 98 31 47 . 23 54 . . 93 . . 9 17 . 15 28 . 41 52 . 69 11 39 83 43 7 
86 13 39 . 88 40 42 64 70 92 . 59 24 69 72 . 60 . 5 35 7 . 50 46 52 . 37 . . . . 3 15 41 1 93 25 . 31 . 65 90 33 . 82 85 48 36 47 . 83 . 81 8 . 71 89 62 44 95 34 23 74 11 51 58 . 16 98 94 67 57 53 . 80 . . 20 26 . . . 32 . 76 . 22 97 55 79 78 73 28 2 10 12 77 29 4 61 
51 . 83 1 25 . . 70 23 33 . 69 94 . 48 . 100 45 . . . 95 55 6 47 76 91 . 13 37 36 7 38 . 61 . . 78 64 79 20 14 49 30 . 44 98 . 57 . 67 31 77 2 92 3 . 34 56 39 53 . . 52 24 . 35 15 84 . 68 . 80 43 40 75 86 60 11 72 17 27 58 10 . 32 88 9 5 99 87 21 8 26 . . 97 81 28 18 
10 37 . . 100 20 90 59 72 . 65 73 14 86 75 . 76 77 33 68 81 12 71 . 38 87 6 18 63 . 67 . 26 24 . 64 52 40 92 23 69 35 2 56 70 78 . 53 22 . 97 95 91 17 . 32 . 21 34 93 96 . 13 . . 9 . 66 . . . 4 84 5 62 42 45 57 51 . 99 50 46 8 39 29 80 58 49 . 36 30 . 55 41 . 54 . . 27 
. . 49 4 40 . 34 . 19 70 15 . 72 65 33 69 . 20 . 71 32 42 14 79 . 73 30 54 . 2 61 55 76 . 95 3 12 92 60 26 35 . 86 . 94 52 22 . 38 57 80 7 88 47 . 44 53 . . 43 98 90 41 17 48 . . 28 39 64 58 99 97 . 45 82 78 96 . 36 87 10 23 75 . 31 . 85 50 25 11 . 56 37 . 100 24 . 83 67 
. 85 99 32 20 . . 15 63 . 43 44 66 73 . 6 94 3 52 87 100 . 26 82 10 46 47 45 77 25 . 57 14 65 29 7 71 . 2 . 55 23 74 97 . 48 21 35 . 59 39 83 93 . 37 33 31 . 58 13 41 8 . 62 49 . 81 . 61 91 98 9 11 12 . 60 36 75 28 34 . 40 . 76 . . . . 68 24 16 64 92 . 96 . 42 . 1 54 
71 96 35 77 . 82 45 . . 25 26 67 . 70 . . . 48 19 61 . 89 16 9 68 44 31 47 21 79 . 46 63 . 76 4 98 22 95 8 52 12 38 85 13 24 . . 41 11 2 . 78 74 100 50 . 99 75 87 . 43 80 10 33 53 59 . 18 . . 54 . 90 81 17 94 65 . 27 . . 83 39 28 . 62 84 72 20 34 . 93 . 56 14 29 64 30 . 
81 5 30 49 92 55 31 97 . 38 73 . 96 100 . . 83 43 22 65 21 . . . 37 88 . 9 . 50 . . 42 . 57 95 . 60 59 64 16 58 36 . 12 4 84 34 86 89 28 45 . . 10 13 . 24 78 29 44 80 1 70 . 56 . 74 . . 82 7 67 93 27 2 71 25 90 . 18 47 . 63 51 41 85 61 . 54 53 39 26 91 72 23 69 3 . 32 
. 97 86 88 18 42 72 . 16 56 68 . 65 . . 27 17 34 94 74 85 . . . 76 . 32 82 . . 29 24 61 81 15 22 8 . 96 . 54 36 60 52 11 53 67 . 49 91 . 12 . 70 25 40 35 30 3 . 69 2 23 . 66 31 84 59 50 . 79 . 9 55 20 10 4 95 . 26 77 . 1 43 5 90 21 . . 83 28 14 19 44 37 48 41 . 47 75 
33 . . 3 5 8 92 12 71 87 37 22 85 17 97 99 47 . . . 68 . 80 . 96 61 49 60 . 45 . 23 . 52 . 66 7 4 . 77 27 62 89 74 . 75 95 94 59 76 36 70 53 44 19 1 2 16 . 67 100 6 83 . . . 54 38 . 81 . 31 24 91 32 13 11 28 41 20 35 21 26 98 58 . 14 . 78 48 . 79 73 50 . . . 39 86 46 
97 57 91 38 24 66 50 27 . . . . 63 22 5 17 10 . 21 . 19 62 . 20 . . 86 90 74 12 7 99 . 78 75 . 29 77 25 9 45 80 56 39 84 72 23 64 43 49 3 . 65 76 61 . 96 . 32 11 . . 34 67 8 . 1 . . 31 28 69 58 4 . 53 88 13 6 2 . 55 . 59 79 48 . 36 71 . 40 26 . 33 18 15 94 41 98 89 
22 . 75 . . 100 12 . . 99 71 89 26 . . 65 37 . 38 70 2 72 29 50 . . . 19 93 30 55 43 . 45 3 31 91 9 68 73 24 . 53 . 98 . 69 . 40 78 5 48 . 35 . 62 11 80 36 74 94 27 18 13 21 66 . 46 . 49 59 82 96 57 64 61 20 17 . 92 16 32 34 85 10 1 23 83 . 41 . 7 . 67 63 90 . 79 42 8 
77 39 21 . 72 . 16 . 28 . . . 79 . 55 95 20 . 44 57 45 64 91 . . 43 17 . . . 97 38 48 27 6 14 84 51 80 90 85 53 61 7 . 42 33 23 . 74 24 98 . 32 58 35 8 . 9 31 63 . . 19 26 30 76 60 86 89 96 1 15 83 29 25 22 . 52 100 40 88 67 . 34 71 . . . 47 37 94 3 93 66 10 . 75 13 50 
90 17 27 29 1 24 61 . . 35 23 . 22 . 7 . 31 . 68 37 67 48 . 5 66 75 33 . 65 14 58 91 99 77 11 97 78 32 . . . . 46 15 49 43 59 69 . 64 72 52 4 73 79 93 . . 10 47 18 26 . 87 . 19 13 20 12 76 . . . 86 96 89 . 88 100 8 41 39 . 71 . 85 28 6 16 . 55 . 98 83 92 2 81 53 3 63 
87 36 78 55 . . 32 38 39 10 88 43 40 45 18 93 . 53 76 86 22 29 6 . . 49 94 72 75 16 41 . 17 97 56 57 74 . 37 34 . 5 9 . . 26 . 61 7 20 50 85 2 91 84 . 92 67 . 28 . 66 31 . . 44 100 . . 46 90 79 19 69 . . 82 21 65 73 3 95 . 64 81 . 83 11 54 60 63 13 30 . 23 71 . . 25 1 
31 42 95 47 80 26 77 60 . . 48 25 100 38 32 85 . 86 92 94 29 37 63 4 78 98 . 69 82 58 . 76 64 . . . . 14 72 67 . . 7 22 33 81 53 28 56 . 11 44 73 27 62 . 88 . 8 19 55 97 52 . 5 . 61 . 45 6 10 . 91 20 84 . . 66 40 70 43 . 90 16 41 39 87 . 79 18 35 . 12 21 49 65 51 . . 2 
91 8 . 37 83 89 79 92 . 95 69 50 30 57 71 67 36 . 80 23 . 35 15 55 7 . 39 . . 96 85 77 40 46 90 38 88 . 99 19 . 29 70 . 17 60 20 32 66 1 14 62 44 28 81 84 74 . . 16 49 56 58 45 65 . . . 4 73 . . 63 . . 26 . . 31 24 25 6 27 . 9 61 . 54 18 72 97 82 . 75 42 13 12 5 94 . 
28 . . 89 . 49 . 95 . 63 . 94 . 99 . 36 14 47 6 1 27 81 98 86 100 92 . 67 34 24 . 17 75 . . . 82 35 97 11 73 52 79 . 22 54 31 . 91 3 48 71 25 5 53 37 83 65 . . 33 84 46 . 7 55 45 61 74 8 20 62 38 . . 12 85 . 66 13 88 . 2 44 23 93 60 70 56 78 19 42 72 77 43 . . 59 57 . 
2 . 55 . 33 46 . 31 78 . 9 42 84 . 85 . 23 54 32 44 . 87 45 66 95 80 70 91 61 62 . . 28 75 . . 49 68 6 . 81 97 30 71 60 . 11 63 1 . . 76 22 . 41 . 24 93 59 56 . 74 64 . 96 8 57 19 88 39 26 38 10 17 13 15 . 48 67 . 51 100 77 94 83 . 36 72 . 52 58 25 . 35 34 4 37 89 . 90 
11 . 69 45 97 52 81 40 2 53 . 98 3 24 91 38 . 62 89 96 64 44 61 77 67 . . . . 70 100 . 27 19 41 6 . 85 49 . 66 92 10 . 32 17 68 1 . 55 74 58 94 13 63 42 30 14 . . . . 90 35 71 86 . 43 . . . 25 28 82 16 . 34 54 37 79 80 8 . 78 87 18 . 21 . 93 . 23 59 60 47 88 5 57 26 73 
70 . 44 100 8 72 43 49 . . 34 85 55 . 65 4 57 46 29 58 12 98 68 1 14 82 77 . 76 . 99 54 23 2 38 . 86 39 . 74 84 . . 81 31 37 . . 45 28 87 . 60 9 95 . 17 53 50 . . 78 67 90 42 7 66 35 48 69 3 26 52 71 63 . 24 18 33 47 61 . 13 . 97 15 . 96 . 92 . 10 89 80 83 59 62 . . 93 
89 32 . 22 39 83 17 88 80 96 . 16 8 . 53 51 49 . . 7 91 27 2 3 75 . 59 . 9 48 12 100 1 20 72 85 . 55 50 82 58 33 18 84 71 47 56 19 61 41 37 15 . . . . 6 94 63 57 . 98 5 44 52 . 28 13 54 23 . 30 69 34 11 81 90 . 86 65 79 68 . 77 . . 70 . . 4 42 76 62 46 . 87 14 . 10 . 

Search Limit crossed? True

Solutions: 0
WallTime: 30073ms
Failures: 254199
Branches: 507894 

Total Test Running Time:
 Wall Time:	00:01:30.2174062 
 Milliseconds:	90217 
 Ticks:		309765434 
