100
99 7 60 64 31 30 98 80 66 42 95 33 65 70 . 5 . 75 63 90 13 8 17 89 61 56 69 27 23 59 35 93 9 91 10 19 73 16 44 88 52 55 4 . . 54 15 83 26 78 92 50 18 1 6 67 62 85 43 74 87 11 46 2 48 39 34 . 84 . 36 21 40 . 24 51 38 68 49 53 . 37 71 58 100 22 . 3 57 14 77 86 32 . 25 72 20 94 45 81 
31 9 57 100 87 26 82 . 77 28 16 23 84 45 69 66 . 90 64 25 65 39 62 5 19 27 6 98 56 37 43 34 . 1 . 73 . 89 30 . . 20 61 52 88 13 75 53 . 11 71 70 7 67 24 59 21 51 92 . 38 58 14 12 60 91 36 93 18 63 79 8 2 3 81 32 47 10 74 99 68 42 40 85 35 55 50 72 33 54 49 80 76 . 95 86 94 97 78 96 
57 . . 2 13 83 12 31 45 6 63 17 . 55 59 76 66 . 82 88 64 . 71 1 . 79 72 44 96 26 90 73 38 87 89 36 78 95 100 15 11 81 29 80 84 39 33 70 92 43 21 5 23 4 74 22 86 94 8 16 28 18 47 97 24 93 60 49 50 41 48 85 35 68 40 37 32 . 75 67 9 46 30 . 27 19 3 69 . 99 34 98 56 7 42 20 14 77 54 . 
15 19 66 72 44 90 14 92 5 97 35 . . 12 51 28 85 58 67 22 77 31 86 17 21 11 55 57 60 78 23 . 94 40 . 59 . 91 80 52 70 63 68 4 100 36 . 18 84 27 64 7 . 13 10 87 33 38 . 88 49 30 . 50 69 81 89 34 3 75 2 . 1 99 8 54 24 39 62 61 25 65 29 76 95 73 41 71 9 48 83 37 96 53 45 26 56 32 79 74 
75 34 9 18 65 36 43 27 67 29 45 87 . 73 46 60 84 83 3 74 17 30 21 11 99 64 24 . 2 89 5 40 51 93 94 63 . 55 23 59 8 33 80 20 32 . 6 100 76 86 . 90 95 88 19 50 97 25 37 70 31 26 96 62 57 69 15 42 85 91 . 92 47 82 77 56 4 . 39 44 10 14 48 41 38 28 61 . 13 68 78 49 72 16 53 . 12 7 . 52 
48 81 90 56 62 40 65 . . . 69 100 75 . 9 2 37 . 12 27 59 36 83 52 68 19 . 74 . . 67 29 39 92 49 7 8 18 38 55 25 98 57 53 66 86 77 51 89 84 34 54 33 44 60 85 41 15 45 20 96 79 61 1 82 4 28 46 93 35 72 76 97 . 87 70 6 50 80 21 63 94 42 5 10 26 17 11 23 . 30 32 16 95 88 13 73 31 58 71 
8 38 59 11 . 18 20 94 27 31 85 43 96 83 65 98 71 69 . 82 57 40 60 34 100 35 . 53 81 23 78 74 66 6 24 97 91 10 63 86 41 37 44 50 79 2 13 36 99 32 72 76 70 84 . 48 68 9 30 15 42 3 . 49 46 16 7 . 45 95 47 58 54 . 39 . 80 22 55 64 87 51 67 73 5 4 . 90 61 92 14 17 28 93 12 52 88 19 . 25 
72 77 78 9 38 100 . 42 14 47 71 7 16 98 48 4 . 15 80 55 40 65 41 30 . 18 26 12 63 35 21 62 68 82 96 5 39 58 88 . 99 10 6 36 54 61 60 2 57 94 59 45 . 20 11 64 76 89 1 79 46 32 34 37 51 29 27 . 17 13 67 31 75 95 52 69 86 23 50 . 66 49 8 97 73 87 . 33 24 90 . 81 43 56 85 22 83 84 . 93 
45 . 44 7 99 23 95 73 35 20 1 14 41 57 61 49 27 71 79 9 29 . 30 46 . 16 21 15 3 85 69 . 12 51 48 24 76 92 97 70 38 50 87 96 65 77 . 39 94 47 33 26 37 59 100 . 18 8 52 10 . 28 . 67 81 68 5 98 31 32 93 80 78 58 22 19 83 82 13 84 72 66 17 60 54 6 53 . 88 91 74 40 2 11 75 . 86 36 42 90 
94 98 . 71 100 27 90 23 44 72 73 34 47 52 2 77 96 60 18 30 6 75 89 61 16 28 41 8 15 14 19 79 13 45 20 93 67 . 12 63 64 26 49 81 40 57 25 38 74 10 87 69 84 91 17 7 . 43 . 32 92 68 66 21 11 51 82 5 39 . . 95 42 35 48 . 9 83 88 . 56 99 59 54 3 80 46 31 65 97 33 78 29 86 37 58 55 . . 70 
37 73 35 67 50 44 97 76 82 54 24 28 26 93 41 39 88 5 72 . . 34 25 9 11 77 . 55 66 . . 53 70 99 85 20 71 36 14 60 92 68 74 30 49 79 52 4 43 33 98 29 6 7 46 1 3 10 38 84 17 40 91 56 59 86 . 19 . 64 80 2 . . 15 31 . 8 90 96 23 16 57 87 12 21 51 65 83 61 22 94 42 81 100 47 27 18 13 69 
32 83 . 16 96 81 25 64 88 13 90 67 15 49 . . 72 31 76 99 58 22 68 . 92 87 73 7 19 93 59 . 86 85 52 66 79 2 48 6 51 95 . . 18 9 . 94 3 55 45 63 98 28 44 43 11 37 5 12 82 65 8 57 100 24 77 74 41 42 53 75 50 46 97 36 1 91 17 60 30 70 . 40 4 69 26 38 54 47 61 29 78 89 . 56 80 39 62 14 
87 76 82 . 20 70 24 100 31 59 67 39 33 18 4 . 48 25 35 28 . 64 12 97 . 75 92 96 58 36 41 . 21 15 . 53 34 43 71 90 16 13 8 1 62 . 72 50 5 46 30 2 40 63 80 57 65 79 86 42 61 49 54 60 19 44 55 83 73 68 74 77 29 32 11 89 . 52 23 91 51 . 22 6 69 . 84 37 45 94 9 95 93 27 98 99 26 56 38 10 
68 93 52 42 35 64 73 5 84 12 9 21 45 74 99 50 94 54 55 17 96 61 10 72 . 86 . 11 69 65 87 83 32 43 67 49 90 47 40 22 18 79 60 25 . 46 23 1 85 24 39 30 . 75 57 34 56 48 15 29 37 19 33 13 3 26 62 89 91 58 92 7 4 8 2 78 14 51 41 81 . . 28 27 36 76 97 100 . 20 53 63 88 . 16 31 77 6 . . 
22 18 39 58 10 45 59 63 49 75 51 29 21 23 67 89 57 . 90 73 33 74 31 4 47 3 68 5 . 99 25 8 55 69 . 9 6 54 60 24 27 . 32 . 20 87 19 17 77 100 81 62 48 78 14 30 64 . 76 11 44 37 71 83 . . 61 50 53 88 66 1 36 91 70 93 82 95 97 94 43 85 34 35 26 . . 41 92 42 98 46 7 96 86 2 40 72 52 56 
. 57 98 85 . 32 74 . 46 96 18 35 99 69 . 67 . . 52 53 81 62 66 20 63 25 7 39 41 73 97 65 30 4 2 70 49 88 95 . 50 58 51 84 75 . 21 86 68 15 43 22 89 33 38 61 54 64 60 . 80 42 37 94 28 23 29 77 14 93 71 13 45 44 36 12 34 19 78 5 90 47 . 3 17 11 79 87 31 56 82 92 91 83 72 9 16 40 8 26 
6 32 13 . 91 24 40 70 55 56 37 77 . 59 95 58 5 17 45 85 18 82 47 74 . 97 83 . . 67 . 4 54 . 34 27 26 60 99 . 65 16 36 . 39 90 35 69 93 . 68 43 41 96 20 66 78 42 7 49 29 44 15 48 63 87 38 72 57 33 52 88 51 53 50 79 22 2 89 3 75 84 11 100 61 98 10 23 30 25 19 12 80 94 14 81 64 62 73 8 
91 13 46 63 16 95 4 10 9 44 65 25 . 68 . 56 81 . 19 96 20 79 80 . 40 51 100 22 34 84 42 32 97 5 61 11 . 87 70 98 36 74 99 12 27 55 86 73 37 . 3 41 2 60 15 14 53 59 48 6 89 83 75 82 47 . 43 92 66 23 90 72 52 28 29 . 50 33 7 78 69 62 24 64 58 71 1 76 26 . 93 85 67 39 35 18 49 57 17 . 
43 97 92 19 15 8 60 . 78 100 76 72 42 66 62 1 89 35 . 93 74 9 82 98 36 17 23 29 20 95 38 57 58 70 31 . 44 71 52 . . 59 3 . 30 41 40 10 46 73 5 64 . 6 94 81 50 34 61 37 39 14 55 18 90 88 . 33 99 16 75 51 . 27 32 65 53 67 21 85 49 12 86 48 96 45 7 . 87 84 26 2 54 47 13 63 25 22 28 4 
61 58 62 12 97 38 23 36 39 40 94 82 9 91 93 63 64 30 . 78 72 87 56 26 75 45 49 83 89 20 18 88 80 34 95 96 54 66 90 14 . 11 13 . 99 48 . 32 10 81 4 77 53 100 67 2 84 . 3 35 . . 44 68 70 8 46 76 29 . 85 98 65 74 92 71 28 73 33 6 41 27 69 57 25 24 43 47 21 1 42 7 . 19 . 16 51 52 15 31 
79 71 63 40 . 52 30 . 1 . 61 3 14 31 77 47 82 100 98 49 42 . 55 13 2 . 37 90 67 54 56 . 26 57 36 45 93 96 89 74 20 88 91 39 34 78 32 15 64 48 85 75 59 23 25 72 83 99 95 27 66 35 . 17 12 . 18 43 19 38 76 87 22 24 . 6 68 58 70 16 4 8 41 86 28 60 11 44 29 65 97 62 84 33 . 69 10 50 46 73 
59 39 23 24 2 94 . 6 25 . 10 44 37 26 1 69 63 95 11 . 34 . 14 76 46 100 82 64 40 33 17 54 72 31 30 28 92 61 66 . 12 65 38 18 48 84 22 52 47 . 35 32 . 42 93 15 96 20 56 . . 41 9 91 58 19 70 86 60 3 . 16 74 51 73 97 43 55 8 4 29 57 90 7 80 50 68 5 77 87 88 71 21 67 49 27 99 85 98 45 
38 82 56 88 21 2 . 91 80 36 62 81 89 46 90 95 25 78 93 20 97 69 . 51 96 60 19 32 87 . . 63 92 28 37 84 29 23 33 3 94 48 41 76 57 . 14 68 55 58 44 18 10 52 . 8 35 70 39 30 5 61 4 34 . 49 22 13 12 15 7 67 . 16 26 . 65 43 59 40 85 98 100 53 11 75 86 27 74 64 24 79 47 . 99 45 71 1 9 42 
17 10 97 45 . . 64 22 75 74 84 13 29 7 79 55 93 50 77 8 49 72 73 80 66 41 94 30 . 51 86 1 19 95 38 82 9 37 53 65 . 78 81 . 85 47 27 92 . 68 . 99 60 70 96 11 5 35 44 43 . 69 24 46 98 12 39 58 21 59 62 23 33 87 91 4 16 32 42 26 36 18 63 15 . 88 48 25 67 31 100 14 3 71 28 57 . 20 6 83 
. 65 . 14 43 49 47 99 . 93 48 9 39 6 76 62 60 53 54 57 73 11 90 59 18 80 74 4 94 15 . 87 64 . 51 10 24 86 83 81 85 97 98 75 3 100 67 21 88 42 20 23 69 5 28 13 89 56 70 50 32 27 25 41 . 95 37 29 58 34 16 . 77 30 . 96 46 84 . 52 92 . 66 45 7 8 63 78 12 71 40 33 22 91 38 55 82 26 44 17 
77 36 76 52 93 96 66 56 18 32 29 38 80 40 72 8 30 28 42 81 15 46 37 7 98 69 91 . 47 . 45 50 62 14 65 58 61 6 5 92 23 24 21 70 95 85 . . 19 82 12 . 68 90 13 . 44 17 51 48 57 75 86 . 71 83 . 59 87 99 26 27 60 43 64 3 33 11 10 88 74 20 . 67 1 78 22 2 16 35 84 . 55 41 34 100 4 73 97 39 
5 3 94 38 47 9 67 68 87 16 59 79 90 100 21 24 69 93 46 . 75 15 . 23 17 4 85 86 73 96 82 30 91 . 18 14 . 50 84 95 6 35 92 33 60 10 28 77 71 12 . 36 43 32 29 27 25 40 42 64 19 8 41 26 . 99 83 78 98 11 88 48 34 31 13 57 54 . 45 1 22 . 2 74 37 20 55 62 58 81 . 89 66 65 70 . 44 49 7 80 
81 68 1 70 82 67 93 33 2 4 80 . 7 14 98 100 50 42 97 34 31 85 92 53 51 65 . 71 99 18 64 86 69 . 11 95 84 57 55 56 43 17 37 49 94 16 26 3 13 39 9 52 12 72 73 19 45 . 41 83 58 60 38 . 89 22 10 66 47 90 . 46 63 21 . 77 . 44 87 24 8 48 23 96 75 91 . . 79 28 20 25 5 35 62 76 15 29 88 36 
3 78 24 35 26 63 58 19 38 41 4 8 100 27 39 54 90 94 51 52 71 98 45 . 97 33 14 17 22 . 96 16 79 . 64 67 86 76 81 85 28 66 47 23 37 6 87 44 . . 48 25 73 . 92 42 1 53 2 5 . 12 43 . 13 75 72 10 49 55 56 . 18 62 59 61 . 40 60 9 88 34 68 30 83 84 69 29 99 95 70 36 74 46 57 7 50 15 80 82 
96 69 . 53 63 . 56 81 32 . 6 89 31 64 18 86 41 19 34 2 70 7 49 85 57 8 51 . 37 46 44 24 82 29 15 62 68 48 73 84 77 71 30 16 58 25 100 43 50 67 42 55 66 . 27 . 98 23 74 76 22 93 26 47 36 10 35 40 97 1 33 54 13 20 38 . 75 14 3 59 60 . 12 83 . 72 52 45 . 39 99 28 65 80 21 17 90 78 91 5 
29 45 40 73 90 . 33 66 41 21 96 52 48 92 47 57 46 72 65 1 60 17 7 69 26 . 50 34 11 62 63 61 23 44 27 22 12 56 . 94 15 64 25 8 97 91 89 6 36 74 14 . 42 76 78 38 51 98 100 68 3 39 88 81 53 9 84 75 20 67 58 71 59 4 . 13 . 93 85 10 . . 83 16 24 86 87 32 37 18 95 43 82 28 54 . 30 80 99 . 
24 86 69 91 61 76 . 75 74 . 78 . 20 11 14 12 . 18 37 51 26 66 . 39 45 40 2 56 77 100 48 95 . 60 8 81 80 27 1 7 47 9 97 17 22 4 49 63 15 62 10 . 52 41 71 99 29 16 87 34 88 46 28 98 79 67 23 64 33 54 65 6 5 89 68 21 57 72 43 13 38 93 36 . 31 42 25 59 82 . 32 35 83 73 3 30 . 90 96 84 
70 92 47 77 68 5 61 78 99 50 31 98 28 29 12 11 53 55 . 40 2 . 42 27 94 93 33 91 21 10 16 90 60 19 . 51 30 67 . 69 35 18 58 87 96 17 95 . 24 38 15 79 13 8 26 76 80 63 34 54 97 48 57 . 39 56 14 85 36 20 59 . . 37 41 49 81 46 9 86 71 73 . 88 6 43 65 22 7 . 4 84 52 62 44 3 74 66 25 64 
. 15 7 74 1 82 49 2 . 34 11 73 70 . 40 13 62 66 14 35 86 91 32 28 27 26 95 50 . 58 3 80 52 83 . 60 89 24 67 42 30 29 19 90 56 93 61 81 18 71 25 33 9 45 36 5 37 55 84 31 76 38 23 64 16 53 8 17 88 87 4 22 10 85 75 63 . 59 . 43 39 . 72 78 . 94 92 97 6 21 65 99 69 12 . 96 54 68 57 . 
60 . 73 76 28 7 39 46 43 33 . 56 . 84 19 14 67 47 21 42 80 23 35 95 48 89 20 38 13 16 29 27 57 90 93 17 51 1 87 11 . 61 96 3 12 75 94 9 49 8 86 100 83 24 30 77 79 97 18 72 36 85 45 54 6 74 68 71 34 81 5 10 55 25 69 59 . 99 92 82 53 . . 98 . 64 70 40 41 32 62 88 63 66 . 91 52 . 26 15 
44 46 29 49 67 28 53 87 . . 66 71 6 63 54 27 99 . 22 24 5 2 1 38 80 61 9 65 50 82 34 96 45 88 60 21 . . 26 37 75 8 70 48 78 59 10 23 30 13 18 . 97 12 32 40 73 57 11 7 62 47 69 20 92 35 79 84 52 . 3 55 17 19 98 83 72 . 93 89 86 76 74 56 . . 16 43 91 41 81 58 64 15 94 33 85 14 39 95 
78 88 80 90 46 58 . 20 34 77 12 53 97 24 75 . 92 74 49 5 89 4 11 57 35 72 64 43 28 8 39 7 50 67 87 42 2 32 27 36 73 99 52 85 69 29 56 71 62 61 82 17 21 98 59 100 47 22 31 41 81 45 . 38 84 79 96 15 . 19 1 14 94 18 . . 48 63 65 23 54 44 . 26 55 95 9 30 40 33 . 51 6 . 76 . 91 93 70 86 
28 84 67 1 75 51 . 7 63 81 20 97 46 . 100 . 29 21 9 86 4 90 8 79 6 23 87 3 31 53 . 17 27 65 50 89 64 83 41 5 96 30 72 54 16 15 . 11 95 44 78 48 34 55 58 80 38 77 69 13 71 52 22 . 10 18 24 94 92 61 43 56 91 66 . . 36 45 32 73 57 35 76 99 49 . 62 12 25 93 2 59 . 26 39 14 47 60 74 33 
. 8 43 20 78 73 57 90 65 66 39 63 22 3 . 97 14 45 40 37 . 35 50 67 32 12 80 84 79 5 . 47 17 11 4 38 42 9 56 18 . 83 59 77 25 26 24 74 81 76 16 31 36 95 52 58 70 21 72 2 10 96 7 71 85 . . 69 61 86 27 91 53 88 62 15 49 94 64 87 1 23 75 29 89 41 . 98 51 34 44 82 13 55 48 60 . . 100 99 
73 5 77 6 54 13 69 67 . 7 87 42 . 99 20 44 . 46 85 39 66 53 91 75 . . 71 76 93 22 79 18 16 12 78 35 72 97 15 34 10 43 31 26 14 45 88 56 82 50 36 3 30 . 86 37 24 49 98 4 64 21 52 61 29 63 . . 32 48 . 62 28 60 95 25 2 47 83 51 40 58 81 11 57 68 38 89 19 . 94 41 33 59 65 70 9 8 27 55 
65 . 55 94 85 59 36 89 71 39 64 15 81 79 88 37 18 26 27 . 83 13 22 3 38 91 17 63 90 7 12 28 35 30 84 98 58 40 45 48 53 46 2 11 . 70 74 . 21 77 . 80 54 43 66 33 . 24 49 60 69 82 32 . 73 52 31 8 78 44 34 86 57 75 20 . 100 56 72 68 . . 93 62 19 16 99 1 42 96 29 5 41 50 9 25 92 51 10 61 
18 29 27 87 22 97 3 88 . 78 72 57 58 13 30 32 . 62 84 . 79 1 28 19 10 . 40 54 52 92 2 89 81 49 75 12 83 5 34 25 44 82 65 37 86 73 45 59 35 60 55 94 76 16 . 9 23 . 68 51 15 67 6 100 93 43 21 7 . 17 91 36 98 69 47 80 56 . 38 33 46 4 95 61 99 63 71 96 48 26 31 42 11 70 . 66 . 74 50 24 
64 33 85 75 12 72 48 58 94 51 . 59 4 96 80 3 16 8 . . 93 50 40 14 39 . . 68 . . 71 77 88 21 23 . 57 81 6 97 19 76 34 56 87 20 2 47 61 22 66 65 49 15 69 . 100 73 24 90 30 55 99 44 43 82 91 45 5 37 95 38 27 63 . 7 11 29 28 17 42 9 32 79 78 46 60 36 35 74 52 10 26 84 89 54 67 25 53 62 
55 16 15 26 60 93 . 13 91 79 81 . 74 36 32 . 80 87 39 92 51 89 2 54 56 99 57 31 5 38 30 82 24 68 3 6 19 20 28 61 100 86 88 . . 53 58 12 27 . 40 10 . 97 9 17 . 69 . 95 1 76 59 85 62 25 78 14 44 43 49 65 23 52 96 33 94 42 35 83 21 71 7 47 72 34 37 50 73 67 48 45 . 77 84 29 75 98 11 18 
9 52 30 23 76 92 72 3 70 48 54 . 87 39 . 82 35 57 . 19 . . 34 16 29 14 66 73 74 40 89 20 44 96 80 68 95 25 21 67 88 5 78 10 38 71 18 91 2 85 69 24 1 86 47 83 . 4 33 99 8 31 17 22 27 . 75 36 65 97 98 79 64 42 51 46 15 49 . 63 . 28 62 55 32 12 45 . 50 13 90 77 60 61 11 43 53 41 84 7 
49 12 68 44 30 62 94 34 61 15 . 18 79 33 28 36 2 14 53 72 35 48 4 43 37 82 39 . . 55 9 45 . 86 83 85 87 46 96 . 1 6 26 88 59 21 8 . 78 3 41 97 16 19 56 32 63 . 64 57 40 . . 58 99 60 65 54 22 66 69 52 92 84 100 91 10 98 31 75 11 5 25 . 76 89 20 51 90 77 71 67 27 74 7 24 42 17 95 23 
2 49 88 60 36 37 10 12 59 18 21 90 61 85 91 94 28 89 . 38 99 16 72 24 25 . . 80 4 70 93 78 3 13 9 86 55 64 50 . 40 96 7 47 . 58 83 35 97 26 63 73 22 . 82 . 19 32 6 56 20 15 31 77 33 11 98 30 74 79 68 66 81 5 84 87 39 . . . 100 95 27 8 53 52 42 92 46 76 75 34 62 1 41 51 43 54 67 29 
84 . 86 32 34 71 18 16 47 91 52 88 40 . 81 43 17 73 48 23 22 76 51 64 87 29 . 77 9 68 33 3 10 24 26 . 100 39 20 93 59 75 . 28 98 30 80 . 1 41 97 13 4 14 85 74 61 82 . 94 55 90 36 27 56 62 12 99 54 . 78 83 . 38 44 42 66 15 5 79 31 67 6 37 45 25 57 7 89 50 . 65 70 49 58 46 11 92 63 53 
16 100 65 47 9 54 50 77 30 14 79 20 59 10 31 7 86 48 96 71 . 43 3 58 69 22 27 . 55 98 83 75 85 84 25 52 37 38 4 41 49 44 42 19 93 89 70 5 73 80 57 78 99 . 39 46 17 66 12 33 6 29 40 72 34 76 74 28 64 51 63 82 . 90 60 2 13 88 94 32 . 45 21 91 67 18 95 8 81 . . . 15 . 56 68 . 61 92 1 
51 90 16 31 80 79 96 17 73 . 2 86 13 . . 52 8 39 61 21 92 42 48 . 54 7 56 28 44 34 58 76 33 97 66 26 45 99 24 12 82 40 84 95 43 81 68 . 60 53 67 46 50 37 . 47 15 71 77 91 59 6 89 36 78 20 9 23 . 94 87 70 41 . 57 74 27 65 11 14 32 75 10 49 18 3 83 85 98 63 69 22 38 30 93 4 . . 72 19 
86 30 84 . 19 56 37 71 10 88 3 50 . 47 29 85 11 20 70 89 12 97 93 40 33 59 16 95 . 48 46 22 77 . 32 44 60 65 . 45 14 27 28 7 . 72 78 64 79 . . 61 87 25 . 51 66 1 94 80 18 36 73 99 76 21 41 4 62 96 82 34 24 92 42 35 26 74 57 58 67 100 53 52 15 17 13 63 39 5 38 6 49 31 83 90 23 75 . 43 
80 48 70 46 32 10 5 35 89 84 100 55 98 53 74 72 42 11 68 14 91 59 20 47 24 50 22 33 65 . 37 23 83 18 45 61 81 41 93 29 57 94 66 82 44 67 9 13 6 90 99 . 75 . 49 54 39 78 25 3 85 . 97 . 86 64 71 60 95 21 38 15 8 . 28 30 12 . 34 27 76 56 26 17 2 7 40 88 36 79 . 19 . 52 69 73 . 43 77 58 
30 74 37 68 41 42 26 84 16 63 14 83 94 65 96 . 73 85 . 4 43 88 . 15 82 70 25 6 45 17 32 91 7 100 71 3 56 22 13 87 90 23 20 79 89 19 46 93 . . 60 12 78 47 48 75 28 36 53 77 33 66 49 69 55 34 99 61 9 27 57 59 . 67 72 44 29 5 18 35 62 40 52 92 50 38 39 24 . 11 10 . 51 54 97 . . 76 86 2 
26 56 41 51 98 . 54 4 . 52 17 32 63 61 34 31 6 7 10 44 . 12 5 . . 73 29 21 62 11 1 46 49 22 19 . 3 85 64 99 24 47 100 60 53 42 66 48 91 16 95 . 74 68 40 70 27 13 81 28 43 94 76 79 18 96 45 39 25 92 50 84 38 65 30 75 90 57 . 2 . 59 78 72 33 67 82 15 55 . 35 20 8 97 80 83 58 89 36 37 
14 1 72 92 37 86 45 49 19 67 58 . 27 . . 26 4 65 31 79 3 99 70 88 84 13 89 47 32 71 57 59 43 41 39 . . 28 36 53 54 15 9 74 51 52 63 96 80 69 38 11 24 61 95 55 46 76 16 . 98 5 2 10 . 77 50 81 68 85 . 78 100 56 35 90 25 21 29 7 83 33 87 12 64 23 93 34 . 75 73 97 94 40 60 . 48 82 22 30 
63 . 25 . 45 39 100 85 92 65 5 80 91 38 58 78 95 97 62 46 88 26 98 68 23 . 35 51 84 72 81 19 6 71 79 . 1 44 76 21 87 90 54 42 31 40 96 49 66 57 17 37 77 89 75 93 16 61 . 52 56 53 12 43 15 48 30 32 69 . 28 60 . 13 10 . 73 36 4 18 7 11 50 . 59 74 8 86 27 29 41 64 24 2 47 82 22 . 55 20 
66 14 83 96 64 34 15 95 29 11 28 99 55 48 36 9 7 98 5 54 82 18 78 100 72 . 31 92 30 56 4 69 20 33 77 32 10 . 74 39 2 41 1 . 35 97 65 42 70 17 22 93 25 80 63 . 49 88 57 . 67 50 60 89 26 . 40 91 . 24 51 68 90 61 76 43 62 87 19 46 45 38 85 84 8 44 73 53 71 27 . . 75 58 59 23 3 79 37 . 
100 80 49 34 94 65 1 29 95 70 . . 56 9 5 . 19 59 33 45 67 57 85 12 43 92 88 25 97 . 27 99 15 23 47 40 82 21 77 38 71 4 24 14 68 83 7 84 54 96 32 51 61 31 81 . 58 52 22 89 2 13 . 28 8 66 . 26 . 10 6 42 73 36 18 48 55 35 44 37 16 60 46 69 62 39 78 74 . 17 3 11 . 75 50 41 87 63 93 91 
40 99 19 54 4 69 62 26 20 82 89 31 68 95 24 23 65 . 81 3 53 52 59 18 1 39 75 42 61 . . 70 90 74 56 71 32 72 49 33 58 93 46 67 8 34 41 85 25 7 73 96 57 35 97 29 77 86 36 55 48 . 51 16 30 . . . 38 2 100 9 12 98 45 66 84 . 91 28 13 17 60 43 21 . 76 94 80 44 50 15 14 10 22 87 6 88 64 . 
19 89 . 27 56 50 84 25 62 38 97 58 71 20 13 75 55 99 4 95 90 49 . 63 41 10 52 24 88 80 11 60 14 17 69 76 85 93 43 47 5 100 83 . 72 12 53 37 86 91 96 39 28 77 . 68 . . 66 36 . 59 . 65 31 32 33 82 1 73 81 74 3 22 6 29 87 16 . 8 2 30 51 70 98 9 44 21 . 7 57 18 45 92 23 35 34 48 40 94 
76 . 95 28 42 91 99 69 52 64 98 1 . 30 84 16 40 . 57 77 7 44 24 36 12 90 67 49 6 47 26 11 59 63 92 46 38 4 61 100 56 2 48 9 83 5 . 34 14 70 62 60 32 39 21 89 72 58 88 23 73 97 79 75 . 94 86 41 96 25 54 18 15 10 80 20 74 27 51 . 33 22 . 81 . 93 . 17 78 8 43 53 71 82 . 65 37 45 3 66 
27 50 64 57 8 85 28 74 51 58 . 22 52 75 89 87 38 81 15 16 1 84 88 37 31 98 3 69 92 9 24 10 42 78 90 . 35 . 86 68 21 . 55 93 13 60 20 . 39 72 . 59 96 30 5 23 71 12 99 62 91 100 19 66 25 33 47 44 40 26 . 43 76 48 . 94 45 70 63 54 17 79 . 36 . 53 67 4 11 73 46 56 95 34 77 32 61 2 14 6 
54 25 8 36 53 22 . 32 72 87 27 47 62 67 66 61 9 70 2 13 94 24 . . 77 76 4 82 85 6 31 35 . 59 33 90 28 7 57 75 45 . . 43 15 49 79 30 98 5 51 84 93 26 1 41 55 81 19 17 68 64 74 92 88 . 44 73 . 39 29 63 20 50 12 . 42 100 . 48 99 96 58 . 56 65 91 52 97 86 37 38 40 14 71 34 60 69 83 11 
90 27 87 98 57 55 41 65 . 95 77 54 . 35 68 18 1 6 50 48 61 96 26 66 93 36 97 62 78 52 . 38 5 94 53 99 40 79 69 10 91 . . 44 28 56 81 46 . 21 84 74 45 . 2 3 75 100 32 59 47 73 58 63 37 89 51 11 76 49 . 4 25 9 67 60 . 17 16 15 82 24 31 34 71 13 64 39 70 85 80 23 . 72 29 19 33 86 43 88 
50 26 . 86 66 . 9 43 56 30 40 94 12 81 78 53 3 4 25 . . 95 65 42 . 6 18 14 76 90 . 33 100 55 13 91 97 15 22 23 63 . 64 5 67 74 39 57 31 88 46 21 72 93 8 49 2 7 79 19 99 87 70 24 1 . 92 38 75 47 10 69 89 54 71 27 96 28 52 . 44 29 82 68 84 58 34 . 20 80 45 83 35 17 51 48 36 37 41 16 
53 37 91 95 39 87 76 1 79 10 41 19 78 44 57 93 52 22 43 83 11 . 74 55 90 49 47 72 7 86 50 31 . 80 12 54 16 73 68 9 3 60 71 98 77 63 69 61 51 92 27 82 100 66 62 . 8 30 29 58 23 17 48 33 45 70 97 65 26 4 35 . . 64 25 24 21 18 67 56 . . . 75 85 36 32 28 5 6 15 13 59 . 40 94 38 99 89 . 
71 . 79 4 83 68 13 41 58 76 36 10 95 88 . 59 44 24 86 . 39 77 53 . 50 62 . 85 70 43 51 6 93 64 54 30 46 74 29 2 98 89 17 63 5 65 47 . . 19 31 8 3 . 7 56 87 72 27 14 35 80 67 90 40 42 73 48 16 84 37 57 9 34 99 52 97 26 25 . 15 81 1 18 92 82 75 20 96 12 55 . 100 21 91 11 78 38 94 22 
82 67 93 29 89 . 71 51 28 46 32 11 72 50 43 90 61 . 47 65 63 55 39 56 78 . 5 60 33 77 6 49 99 36 76 92 14 75 . 66 22 80 79 45 24 35 64 95 42 52 19 34 58 69 91 26 30 27 21 . . 57 13 4 97 59 94 12 23 74 20 40 87 7 9 8 17 54 37 25 73 68 15 . 86 83 2 . 18 53 85 . 81 100 96 62 98 16 . 48 
98 35 34 79 95 16 31 14 64 85 7 30 43 32 17 71 100 44 . . 69 19 63 33 28 47 15 . 75 81 8 37 4 73 . . 74 94 62 27 60 . 53 40 . 51 92 20 45 89 90 1 56 38 41 96 67 46 10 61 24 72 65 86 42 36 52 25 70 80 55 26 49 83 21 9 . 97 22 11 84 77 88 82 39 29 . 18 68 2 58 50 48 87 . 78 76 5 23 3 
89 60 . 22 11 77 79 62 97 71 25 69 5 80 92 45 56 82 28 10 27 67 87 35 85 21 8 41 39 42 66 9 . 54 43 50 75 59 47 76 31 1 16 32 . . 91 26 29 6 . 98 15 46 34 20 99 2 55 24 84 51 63 78 4 3 57 . 7 30 64 19 93 81 53 14 58 12 73 . . 86 13 90 . 48 36 83 72 38 18 70 68 37 . 40 100 33 49 44 
97 2 . . . 78 29 . 76 8 . 60 18 22 16 10 51 80 58 87 14 28 64 50 86 66 63 48 46 79 73 13 84 25 17 100 59 . 92 19 33 72 15 62 42 . 11 27 90 4 83 89 38 94 65 36 57 31 91 69 54 98 77 55 . 41 . 35 71 7 40 3 6 70 93 1 20 30 96 49 5 52 47 95 81 56 88 . 43 82 21 74 34 32 67 53 24 44 12 68 
. 43 38 80 52 . 16 18 21 9 60 64 49 97 71 46 98 29 . 31 44 68 75 91 15 74 28 26 24 12 40 42 47 10 62 78 41 33 82 72 81 51 76 6 36 37 73 88 8 . 77 67 35 65 . 69 94 . . 22 27 . 11 93 7 57 53 . 30 70 19 45 85 86 17 34 3 4 48 55 59 39 . 1 66 32 100 14 63 58 79 96 50 90 2 92 89 83 56 13 
35 22 20 43 55 53 6 38 85 86 15 27 66 25 37 68 77 32 60 70 . 21 99 41 49 71 13 2 . 29 65 64 34 58 97 88 23 . 42 40 . 67 33 89 74 24 3 16 . 1 61 4 90 48 45 39 93 96 83 47 26 . 10 14 91 73 100 63 46 57 17 12 44 72 54 50 79 75 36 62 18 78 . 9 52 81 56 95 94 19 7 . 31 69 82 . 5 . 51 28 
39 94 33 . 69 98 55 . 40 23 42 95 30 86 50 96 34 49 26 80 48 45 36 25 4 38 93 10 82 44 88 71 1 53 22 8 62 . 9 78 89 57 5 99 11 43 85 31 12 35 58 83 . 18 16 24 92 68 46 75 . . 27 74 64 14 59 51 2 29 77 . 37 100 65 84 91 76 56 70 20 21 54 . 63 97 . 19 66 15 67 90 73 13 6 . 79 87 61 47 
85 62 100 15 7 43 81 72 53 27 34 75 . . 52 65 21 2 38 68 19 . 76 93 42 88 44 87 57 25 70 92 . . 98 33 96 13 79 54 . 39 11 78 26 64 16 22 63 30 28 91 . 82 12 94 48 83 58 45 77 86 84 73 20 90 66 67 80 6 41 61 69 97 56 55 99 . 95 31 89 32 4 10 46 . 5 49 3 40 . 60 9 23 74 50 18 47 29 59 
58 . 28 69 81 60 27 40 33 98 56 12 83 71 23 . 47 9 29 61 10 14 77 . 91 43 38 45 42 50 13 21 41 76 100 87 88 63 51 16 46 25 75 86 55 18 57 80 96 99 24 15 31 34 . 95 52 92 67 85 11 78 82 39 44 84 19 . . 22 8 97 32 1 90 26 7 . . 74 94 64 65 89 70 . 6 73 2 66 68 . 17 4 79 36 93 59 5 35 
83 40 10 61 17 74 68 45 11 73 . 51 88 90 35 91 43 63 30 66 46 93 15 92 9 57 84 1 72 28 85 100 8 . 6 13 52 . 18 79 67 36 69 34 81 96 44 7 22 . 65 14 94 2 37 82 . 50 54 97 12 25 80 31 95 55 3 70 48 53 60 5 71 77 27 86 59 78 . . 47 89 56 23 . 33 21 . 76 . 87 4 58 38 32 98 62 24 16 75 
4 61 . 89 3 17 51 54 26 45 . 36 44 21 85 6 75 64 88 94 32 47 43 62 83 2 46 52 16 30 95 . 25 79 86 74 33 78 7 20 37 69 67 65 1 28 . 41 59 49 91 68 63 58 90 60 22 11 97 18 14 56 29 35 . 13 87 27 15 72 39 73 84 . 23 100 71 53 76 12 55 92 38 . . 99 66 77 . 10 5 8 98 24 19 80 57 70 . 34 
. 59 3 97 24 99 34 . 68 57 88 41 60 . 8 42 70 . 36 32 . 73 33 84 13 54 62 . 29 31 22 12 56 20 . 83 5 30 19 17 48 92 86 46 7 82 90 45 23 14 49 58 39 50 76 35 9 80 40 26 25 1 93 53 2 15 6 52 63 77 94 44 67 11 16 18 64 71 66 100 27 74 98 65 87 96 4 . 38 69 89 91 . 43 61 . 72 81 47 85 
21 24 75 3 . 57 44 53 17 83 23 4 86 16 11 81 76 56 89 7 36 . 13 99 62 67 10 40 8 63 94 41 71 . 58 29 18 19 25 80 66 32 45 31 46 38 12 90 33 79 54 6 . 27 . 28 88 . 50 87 74 77 . 59 22 5 49 2 51 82 . 96 26 . 85 98 . 9 20 95 65 43 70 93 42 14 35 84 100 37 92 47 1 64 52 61 68 34 30 97 
11 72 6 48 49 . 8 15 69 . 44 2 76 . 53 99 . 67 66 58 55 38 9 73 81 78 12 75 83 27 14 . 28 98 21 31 22 62 37 . 74 . 63 91 29 94 71 87 17 97 93 40 51 79 18 4 . 39 23 65 70 84 92 80 54 50 88 100 82 56 45 89 68 33 86 5 95 20 61 36 35 7 3 19 43 1 30 10 47 16 64 26 25 57 90 77 . . 34 32 
52 51 96 50 . 20 . 82 23 25 68 62 32 . 22 17 79 92 7 47 16 3 61 . 76 34 70 99 35 39 75 97 67 37 63 72 . 26 11 30 55 49 10 57 . 33 5 60 48 45 88 38 29 36 87 12 43 65 78 73 13 . 56 15 . 54 1 53 42 9 31 24 46 2 58 95 19 6 100 41 80 83 14 28 74 77 81 66 69 98 . 44 89 . 18 93 59 27 90 40 
13 . 51 82 77 33 11 97 81 53 74 96 3 34 83 . . 68 44 29 8 86 . 2 60 30 76 . 25 61 15 48 36 50 . 43 94 49 . 73 32 70 14 55 10 . 84 40 38 23 . 92 64 21 54 . 26 91 62 66 65 20 95 5 9 27 17 47 56 71 12 28 19 57 4 45 41 1 98 42 37 90 35 24 93 31 58 80 85 78 63 100 18 99 87 59 7 46 69 72 
88 85 22 78 5 75 19 28 98 61 . 26 2 51 42 . 74 96 87 59 38 6 58 71 52 46 . 36 10 97 91 . 31 62 7 69 43 11 3 32 84 53 73 35 63 . 1 8 100 37 76 56 65 99 68 90 13 45 47 . 94 24 21 29 80 72 16 57 4 12 89 39 79 41 . 92 18 81 40 . 64 50 49 20 34 70 . 93 14 23 17 9 86 48 33 95 66 67 60 77 
34 4 81 8 79 41 2 86 7 1 99 78 67 56 49 38 36 33 75 69 . 92 84 . 30 48 42 37 53 . 72 25 46 35 70 64 . 31 39 91 95 . 77 68 52 . 51 24 83 63 26 27 55 29 22 44 74 6 . 9 16 54 90 19 50 100 20 97 . . 11 32 58 76 61 17 5 96 71 93 3 80 73 94 40 66 23 60 59 88 12 57 87 45 15 85 65 28 . 89 
23 28 11 65 18 84 87 98 6 55 43 . 85 94 27 64 68 10 95 100 30 37 96 70 89 42 58 19 48 3 52 67 . 66 5 15 25 8 32 44 . 34 90 38 21 31 97 54 41 93 7 . . 73 79 71 . 33 82 78 53 99 35 76 17 1 69 20 24 45 46 . 56 59 . 72 60 80 81 47 14 36 61 39 16 92 77 57 22 83 . 75 4 51 63 88 . 91 2 9 
62 53 18 . 86 48 21 50 8 3 46 37 19 15 87 34 49 79 73 6 56 . 67 94 95 24 65 89 71 1 74 26 . . 57 47 36 100 91 83 61 45 12 22 2 23 . 55 11 9 70 20 85 51 72 52 69 90 17 . . 16 42 88 5 58 25 31 28 98 14 30 43 93 33 64 35 7 68 29 77 54 80 38 44 27 96 82 84 60 59 66 39 . 92 97 81 . . 63 
74 75 17 93 . 31 38 30 13 49 83 84 77 89 73 40 22 23 24 97 37 29 . 60 . 20 11 100 12 45 55 5 65 26 82 . 27 14 . 58 34 87 62 64 91 80 36 28 44 59 6 66 19 . . 79 . 41 . 98 78 43 18 70 72 2 32 16 90 8 96 94 88 15 63 68 52 92 86 57 . 53 39 4 48 85 47 99 56 3 54 1 46 9 10 42 69 21 76 50 
. 79 99 25 48 1 32 . 50 69 13 68 38 28 56 41 12 34 8 84 54 80 100 6 22 55 81 70 14 4 . 66 18 2 35 94 65 51 58 82 83 31 85 73 90 3 62 97 72 87 52 47 88 74 42 91 40 . 75 39 93 . 64 . 77 17 26 . 27 . 9 49 86 23 46 76 37 60 53 71 19 15 92 63 30 57 98 16 10 59 11 24 61 5 43 21 45 96 33 . 
41 31 89 37 6 25 91 39 24 90 33 49 11 8 15 48 32 16 71 56 52 94 27 44 20 85 36 88 . 2 98 55 22 42 . 65 7 35 46 64 . 12 82 83 76 92 4 58 . 66 50 57 5 54 3 . 81 . 26 . 51 9 87 45 75 40 95 . 59 28 23 29 70 78 1 99 67 86 84 72 96 61 77 14 60 62 80 13 . 43 47 73 79 63 . 38 21 53 18 100 
56 42 4 . 88 47 86 52 22 35 92 48 24 41 . 21 13 3 83 26 45 58 19 65 64 15 78 16 27 69 36 2 11 38 59 55 50 82 17 51 72 . . 29 70 14 37 . 7 25 . 81 67 85 33 73 95 75 28 46 60 10 98 87 . 97 93 80 8 100 99 90 31 71 43 40 23 34 . 39 79 6 9 66 68 30 94 91 49 57 76 61 . 18 1 44 96 . 20 54 
93 66 21 62 14 6 80 61 12 5 47 92 73 60 70 15 26 52 69 11 28 51 38 . 8 37 34 . 1 74 49 36 87 75 46 79 . 29 65 89 42 19 43 72 . 88 17 98 56 31 100 85 20 10 23 86 90 44 4 96 63 91 50 3 35 . 13 9 83 40 18 . 16 . 55 41 30 77 82 97 48 25 99 59 22 . 54 58 . . 39 76 57 68 27 67 84 95 71 78 
. 11 36 . 70 21 52 8 57 37 38 16 34 2 25 19 . 43 74 50 98 33 . 82 14 58 99 23 26 76 10 51 . 3 91 56 48 84 94 35 7 85 27 71 17 62 30 72 . 40 75 . 92 22 83 31 6 95 . 1 90 81 100 9 49 28 4 18 . 65 44 47 66 79 5 39 88 89 54 80 12 63 20 42 13 . 24 68 86 46 96 93 77 60 64 15 97 55 59 87 
47 96 31 33 71 66 35 11 4 94 19 . 23 76 97 84 10 88 92 98 25 63 57 90 44 95 53 20 51 41 54 . 89 52 72 39 69 17 . 26 9 42 . 2 45 32 93 82 40 18 . 87 86 64 70 62 85 3 59 67 . . . 8 74 65 48 22 55 5 73 99 80 6 14 58 61 13 12 38 81 1 43 77 91 15 49 46 75 36 56 27 . 29 78 79 28 . 21 60 
33 47 . 66 92 . 75 59 83 43 . 46 25 87 38 51 31 86 6 15 84 60 44 96 55 52 45 93 18 94 80 39 63 61 40 16 11 . 8 49 62 77 56 100 82 68 76 14 9 36 13 72 26 3 4 . 34 28 65 21 95 2 5 . 23 71 . 37 35 50 97 17 . 29 89 81 98 79 58 . 24 91 64 . 88 10 19 48 1 70 27 54 99 20 73 74 32 42 85 41 
. 17 14 10 27 29 42 57 . . 91 65 64 58 3 74 33 77 78 12 50 54 69 83 5 96 1 46 68 60 28 44 61 47 73 37 66 70 59 43 4 38 94 51 19 8 48 67 53 56 11 . 82 87 99 97 31 18 80 . 9 62 . . 41 45 81 55 86 52 21 . 30 49 34 16 63 90 2 22 98 13 79 71 . 100 89 75 15 . 6 39 36 88 24 84 95 23 32 76 
. 21 48 30 25 19 77 93 54 2 53 74 10 43 60 33 78 40 59 . 87 32 . 49 73 63 96 18 36 57 84 . 75 16 68 4 15 12 98 . 86 22 39 94 92 7 29 . 34 83 47 28 81 56 35 45 91 26 . 71 100 . 3 52 14 46 . 24 72 89 70 11 61 80 88 38 76 41 27 20 50 69 97 13 82 37 31 6 62 51 66 . 44 85 5 1 17 9 65 79 
12 20 5 59 58 15 22 . . . 30 45 57 19 55 92 87 41 100 75 62 27 79 8 3 32 98 66 49 88 99 72 74 7 14 23 77 . 31 71 69 56 95 97 73 11 . 89 . 51 1 86 80 . 43 21 82 93 13 . 50 33 94 84 67 61 76 6 81 46 25 37 96 . 83 53 70 48 24 90 78 26 91 2 47 54 18 42 4 52 28 68 85 44 36 10 29 64 35 . 
92 41 12 99 . 80 63 96 37 22 8 . 93 54 7 29 83 84 16 43 9 100 18 81 58 5 79 61 95 19 53 56 . 89 55 . 70 68 85 4 13 . 40 24 50 69 42 78 75 65 2 . 47 57 77 25 32 62 35 82 45 74 20 11 21 31 64 1 6 . 86 33 39 17 3 28 44 38 15 34 97 10 94 . 14 59 90 67 60 . 72 52 23 76 . 49 46 71 87 27 
42 63 45 . 74 3 . 55 15 60 49 5 36 17 86 73 54 37 20 33 41 70 6 22 79 . 90 35 43 32 100 52 . 9 29 75 99 69 78 13 39 21 93 58 23 . 59 66 67 34 80 95 27 71 50 18 . 87 89 81 72 88 30 96 38 85 2 56 11 83 . 53 62 47 94 82 92 64 1 98 91 19 44 46 77 . 14 26 28 4 16 . 97 . 31 12 8 65 24 57 
