100
62 38 72 8 85 21 47 73 48 2 5 18 27 15 59 64 35 83 75 80 16 50 65 52 84 45 19 6 . 41 87 68 . 93 69 12 95 63 24 31 82 3 94 53 29 30 36 89 81 33 1 . 34 78 96 51 97 . 71 92 23 28 10 40 17 . 70 4 99 20 11 46 26 49 57 37 43 39 88 77 66 22 25 . 55 . 13 74 32 100 7 54 58 . 79 . 9 . 14 98 
48 49 45 9 68 92 . 82 85 19 97 20 75 94 83 50 . 98 78 12 43 76 27 28 11 32 93 10 81 33 72 95 . 35 47 69 39 96 . 36 61 1 3 40 54 34 46 25 64 84 52 . 56 41 65 100 90 59 62 5 16 67 2 31 79 23 55 99 8 58 21 60 74 22 18 . 14 38 . 63 42 53 17 87 73 26 24 80 7 . 4 37 88 15 6 29 89 . . 13 
83 92 67 34 14 58 3 68 10 93 36 54 99 63 20 56 . 1 43 6 60 55 87 8 91 84 12 . 44 . 73 86 21 38 31 19 35 74 18 29 95 70 42 51 96 41 . 13 26 97 23 22 . 94 28 90 98 7 89 59 32 45 . 69 53 16 5 . 85 4 48 72 . . 77 79 15 40 75 64 76 . 57 30 65 2 100 52 46 82 81 33 61 62 80 50 88 25 78 47 
95 69 . . 36 19 23 4 5 97 94 49 50 9 2 41 54 15 35 27 39 60 37 57 98 . 40 . 29 . 71 62 43 . 66 86 20 8 3 . 93 51 68 18 14 74 32 90 78 16 91 46 10 6 99 24 87 12 . 1 30 33 85 64 73 38 17 72 44 11 52 100 75 47 92 76 63 77 83 25 82 89 48 28 31 . 7 . 96 34 79 59 22 61 81 70 58 80 67 42 
78 54 81 . 26 22 . 34 60 28 20 . 19 93 11 88 64 95 42 92 10 56 24 7 46 74 3 . 90 85 65 72 16 . 36 . 21 17 43 87 96 94 84 83 91 50 5 12 37 . 31 89 15 71 70 63 23 61 35 41 . 79 86 53 99 29 49 57 75 67 32 14 13 6 100 77 73 98 38 59 30 44 80 9 40 25 . 47 66 39 48 8 . 51 68 52 45 4 2 97 
61 75 46 27 98 99 58 44 73 81 100 66 38 . 6 . 2 17 67 83 4 88 57 97 92 86 82 31 . 95 . 21 25 34 23 89 10 94 9 16 80 41 . 20 47 56 30 84 77 32 43 24 71 . 11 54 50 15 55 65 19 5 12 . 14 69 40 78 49 59 60 . 79 42 35 28 93 70 45 90 1 36 72 62 . 64 8 87 52 29 91 53 63 7 76 33 3 18 37 . 
29 22 18 5 46 48 . 30 65 80 6 13 21 77 . 35 93 . 4 78 31 61 81 69 94 72 75 73 68 15 20 26 3 28 67 63 92 34 76 59 79 32 39 41 44 70 85 55 52 96 16 2 89 . 97 17 33 95 66 . . 49 98 47 . 83 87 1 19 9 14 86 71 10 24 . 54 11 50 82 38 90 62 53 56 37 99 88 84 51 23 36 . 100 25 42 74 . 8 12 
72 44 89 95 . 29 1 14 26 58 90 21 53 6 54 68 7 . . 9 62 31 84 45 28 . . 59 60 51 88 16 91 25 42 50 81 46 71 80 5 17 83 64 57 66 78 . 100 27 33 92 19 37 85 . 55 22 79 77 39 24 87 65 74 34 23 2 56 3 86 10 43 15 . 47 97 82 61 30 73 94 49 32 . 38 11 75 93 96 98 63 67 52 12 76 20 . 36 48 
68 61 57 99 16 91 18 54 13 60 77 80 71 97 24 33 70 69 55 41 26 14 12 67 62 94 50 . . 40 89 96 100 39 43 28 75 48 83 35 30 7 . 8 27 1 72 88 25 93 34 90 74 15 42 56 44 49 38 . 2 82 92 73 . 87 . 31 29 84 9 . 4 36 19 95 5 64 . 32 23 . 76 46 22 10 45 3 37 . 85 20 47 81 52 51 6 86 11 66 
9 45 1 92 . 81 80 . . 44 63 . 68 18 34 94 73 14 51 5 76 100 25 43 42 27 72 41 96 61 30 . 58 82 99 52 55 91 79 85 49 74 24 93 . 28 71 66 3 47 95 21 17 54 83 78 70 4 6 35 48 62 59 33 88 15 90 . 23 2 29 39 . 32 8 65 98 26 84 87 10 57 12 56 16 97 38 89 13 53 77 . 40 31 60 7 11 37 75 . 
8 72 97 54 7 33 94 26 79 15 66 34 2 51 1 74 91 80 96 32 98 18 41 84 40 56 29 14 16 87 49 75 89 17 92 59 27 58 69 . 4 . 63 43 . 13 3 93 85 22 35 65 9 30 46 57 . 68 76 21 78 100 . 77 . 82 52 44 71 10 47 11 25 . 61 99 42 6 . 88 36 . 64 67 45 23 19 73 60 . 70 62 90 24 28 39 31 12 95 53 
76 . 47 21 53 6 52 89 36 71 55 12 51 10 78 97 67 4 79 . 17 74 70 100 77 8 26 81 5 18 37 13 31 80 2 23 43 . 28 62 29 95 25 3 7 35 88 22 50 . 41 60 . 11 15 66 . 44 83 73 87 34 49 . 84 . 20 54 65 93 57 48 92 38 75 45 46 14 63 61 32 56 42 72 98 68 64 90 85 69 86 1 . 9 91 99 . 96 40 33 
6 74 19 . . 45 10 21 18 89 40 57 77 36 73 43 92 78 23 81 94 26 53 63 8 25 69 75 46 5 34 90 44 32 . 11 80 65 27 12 41 48 52 91 88 2 96 37 14 7 98 72 28 58 24 61 . 100 29 70 59 16 60 50 85 1 95 64 33 . 93 . 42 . 56 9 84 62 30 3 55 54 . 83 . 79 35 51 67 13 68 49 82 22 39 31 15 47 . 87 
98 79 96 35 64 95 . 63 57 84 4 24 34 . 29 53 40 28 7 . 3 9 1 49 83 48 66 80 10 23 17 37 2 30 97 68 32 100 . 99 39 11 58 45 92 59 . . 73 36 88 41 75 72 67 76 16 13 47 8 20 55 78 56 . 22 . 71 27 5 6 61 77 87 86 . 44 94 93 62 69 42 60 70 21 74 26 18 14 81 50 31 . 89 54 85 90 19 91 65 
82 91 94 63 76 47 85 84 89 14 86 45 88 26 49 42 12 100 . 99 65 3 51 68 81 60 95 17 35 54 70 15 39 48 . 20 5 73 29 96 44 37 87 75 53 36 34 74 46 66 . . 58 21 57 25 10 40 28 18 8 61 79 97 9 43 71 . 32 22 . 93 . 67 38 27 . 83 24 . 4 23 41 2 64 . 16 50 31 59 1 98 80 56 11 19 55 7 72 6 
23 . 16 90 11 60 48 . 81 82 89 53 98 83 74 15 43 35 57 36 95 . . 96 17 85 67 24 70 73 1 88 54 . 32 30 40 71 34 13 94 56 . 80 5 9 52 46 31 65 42 99 92 61 86 55 38 72 97 3 58 10 63 . 6 . 78 39 . 28 51 22 44 75 66 50 7 59 79 84 21 45 20 19 62 91 2 29 . 87 25 18 77 14 26 49 68 100 69 37 
63 35 5 11 58 16 25 52 9 94 24 87 31 48 76 . 79 93 81 59 . 28 73 98 39 36 23 27 85 83 78 82 96 61 13 88 37 90 . . 8 2 95 60 1 22 62 26 92 99 77 91 . 97 . 10 100 86 14 38 72 69 47 21 . 75 . 50 20 12 64 44 33 68 . 43 65 51 74 41 29 70 3 42 4 49 56 7 80 66 . 6 53 19 67 89 34 30 71 84 
. 84 15 71 55 17 99 . 98 78 31 72 90 92 68 48 1 66 93 10 33 13 86 . 53 58 54 94 47 81 3 65 4 73 60 79 9 6 32 70 89 24 21 27 . 16 42 85 63 8 61 11 51 . 23 46 76 36 37 83 . 40 57 7 . 35 39 12 67 14 41 77 56 . 82 97 . 91 5 29 . 38 18 49 43 62 96 28 69 95 74 75 20 34 50 25 52 2 45 19 
25 80 85 73 9 57 62 . . 22 . 81 61 90 56 71 69 97 50 91 83 17 44 51 74 18 89 29 88 59 52 70 68 60 5 15 . 72 65 28 1 . 54 11 10 7 13 48 35 . 84 4 55 42 30 49 58 19 20 66 40 75 6 100 76 78 24 93 46 27 45 . 8 96 14 23 31 12 92 . 64 77 16 . 47 . 98 79 87 43 99 67 86 39 33 32 26 21 41 82 
69 46 . 40 45 76 95 41 . 86 . 58 17 19 50 79 61 72 . 21 55 . 5 38 29 26 14 97 37 9 84 93 65 59 70 24 . 28 22 98 43 78 . 31 8 71 7 20 68 23 49 66 27 25 3 2 34 88 60 48 4 30 33 42 1 89 18 91 100 13 85 . 99 16 83 94 35 10 73 52 . 64 56 15 75 47 . 92 39 36 51 32 57 74 53 44 63 87 12 96 
55 78 40 50 29 64 75 57 33 76 51 86 11 84 26 32 41 73 24 39 28 90 . 13 3 42 56 87 . 49 . 71 88 83 85 99 23 36 15 2 . 16 19 66 46 45 63 43 8 . 89 74 47 1 . 67 69 5 93 72 52 25 100 . 34 62 60 94 7 53 95 80 12 81 31 18 9 30 48 37 . 97 10 14 82 77 79 59 . 98 6 4 54 . 44 68 35 27 70 91 
20 55 33 52 87 65 67 75 . 12 . 31 86 44 94 57 29 26 45 97 78 53 36 40 85 30 35 1 95 84 69 . 13 4 89 43 93 27 11 14 . 77 100 38 23 . 80 . 51 54 47 73 8 81 9 88 56 37 24 76 28 96 82 22 25 64 21 42 60 90 74 91 7 92 50 62 2 79 15 39 . 83 98 . . 17 66 5 59 46 . 16 70 48 99 72 18 68 58 3 
18 . 48 85 59 34 73 19 . 4 61 3 . 25 92 47 82 81 . 50 54 6 89 42 43 15 64 37 45 91 32 63 33 56 17 13 28 93 58 5 7 98 57 . 67 68 24 70 10 80 78 . 29 . . 96 27 71 53 2 83 38 9 16 90 . 31 21 94 100 69 51 66 8 87 36 . 72 62 23 22 20 55 86 49 99 41 35 77 84 75 11 79 30 46 74 95 26 39 60 
59 . 62 86 54 13 96 93 51 68 . 5 4 . 41 63 65 37 34 3 36 45 67 27 26 99 1 55 15 35 23 85 60 . 46 29 16 24 10 58 75 . 78 . 18 98 90 72 79 38 25 61 20 80 17 87 14 81 19 42 21 83 53 39 77 48 50 . 6 88 89 40 32 84 43 91 49 31 64 57 2 74 . . 52 12 97 44 28 73 9 95 66 11 71 8 . 94 33 56 
13 31 . 56 22 14 24 1 29 75 79 83 60 54 61 37 52 6 100 . 44 . 33 70 80 39 18 92 19 27 2 12 71 11 78 48 67 53 . 49 46 89 45 23 64 84 9 76 . . 73 94 5 95 20 . 3 38 74 62 47 21 99 34 . 28 98 . 15 68 63 88 59 41 93 55 50 16 42 86 8 . 66 81 32 58 77 26 35 57 96 17 10 87 40 30 91 90 82 25 
64 23 52 62 93 79 56 25 97 31 85 . 15 14 10 82 . 84 17 24 42 38 35 33 65 2 41 49 26 80 . . . 6 44 100 59 57 73 21 67 91 69 19 95 94 47 45 71 18 7 34 3 83 48 77 . 39 5 81 75 29 55 37 86 36 43 11 16 78 87 70 60 99 72 4 8 . 98 22 53 1 92 51 30 50 20 . 63 61 76 28 74 88 89 58 . 66 . 9 
58 67 10 57 63 84 . 99 32 5 44 100 36 55 4 28 25 96 98 22 24 11 23 88 18 62 76 51 59 52 46 73 77 33 81 42 41 . 53 1 13 9 50 61 . 27 97 . 75 6 60 68 16 89 35 38 71 74 31 . . 39 . 8 . 17 47 . 78 45 2 64 40 54 15 92 72 85 3 83 20 26 95 66 19 43 86 93 48 56 . 12 14 70 21 34 87 49 7 80 
67 65 42 61 15 2 . 56 69 36 . 70 . 95 45 23 21 19 46 52 84 43 8 72 64 1 90 3 50 53 98 87 41 18 33 5 85 37 55 100 . . 34 78 74 51 17 9 44 79 4 47 14 29 7 . 57 73 94 . 11 12 48 96 31 80 30 62 68 83 99 63 . . 39 . 32 22 76 10 27 58 40 6 89 88 93 20 82 77 13 86 75 16 24 66 28 92 81 71 
. 48 . 14 37 12 13 65 53 73 95 62 6 5 99 59 . 60 85 15 96 36 74 10 . 93 11 7 23 88 18 30 69 50 68 32 26 80 20 91 9 8 64 79 25 86 . 58 84 92 55 33 . 63 2 4 . 97 46 89 22 52 27 94 87 . 56 82 21 44 40 67 57 3 28 29 81 76 39 98 83 43 19 41 1 24 71 45 42 90 31 77 35 47 38 . . 78 16 100 
56 89 . . 91 9 29 98 24 69 70 10 81 96 66 2 84 21 61 49 50 52 3 59 32 . 100 30 . 90 28 35 62 16 7 34 . 15 45 . 92 86 14 68 . . 76 38 88 82 8 6 31 . 94 53 46 57 72 97 36 41 37 85 58 13 93 23 26 60 17 73 20 95 78 22 12 63 . 42 75 71 79 1 44 83 43 33 25 80 67 51 87 27 64 5 47 77 99 74 
39 52 31 60 61 86 27 9 30 8 47 . 29 81 . 83 44 13 20 . 46 63 59 2 25 7 55 36 66 76 92 6 67 12 . . 33 49 70 . 74 19 72 94 56 40 77 42 15 5 57 16 38 . 91 21 43 23 . 4 24 . 89 1 93 14 82 41 34 75 100 97 3 79 99 32 62 . 17 48 28 78 65 50 96 11 58 69 95 22 71 87 85 98 84 35 53 10 18 45 
42 88 38 36 44 80 5 37 35 34 30 41 74 . 40 29 27 55 10 67 25 47 22 54 73 79 . 95 69 98 66 89 49 26 . 71 51 84 77 94 91 72 31 59 9 8 93 . 11 52 68 64 39 48 75 28 1 87 61 85 62 18 16 20 50 24 6 17 . 33 53 23 65 14 4 78 70 . 56 58 15 7 96 13 57 . . 60 43 86 45 92 46 12 3 63 . . 97 83 
15 6 . 19 31 78 28 47 74 48 98 77 44 49 . 26 88 82 16 13 79 59 85 61 36 95 25 46 83 89 . 80 . 53 73 10 45 64 90 18 68 . 37 . 69 29 35 57 . 87 100 39 50 20 60 . 94 43 40 23 86 32 7 54 72 96 2 67 3 71 81 65 14 66 76 51 33 52 34 . 58 63 91 24 . 4 42 1 70 55 21 97 27 8 75 38 22 99 5 11 
75 100 6 42 77 61 30 90 93 47 64 17 46 16 70 91 . 22 11 33 72 96 54 29 88 40 92 . 41 21 68 4 50 37 49 58 44 99 78 76 51 65 73 34 83 79 81 60 95 39 62 53 36 19 . 98 52 25 . 32 31 63 . 48 28 5 80 56 59 . 7 . 23 1 71 20 . 43 89 74 57 84 . 69 86 14 9 10 8 85 . 2 97 82 27 45 38 55 35 15 
. 94 34 33 70 . 54 71 83 77 17 26 62 . 90 5 59 65 47 18 93 97 96 53 51 6 84 56 52 . 79 66 8 49 . 61 . 16 42 50 28 63 44 92 . 23 86 15 21 13 85 27 64 68 87 75 91 2 81 12 10 11 35 76 82 100 41 30 89 29 80 19 . 98 3 24 . 1 22 95 48 46 38 60 78 36 72 25 57 7 14 45 . 99 31 55 73 67 9 43 
7 2 43 . 30 37 63 . 27 9 32 . 83 40 38 86 98 . 65 19 11 39 31 78 87 34 . 21 79 42 81 52 72 66 45 76 3 47 33 57 60 84 92 35 51 25 49 50 99 46 69 . 1 90 4 15 80 8 68 64 26 88 93 89 95 67 . 6 22 . 55 17 41 18 73 71 16 58 13 5 100 59 53 97 77 56 94 . 12 44 20 24 29 96 70 75 85 . 61 62 
3 29 64 83 17 28 41 18 49 30 57 . 76 42 8 . 46 58 71 98 . 94 32 . 22 65 78 . 86 10 80 61 82 5 34 84 56 31 13 43 97 55 27 24 38 21 50 95 54 . 44 63 7 39 33 48 26 91 52 45 99 . 20 . 40 70 96 47 . 1 77 92 36 23 90 73 19 15 . 6 93 72 11 12 67 69 74 37 100 88 62 35 51 68 9 81 16 60 53 59 
. 7 100 12 6 5 60 35 55 74 . . 41 76 63 44 95 38 . 45 . 66 28 58 19 54 15 68 36 86 57 48 52 . 59 70 83 10 67 78 11 21 90 49 24 80 1 62 . 53 . 50 72 77 73 8 18 75 17 22 64 3 25 29 20 92 89 98 30 61 71 94 85 39 2 69 96 97 43 . 47 16 81 37 46 65 4 31 91 33 93 99 42 . 32 26 23 56 79 40 
85 58 . 67 74 4 . 76 47 . 49 46 52 23 44 30 33 57 56 28 92 . 69 95 1 63 79 66 80 8 94 2 35 36 54 62 53 18 12 . 98 . 41 99 97 . 19 31 39 83 15 13 21 64 51 22 77 90 100 60 45 42 29 86 68 20 91 84 70 37 25 27 81 73 89 . 10 5 71 14 11 24 88 55 6 72 59 82 38 . 26 34 17 . 87 43 61 16 48 78 
100 50 26 46 86 54 9 42 92 49 21 52 58 33 60 . 77 75 53 90 74 99 19 . 2 67 97 70 57 68 64 31 37 51 91 73 94 69 4 10 48 20 98 76 93 39 40 5 18 81 79 38 13 7 . 29 45 78 43 24 15 35 22 . 36 72 11 85 83 82 . 96 1 62 . 16 6 41 . 28 63 34 . 65 61 89 25 . 47 23 3 27 55 . 17 56 80 95 44 30 
4 73 28 18 52 35 87 74 46 27 62 23 91 61 16 55 90 88 60 . 53 51 78 56 12 64 . 71 . 63 . 79 32 86 48 1 66 2 89 75 31 93 . 37 41 20 43 96 . . 9 77 85 82 21 . . 83 13 34 50 57 81 98 11 97 33 68 10 7 65 8 5 24 6 67 . 69 59 76 44 17 15 38 25 70 39 94 3 45 95 29 99 49 100 54 30 58 80 36 
21 86 66 41 62 . 33 28 96 40 81 27 . 68 19 11 55 23 48 17 9 78 100 85 58 22 71 2 24 20 5 56 45 10 . 87 14 54 . 92 88 60 76 47 73 67 12 77 42 29 13 79 97 3 43 39 59 26 69 94 89 . 65 84 44 63 75 37 35 72 16 . 93 53 51 64 . 90 82 . 49 80 50 99 8 57 32 34 98 70 30 91 38 95 . 6 46 . 52 4 
49 87 24 16 66 30 36 7 8 . 74 15 48 47 98 52 78 64 58 25 97 34 21 62 44 29 9 42 14 28 . 59 12 89 22 72 17 . 75 60 70 57 81 . 63 77 73 . 4 . 92 23 99 33 32 20 . 96 11 90 1 94 51 46 2 45 68 53 38 85 39 18 100 40 79 88 83 50 95 31 . 37 5 82 27 3 6 55 26 71 54 43 91 . 35 84 67 65 . 86 
46 71 8 6 65 36 2 53 1 45 39 7 80 27 100 75 34 67 83 63 48 . . 89 41 52 98 77 56 60 51 33 11 68 94 16 15 3 23 84 . 4 66 10 76 58 . 40 17 43 22 59 42 38 13 . 82 35 85 86 93 87 97 99 19 . 73 29 69 18 50 90 88 . . 44 92 32 91 55 9 96 14 31 37 . 12 81 62 30 72 5 25 54 20 61 . 74 24 57 
30 77 93 31 67 43 35 51 . 39 56 . 47 4 80 12 85 89 . 79 73 69 18 16 50 100 60 23 91 66 15 78 7 63 96 26 99 . 74 86 34 87 32 1 36 46 44 27 6 68 58 . 41 . 72 82 37 64 2 10 54 76 17 59 94 . 92 24 28 21 13 33 70 65 25 98 3 84 29 45 52 19 71 48 88 22 81 62 . 14 57 . 9 5 8 97 . 20 49 38 
12 70 37 53 41 . 65 29 82 46 28 79 20 75 35 . 5 40 9 34 71 86 52 83 . 59 22 44 33 97 95 39 78 100 63 55 54 1 98 69 90 64 43 67 . 19 38 2 80 25 . 96 66 16 27 31 68 . 21 51 . 60 73 72 62 91 10 48 57 24 61 15 30 56 23 7 17 47 99 . 50 3 45 92 74 42 18 32 . . 8 88 6 58 36 77 49 93 84 81 
1 4 79 23 . 70 38 2 12 41 8 37 18 91 46 60 87 52 15 73 59 57 93 76 31 71 58 16 39 36 11 29 80 3 98 44 90 50 88 27 . 42 77 48 68 5 55 . 28 67 54 75 40 10 89 85 66 82 99 33 61 . 30 83 78 49 32 81 . 25 72 20 62 . 34 21 . 9 94 53 74 14 . 96 100 84 63 43 45 26 69 22 7 64 . 47 17 97 6 . 
41 47 32 87 12 75 74 23 90 72 22 2 . 56 . 18 62 24 . 64 30 46 43 . 54 10 57 61 71 100 6 50 53 70 8 82 13 88 17 20 42 79 67 . 37 . 92 59 76 77 45 80 52 14 26 16 85 . 86 78 95 93 4 81 15 84 . 3 1 98 97 49 89 25 . 63 27 35 7 19 60 5 51 29 69 66 91 38 40 11 44 58 . 36 65 73 21 48 31 39 
32 14 13 58 75 53 15 62 38 55 1 4 87 71 . 96 68 27 . 2 . 84 20 25 48 9 7 99 11 93 8 34 81 31 12 54 24 . 39 52 47 83 16 26 65 89 . 30 72 . 94 28 79 66 . 23 73 70 42 46 76 64 77 95 37 51 . 88 91 . 49 3 98 100 33 19 21 29 . 43 97 82 44 22 36 6 10 78 90 35 59 85 41 45 61 67 56 17 50 92 
35 28 68 78 84 18 64 80 45 . 42 8 12 58 77 92 26 94 37 72 20 33 79 93 21 5 36 43 48 . 31 69 10 29 16 81 47 87 63 54 100 39 96 73 89 57 99 14 83 44 . 67 23 . 52 11 7 76 25 6 74 1 . 30 60 41 3 32 13 65 56 59 90 . 91 49 38 55 53 46 86 61 9 4 . 82 40 15 22 75 2 . 24 97 88 . . 98 19 34 
. 9 71 72 73 98 39 94 56 7 . 51 92 59 23 77 45 2 28 66 69 5 60 65 20 13 48 58 54 44 21 25 87 40 88 67 38 52 46 15 36 49 8 89 90 . 79 10 53 34 30 . 83 75 93 6 22 . 70 99 97 50 32 41 47 4 62 55 43 16 . 12 86 37 26 85 57 . 18 91 . 76 63 17 11 100 . 42 74 27 80 81 95 3 82 . 78 35 68 24 
60 43 80 30 . 31 70 77 100 57 54 39 67 79 . 13 3 90 2 48 41 22 . 23 . . 85 35 89 38 83 8 46 42 10 17 61 20 81 7 99 47 1 63 87 91 . 86 24 50 18 26 . 88 59 45 72 9 82 49 84 19 66 75 55 . 29 25 62 32 12 56 76 . 36 40 52 44 68 78 92 28 37 5 15 95 65 27 58 97 73 74 33 71 93 . 98 6 51 64 
99 64 20 . 95 10 88 86 14 . 58 6 59 67 47 73 63 61 70 75 34 24 49 90 82 16 81 8 4 55 74 98 97 7 65 41 46 76 87 45 17 28 11 50 66 18 100 3 . 26 40 51 62 23 39 89 78 77 22 . 25 68 91 9 54 12 44 . 93 42 83 85 27 19 30 . 37 33 60 35 31 29 69 . 2 92 53 56 . 15 38 . 5 43 48 1 71 36 96 . 
73 83 14 7 34 39 57 55 99 66 35 38 78 60 62 3 96 49 54 88 . 79 . 21 16 17 5 50 58 . . 40 9 15 30 2 65 . 52 51 71 6 20 42 4 63 25 75 89 37 81 100 . 93 69 59 29 47 . 36 92 13 84 82 61 27 26 95 53 70 22 43 87 44 67 90 91 74 10 97 12 . 68 . 94 8 1 46 24 32 56 . 31 76 85 41 72 33 64 28 
16 10 90 20 38 71 8 32 22 13 12 64 . 41 93 78 . 50 63 47 86 40 75 91 . 97 88 25 84 34 . 18 95 44 14 . 72 23 30 81 . 61 99 87 6 49 89 73 96 19 59 37 48 31 76 94 67 52 65 9 35 17 39 . 83 68 85 27 80 62 46 42 82 70 55 5 79 56 . 69 7 51 21 33 53 98 . 24 1 3 100 . 36 4 2 57 43 15 74 29 
43 95 77 . 13 27 4 . 86 83 53 93 . 82 12 72 58 51 26 38 1 75 66 81 . 90 . 98 3 39 33 64 94 54 40 35 34 11 47 44 37 46 48 28 62 32 . 68 65 45 29 78 87 50 88 52 99 18 . 55 7 70 14 80 100 10 8 73 36 79 24 2 6 76 . 30 25 49 69 60 89 67 85 20 59 19 61 71 23 9 15 56 . 63 . 91 84 42 21 31 
66 24 84 . 43 32 46 78 50 100 72 . 16 34 82 61 6 71 86 53 . 70 47 41 57 3 20 65 64 69 26 83 74 79 28 91 97 25 85 37 15 44 55 29 81 99 39 17 58 90 27 8 54 . 36 73 51 63 49 . 42 14 56 92 13 18 19 . . 52 30 89 2 80 9 11 87 4 12 68 . 33 7 35 38 67 31 . 76 21 5 93 23 94 1 22 96 40 59 . 
5 18 2 24 4 . 76 48 . 26 . 71 95 20 86 39 . 32 31 93 56 30 62 . 6 38 61 64 12 67 75 . 98 . 74 49 69 83 1 46 87 25 85 . 45 82 70 78 16 40 17 35 11 36 90 43 79 89 7 44 65 51 21 66 63 37 94 92 42 54 23 28 . 50 53 100 77 8 27 80 68 91 47 58 14 60 57 22 10 19 . 3 81 29 97 96 33 34 88 41 
17 62 12 75 96 67 91 46 95 . 60 47 7 3 25 54 22 16 14 76 49 19 . 37 15 31 2 . 72 32 82 10 73 1 79 36 30 5 61 24 33 59 28 57 42 . . 71 70 94 56 93 26 55 . 83 63 84 . 68 85 65 38 23 92 98 77 100 52 43 66 29 . 74 97 86 99 34 44 81 45 35 8 80 90 40 27 13 51 58 . 9 78 18 4 . 50 69 87 20 
96 60 . 98 . 93 78 79 68 59 41 40 97 64 3 25 99 56 82 89 . 67 42 73 9 55 . 100 8 74 62 92 47 90 83 75 18 38 19 30 77 13 80 65 48 31 26 21 20 14 51 88 95 86 5 . 49 . 54 61 66 53 44 28 27 11 36 58 87 57 4 24 22 35 . . 76 45 72 12 71 85 39 7 33 94 15 91 34 2 . 52 37 32 16 46 10 23 29 . 
47 19 3 69 . . 6 50 15 52 67 60 9 43 30 62 80 . 91 54 35 23 56 26 49 83 96 34 27 75 . 22 55 57 100 39 . 97 8 93 78 68 59 95 77 90 87 24 94 31 32 5 . 92 29 74 65 58 88 53 71 20 36 38 . 2 99 40 . 41 44 16 46 61 37 1 28 42 85 51 72 48 70 45 17 76 89 14 4 12 66 84 . 86 98 79 7 13 73 . 
54 1 61 48 . 59 20 96 43 17 . 33 . 32 13 14 16 12 74 42 52 77 7 36 90 57 46 15 98 22 38 81 29 91 58 78 70 66 . 56 2 99 40 . 100 97 18 41 93 73 64 55 80 65 34 95 . . 27 82 3 9 8 71 23 88 72 87 63 30 5 47 . 28 94 39 67 53 35 11 85 4 89 26 92 51 37 . 83 6 84 19 45 25 86 . 76 31 62 79 
52 81 51 84 49 85 69 39 88 54 33 32 70 1 43 80 48 59 87 77 66 . 10 17 45 89 24 13 7 . 22 28 . 55 71 25 . 12 100 42 38 67 23 44 2 . 29 47 82 9 63 20 46 . 40 86 75 31 16 91 37 4 76 26 57 60 64 36 . 96 8 34 61 58 95 74 56 3 78 50 94 62 97 73 . . 92 41 19 68 18 . 15 53 30 98 27 11 65 14 
44 . 25 43 47 94 22 85 7 42 93 35 5 80 81 10 75 39 84 40 37 58 97 48 . 68 8 20 6 77 4 74 . 95 24 51 100 19 82 66 62 31 15 90 72 69 83 98 23 88 . 9 45 99 . 36 86 32 26 30 79 73 11 14 89 50 67 96 2 38 78 55 29 27 49 3 61 92 16 17 91 65 . 18 . 87 . . 33 64 . 71 21 57 13 53 1 63 60 70 
74 93 98 25 94 96 89 72 91 51 80 . 37 21 . 8 81 44 77 31 58 . 30 32 . 24 53 86 . 65 90 47 22 43 52 56 73 59 84 88 76 45 . 54 3 87 2 92 27 95 75 10 69 34 50 26 42 60 64 14 12 71 62 79 38 33 83 9 . . 1 6 48 63 . 35 39 7 49 . 19 11 4 57 85 20 68 100 36 5 61 70 13 41 78 18 99 46 66 55 
. 59 7 64 48 1 93 16 34 50 45 90 54 52 31 81 97 68 8 69 57 2 88 . 99 . 51 85 25 72 42 41 84 71 39 37 . 44 14 89 40 100 82 62 20 6 75 29 . 86 53 87 63 46 . 47 13 . 18 17 5 15 26 36 3 73 4 . 76 80 27 35 21 33 10 . 58 67 9 96 24 30 22 11 91 28 . 19 92 94 12 61 49 38 55 78 60 43 56 23 
27 . 58 82 57 38 37 22 62 85 3 28 89 . 42 1 71 29 41 14 99 20 76 34 86 91 44 52 87 78 60 36 . 67 9 33 19 81 93 4 83 50 12 . 21 73 10 7 74 35 6 40 98 100 47 64 . 79 23 96 17 95 43 18 45 90 65 80 97 56 94 . 54 46 . 59 55 2 8 49 26 75 61 68 24 13 30 66 88 31 . 15 69 . 77 92 25 72 63 . 
37 63 41 81 42 62 14 . 4 91 27 99 23 31 96 34 50 25 1 46 61 68 40 75 93 20 38 28 97 11 59 53 . 72 35 21 89 29 26 . 6 76 47 36 58 92 82 51 55 . 12 84 24 22 74 5 64 48 57 15 9 86 . 2 16 32 88 70 17 66 43 . 18 85 65 87 60 78 19 . 67 . 73 3 80 54 44 39 30 . 90 83 71 79 94 . 8 45 . 77 
. 90 . 68 50 11 . 66 84 18 83 74 32 . 15 7 42 5 59 60 8 92 94 24 . 77 34 89 . 57 91 44 85 13 . 45 87 98 16 48 10 96 35 6 28 3 54 56 69 100 71 25 67 12 78 30 9 29 39 52 80 . 19 55 97 99 37 51 47 63 36 21 95 31 88 41 75 73 4 1 14 81 43 . 20 46 49 64 61 38 33 40 65 23 58 93 . 70 22 76 
36 98 88 93 2 . 83 81 . 20 16 11 13 39 79 100 15 8 3 30 14 1 9 35 33 37 99 40 78 94 10 . 24 23 . 60 31 56 54 38 53 85 . 5 61 64 45 87 97 71 66 18 76 43 68 80 28 27 . 69 . 46 42 25 32 59 58 63 92 19 70 50 49 77 . . 29 89 55 75 96 12 82 52 7 86 34 48 44 . 47 65 84 17 62 95 57 22 90 72 
79 3 22 28 78 44 68 43 94 1 14 76 82 . 17 . 53 74 88 . . 71 72 19 55 23 45 . 2 26 63 . 51 . 64 46 62 70 35 41 32 . 97 9 40 38 57 83 12 42 21 69 90 24 56 65 36 10 95 27 . . 61 60 4 85 15 18 58 99 75 37 31 59 7 34 30 80 87 93 54 25 6 84 50 33 47 77 20 49 39 100 48 73 29 86 92 52 89 16 
92 20 73 59 19 . 49 36 67 . 10 78 93 53 95 90 56 30 39 55 77 25 82 18 63 11 43 32 42 3 13 9 66 22 50 40 68 61 48 72 . 69 51 2 86 76 37 44 87 24 . 29 70 57 80 60 21 17 96 7 81 85 15 88 91 6 34 89 64 26 84 45 16 94 52 14 41 . 58 71 . . 54 74 . 75 33 8 . 62 83 47 4 1 5 28 79 38 . 99 
14 82 92 2 89 50 98 20 61 6 11 63 45 8 . 16 72 87 97 4 38 91 83 39 . 41 13 12 32 . 35 . 34 69 21 74 57 75 5 . 19 71 17 . 99 . 94 . 90 60 93 43 33 18 22 58 48 85 . 79 27 77 40 49 30 3 86 26 31 55 54 53 73 7 42 70 80 36 47 66 95 9 59 88 68 . 46 67 29 65 10 78 76 28 15 37 64 44 23 52 
57 68 53 13 79 3 100 91 66 29 52 65 64 35 22 24 74 . . 20 75 41 34 . 70 . 10 39 92 1 54 45 93 14 77 18 42 26 94 . 72 . 62 86 59 11 8 67 30 17 19 32 61 4 49 27 25 28 15 . 46 81 88 6 56 47 51 5 37 95 . 98 50 21 58 48 23 87 97 44 33 99 . 89 60 7 84 16 9 63 82 38 2 . 90 83 40 73 55 69 
24 11 . 51 60 25 84 83 40 64 76 9 56 85 37 58 19 99 30 . 80 15 39 92 27 28 73 38 43 31 77 1 . 94 87 98 96 42 62 61 18 10 88 17 35 55 65 97 . 70 86 3 6 49 71 12 4 20 48 100 13 . 75 91 41 57 . 90 72 34 33 95 47 89 46 54 66 23 32 67 . 52 74 21 26 63 82 53 2 . 22 68 50 78 . . 44 14 93 5 
84 26 23 94 32 97 66 69 31 43 91 56 73 29 . 49 28 79 18 95 90 83 17 30 61 35 68 5 22 47 27 . 36 96 55 9 76 7 41 3 64 40 13 4 15 33 . 11 48 51 10 19 82 59 77 . 81 98 12 25 57 58 54 93 67 74 38 75 24 . 37 87 45 88 85 80 89 71 46 21 78 2 52 34 70 . . 63 53 8 . 72 100 42 14 62 65 1 . . 
94 25 4 91 23 41 . 33 6 37 87 29 . . 89 . . . 64 43 63 10 13 60 97 12 . 93 38 7 24 49 5 88 19 77 50 21 57 22 56 66 71 82 75 61 74 16 2 15 76 81 32 26 45 34 84 51 80 . 70 36 28 78 39 79 53 14 9 47 73 68 83 52 44 . 48 . 96 18 98 92 31 90 3 30 55 95 99 67 65 69 1 40 59 20 100 85 17 58 
50 16 74 79 28 7 71 61 75 23 13 55 43 37 88 89 . 70 25 56 6 . 99 31 30 81 27 83 1 92 47 97 19 21 53 . 2 67 66 . 3 18 . 32 26 15 58 8 98 10 96 17 35 69 82 14 62 45 . 63 . 44 72 5 12 46 42 33 11 77 . 41 51 78 22 52 100 24 36 85 39 60 29 40 54 . 90 57 86 76 64 48 . 20 95 94 4 84 34 49 
80 12 87 96 27 77 53 24 42 67 78 68 10 89 21 84 38 63 49 85 40 16 90 22 . . 65 4 30 29 44 58 20 62 37 8 1 . 86 97 57 26 75 25 34 100 91 82 . 61 99 14 59 56 64 70 95 3 51 88 60 48 45 74 35 81 79 76 55 92 18 32 94 72 98 31 47 . 23 . 5 73 . 36 66 9 . . 15 28 46 41 . 6 69 11 39 83 43 7 
. 13 39 17 88 40 42 64 70 92 18 59 24 69 72 . 60 . 5 35 7 54 50 . 52 19 37 84 99 43 . 3 15 41 1 93 25 . 31 63 65 90 33 14 82 85 48 36 47 75 . 49 81 8 66 71 89 62 44 95 34 23 74 11 51 58 27 16 98 94 67 57 . 45 80 96 68 20 26 . 6 87 32 . 76 21 22 97 55 79 78 73 28 2 10 12 77 29 4 61 
51 66 83 1 25 90 59 . . 33 29 69 94 46 48 . 100 45 73 62 89 95 55 6 47 . 91 63 13 37 36 7 38 . 61 65 . 78 64 79 20 14 49 30 16 44 98 54 57 12 67 . 77 2 92 3 41 34 56 39 53 22 . 52 24 42 35 15 84 50 68 71 80 43 40 75 86 60 11 72 17 27 58 10 93 32 . 9 5 99 87 21 8 26 . 82 97 81 28 18 
10 37 60 44 100 20 90 59 72 88 65 73 14 86 75 31 76 77 33 . 81 12 71 11 38 87 6 18 63 . 67 94 26 24 25 64 52 40 92 23 69 35 . 56 70 78 . 53 22 48 97 95 91 17 16 32 . 21 34 93 96 . 13 43 98 9 7 66 79 . . 4 84 . 62 42 45 57 . 89 99 50 46 8 39 29 80 58 49 1 36 30 83 55 41 3 54 28 85 27 
. . 49 4 40 68 34 6 19 70 15 84 72 65 33 69 8 . 66 71 32 42 14 79 59 73 30 54 62 2 61 55 76 74 95 . 12 92 60 26 35 . 86 13 94 52 22 . 38 57 80 7 88 47 1 44 53 46 91 43 98 90 41 17 48 77 . 28 39 64 58 99 97 29 45 82 78 96 81 36 87 10 23 . 63 31 5 85 50 25 11 . 56 37 . 100 24 9 83 67 
38 85 99 32 20 88 19 15 63 90 43 44 66 73 51 6 94 3 52 87 . 4 26 82 10 46 47 45 77 25 53 57 14 65 29 7 71 89 2 17 . 23 74 97 79 48 21 35 67 59 . 83 93 84 37 33 31 . 58 13 41 8 . 62 49 . 81 22 61 91 98 9 11 12 5 60 36 75 28 34 . 40 30 76 18 . 78 86 68 24 16 . 92 . 96 80 42 50 1 54 
. 96 35 77 . 82 45 5 58 25 26 67 42 70 36 40 66 48 19 . 23 89 16 9 68 . 31 47 21 79 86 46 63 . 76 4 98 22 95 8 52 12 38 85 . 24 51 49 41 11 . . 78 74 100 50 32 99 75 87 6 43 80 10 33 53 59 7 18 97 . 54 55 90 81 17 94 65 1 27 37 . 83 39 28 73 62 84 72 20 34 60 93 69 56 14 29 64 30 88 
81 5 30 49 92 55 31 97 17 38 73 19 96 100 14 20 83 43 22 65 21 8 . . 37 88 52 9 . 50 76 11 42 . 57 95 79 60 . 64 16 58 36 46 12 4 84 34 86 89 28 45 68 62 10 13 40 24 78 29 44 80 1 70 75 56 . 74 66 35 82 7 67 93 27 2 . 25 90 99 18 47 . 63 51 41 85 61 6 54 53 39 26 91 . 23 69 3 . 32 
45 97 86 88 18 42 72 87 16 56 68 92 . 98 58 27 17 34 94 74 85 7 . . 76 78 32 82 73 . 29 24 61 81 15 22 8 . 96 6 54 36 60 52 11 53 67 . 49 91 38 12 100 70 25 40 35 . 3 . 69 2 23 63 66 31 84 59 50 . 79 13 9 55 20 10 4 95 57 26 77 93 1 43 . 90 21 99 89 83 28 14 19 44 37 48 41 62 47 75 
33 15 63 3 5 8 92 12 71 87 37 22 85 17 97 99 47 10 . 29 68 . 80 64 96 61 49 60 55 45 9 23 18 52 84 66 7 4 . 77 27 62 89 74 . 75 95 94 59 76 36 70 53 44 19 1 2 16 90 67 100 . 83 . . 25 54 38 82 81 42 31 24 91 32 13 11 28 41 20 35 . 26 98 . 34 14 30 . 48 88 79 73 50 57 40 93 39 86 46 
97 57 91 38 24 66 50 27 52 . 46 95 63 . 5 17 10 85 21 . 19 62 92 20 35 14 86 90 74 12 7 99 . 78 . 47 29 77 25 9 45 80 56 39 84 72 23 64 43 49 3 82 65 76 61 81 96 54 32 11 68 . 34 67 8 93 1 . . 31 28 69 58 4 60 53 88 13 6 2 70 55 87 59 79 48 51 . 71 42 40 26 44 33 18 15 94 . 98 89 
22 56 75 . . 100 12 58 54 99 71 89 26 28 52 65 37 . 38 70 2 72 29 50 4 . . 19 93 30 55 43 6 45 3 31 91 9 68 73 24 88 53 77 98 . 69 33 40 78 5 48 84 35 . . 11 80 36 74 94 27 18 13 21 66 97 46 14 49 59 82 96 57 64 61 20 17 . 92 16 32 34 85 10 1 23 83 . 41 60 7 39 67 63 90 86 79 42 8 
77 39 21 70 72 56 16 . 28 65 2 82 79 87 55 95 20 . 44 57 45 64 91 99 69 43 17 62 . 46 97 38 48 27 6 14 84 51 80 90 85 . 61 7 78 42 33 23 5 . 24 98 12 32 58 35 8 92 9 31 63 59 68 19 26 30 76 60 86 . 96 1 15 83 29 25 22 81 52 100 40 88 67 54 34 71 73 . . . 37 94 3 93 . 10 36 75 13 50 
90 17 27 29 1 24 61 . 25 35 23 30 22 74 . 70 31 9 68 37 67 48 38 5 66 75 33 . 65 14 58 91 99 77 11 97 78 32 . 95 50 82 46 15 49 43 59 69 60 64 72 52 4 73 79 93 54 . 10 . 18 26 94 87 80 19 13 20 12 76 62 84 . 86 96 89 51 . 100 8 41 39 36 . 42 85 28 6 16 40 55 . 98 83 92 2 81 53 3 63 
87 36 78 55 99 15 32 38 39 . 88 43 . 45 18 93 24 53 76 86 22 29 6 47 89 49 94 72 75 16 41 42 17 97 56 57 74 62 37 34 14 5 9 . 52 26 4 61 . 20 50 85 2 91 84 68 92 67 . 28 . 66 31 27 70 44 100 8 . 46 90 79 19 69 12 58 82 21 65 73 3 95 35 64 81 80 83 11 54 . 63 13 30 . 23 71 48 . 25 1 
31 . 95 47 80 26 . 60 3 24 48 25 100 38 32 85 89 86 92 94 29 37 . 4 78 98 74 69 82 58 50 76 64 99 . 83 36 14 72 67 . 15 . 22 33 81 53 28 56 . 11 44 73 27 62 9 88 1 8 19 55 97 52 . 5 . 61 34 45 6 10 75 91 20 84 68 . 66 40 70 43 13 90 16 41 39 87 17 79 18 35 96 12 21 49 65 51 54 46 2 
91 . 76 . 83 . 79 . 87 95 69 50 30 57 71 67 . 11 80 23 47 35 15 55 7 51 39 48 100 96 85 77 40 46 90 38 . . 99 19 59 29 70 33 17 60 20 32 66 1 14 62 44 28 81 84 74 41 98 16 49 56 58 45 65 52 22 10 4 73 34 . 63 2 21 26 53 . 31 24 25 6 27 93 9 61 3 54 18 72 97 82 64 75 42 13 12 5 94 . 
28 . 29 89 90 49 21 95 . 63 50 94 39 99 87 36 14 . 6 1 27 81 98 86 100 92 . 67 34 24 16 17 75 64 51 96 82 35 97 . 73 52 79 58 . 54 31 4 . 3 48 71 . 5 53 37 83 65 30 40 33 84 46 . 7 55 45 61 74 8 20 62 38 26 69 12 85 . 66 13 88 18 2 44 23 93 60 70 56 78 19 42 72 77 43 9 32 59 57 10 
2 99 55 65 33 46 86 31 78 . 9 42 84 50 85 21 . 54 . 44 82 87 45 66 95 80 70 91 61 62 43 14 28 75 27 53 49 68 6 47 81 97 30 71 60 . 11 63 1 69 . 76 22 98 41 7 24 93 59 56 29 74 64 3 96 8 57 19 88 39 . 38 10 17 13 15 18 48 67 40 51 . 77 94 83 5 36 72 73 52 58 25 16 35 . . 37 89 . 90 
11 51 69 45 97 52 81 40 2 53 . 98 3 24 91 . 4 62 89 96 64 44 61 77 67 33 83 76 31 70 100 20 27 19 41 6 22 85 49 39 66 92 10 72 32 17 . 1 9 55 74 58 94 13 63 . 30 . 84 50 56 99 . 35 71 86 . 43 95 . . 25 28 82 16 46 34 54 37 79 80 8 . 78 87 18 48 21 65 93 29 23 59 60 47 88 5 57 26 73 
70 40 44 100 8 . 43 49 64 . 34 85 55 30 65 4 57 46 29 58 12 . . 1 14 82 77 22 76 . 99 54 23 2 38 94 86 39 91 74 84 73 5 81 31 37 16 79 45 28 87 . . 9 95 19 17 53 50 20 51 78 . 90 42 7 66 35 48 69 3 26 52 71 63 56 24 18 33 47 61 41 13 25 97 15 75 96 . 92 27 10 89 80 83 59 62 . 32 93 
89 32 36 22 39 83 17 88 80 96 25 16 8 78 53 51 49 92 95 7 91 27 2 3 75 66 . . 9 48 12 100 1 20 72 85 . 55 . 82 . 33 18 84 71 47 56 19 61 41 37 15 . 67 31 97 6 94 63 57 38 98 5 44 52 21 28 13 54 23 . 30 69 34 11 81 90 93 86 65 79 68 99 77 29 45 70 40 64 4 42 76 62 46 73 87 . 24 . 26 
