100
10 65 36 . 11 2 32 . . 61 52 16 92 28 53 12 30 13 78 . 94 7 49 71 40 3 58 . 74 4 38 . . 8 82 6 18 89 26 98 57 25 50 63 79 99 88 45 70 47 64 83 24 14 9 20 . 72 68 91 31 76 86 22 85 60 41 44 66 34 56 69 19 42 43 21 23 29 35 75 33 84 17 87 90 55 93 96 80 62 59 48 100 81 77 . 51 . 27 46 
25 79 22 28 53 62 75 8 78 33 34 42 68 . . . 14 72 91 57 99 2 67 97 17 44 18 92 32 88 82 48 100 74 71 95 5 . 59 41 27 66 39 . 13 61 87 12 40 4 24 65 36 . 96 93 76 21 69 73 30 31 23 58 70 1 . 6 85 63 50 7 10 52 46 . 81 35 55 . 38 64 37 84 . 26 89 54 51 15 90 19 80 9 86 94 29 45 98 56 
91 . 58 46 29 94 68 51 17 97 73 22 . 93 55 31 65 34 96 79 95 14 43 80 87 5 49 . 59 90 13 86 8 75 69 24 32 52 6 1 88 42 81 33 83 37 . 38 100 50 53 85 47 62 74 63 . 70 7 27 61 21 35 23 19 12 4 82 3 71 41 . 11 10 99 18 . 56 44 40 60 66 77 15 78 57 64 . 9 16 89 98 72 92 . . 28 2 20 76 
. 35 64 30 9 90 72 25 41 34 85 17 7 81 86 77 91 37 43 71 31 92 40 84 45 15 16 47 79 . 65 62 19 18 96 68 74 93 52 . 70 2 14 26 46 80 23 8 58 53 . 32 69 . 24 38 49 . 1 57 87 . 5 73 98 88 67 55 39 44 36 76 89 28 100 6 61 22 21 10 95 . 20 29 66 54 56 75 13 78 12 60 50 42 . 83 . 11 59 48 
45 . 50 36 48 20 13 76 29 84 82 . 33 38 54 69 1 12 37 92 40 35 28 30 46 98 11 25 10 62 2 65 41 14 77 99 53 83 47 9 42 . 94 56 49 97 8 16 78 64 57 6 43 . 58 39 52 73 87 19 96 18 59 70 74 . 91 31 . 68 63 . . 80 71 72 60 51 34 66 15 44 23 75 55 67 17 85 79 26 27 . 4 86 5 21 . 3 81 32 
2 . 1 27 79 87 56 59 14 3 65 54 51 35 7 48 45 40 80 19 25 . 83 21 86 58 . . . 57 94 8 . 5 4 32 42 73 64 84 69 88 85 17 93 63 39 70 12 96 98 28 . 9 23 29 95 68 24 18 33 44 . 81 36 43 60 71 53 49 97 41 74 38 76 31 26 55 20 11 61 13 89 82 . 78 15 66 100 90 50 99 91 47 75 22 10 72 . 67 
82 38 . 15 63 91 . 35 1 17 . 19 24 40 23 29 89 43 85 55 34 10 11 9 . 46 21 7 54 8 84 45 2 87 49 67 16 47 4 73 36 90 86 98 . 77 75 79 53 5 59 14 88 83 . 3 27 64 12 60 41 62 65 13 48 61 31 57 72 25 28 70 58 . 26 80 18 76 39 32 . 92 56 37 . 97 100 42 44 81 93 94 30 6 . 95 78 66 69 33 
88 2 12 68 66 . 82 56 81 6 39 98 . 90 30 75 53 11 . 49 80 74 62 58 34 . 60 67 92 87 96 7 52 17 . 61 1 95 . 54 72 69 83 44 41 25 31 35 77 8 76 57 23 4 85 86 71 . 26 94 3 32 50 . 93 91 19 13 70 . 59 33 51 63 18 79 100 89 10 78 . 5 97 42 9 24 47 73 45 37 14 38 36 29 22 27 65 99 21 40 
4 87 98 84 39 51 81 5 55 70 95 56 62 75 85 24 . 35 48 67 15 52 79 73 49 89 7 45 . 17 31 41 23 13 38 59 46 54 76 14 . 74 . 99 27 6 20 18 16 . 40 19 37 90 53 58 83 33 21 93 34 97 66 47 2 100 78 94 92 86 68 10 44 29 . 50 32 42 91 25 . 43 8 96 72 11 . 9 36 57 . 30 63 71 88 77 60 82 . 3 
75 . 97 63 100 19 4 80 52 47 99 13 79 . 32 5 . 2 10 91 86 . 45 77 . 67 34 57 . 56 98 6 30 3 83 . 24 49 . 76 20 96 53 78 88 43 1 73 95 9 7 69 22 85 54 92 21 46 40 33 90 66 82 12 25 17 62 48 74 38 31 65 50 35 68 37 27 64 72 . 59 39 14 93 58 16 18 29 70 60 23 42 41 26 36 11 . 71 51 87 
. 22 84 45 . 68 40 75 16 21 19 59 18 10 11 57 62 39 49 20 29 90 98 47 76 83 66 . 24 . 70 36 56 48 34 . 72 91 14 4 31 35 7 82 71 53 5 99 37 43 44 . 87 12 64 42 69 2 . 100 26 23 51 92 79 85 27 28 67 33 93 80 . 60 65 63 38 . 58 13 73 . 15 54 89 32 77 74 30 1 55 17 9 52 6 25 8 94 88 78 
1 83 65 43 91 6 37 89 86 67 54 40 66 42 92 93 32 99 9 50 55 29 85 12 31 49 . 74 75 64 53 96 . 23 27 39 25 44 63 . 4 30 79 70 21 78 61 19 33 76 . . 81 80 95 51 7 45 36 35 8 . 38 56 52 59 34 14 41 16 77 28 48 100 97 . 87 88 71 47 18 . 57 . 3 98 84 20 69 72 68 5 . 82 60 62 17 24 11 22 
77 66 59 61 18 27 99 95 60 42 41 26 . 58 28 73 38 20 . 88 . . 36 11 70 100 52 96 97 22 35 2 86 94 48 9 8 64 3 15 39 21 31 12 75 17 85 82 87 63 33 . 65 54 7 90 . 34 4 10 32 89 80 84 55 68 1 74 51 93 . 81 92 5 25 14 16 45 . 57 72 91 44 71 47 79 53 69 67 . . 29 23 37 43 46 56 50 30 19 
73 64 . 77 26 42 52 1 72 92 78 37 74 30 59 4 97 21 71 . 63 39 47 . 56 18 13 54 22 99 75 82 90 20 45 16 17 70 44 43 28 6 11 23 29 79 100 40 65 88 46 96 94 67 93 . 60 5 15 2 98 95 8 83 91 76 . 24 34 31 86 . 12 48 62 53 84 27 80 51 57 58 9 81 10 85 68 50 19 69 . . 7 66 61 55 . . 35 38 
53 86 51 76 32 15 25 83 22 31 61 55 34 37 79 44 29 4 95 68 5 99 56 42 1 6 . 10 47 81 23 . 64 58 73 89 . 60 28 38 8 27 20 3 63 45 77 2 24 78 11 48 85 40 12 46 94 92 43 . 70 35 41 17 . 57 9 69 80 13 19 18 39 98 33 66 54 . 82 50 84 71 . 59 . 21 91 49 93 74 97 . 26 96 . 16 7 75 62 88 
55 41 13 60 23 79 90 92 89 63 56 78 99 . 98 . . . 21 27 . 83 . 86 38 69 70 51 96 84 47 35 65 43 40 22 33 75 19 6 94 93 8 58 2 59 54 85 32 42 16 37 . 29 97 . 26 4 80 53 82 88 31 . . 45 52 67 95 81 100 39 30 7 36 57 73 24 11 74 5 50 68 76 61 15 10 34 62 25 44 12 1 17 72 9 20 48 91 28 
48 36 86 . 40 45 14 . 88 5 15 62 97 13 4 38 11 . 47 72 61 41 60 66 90 9 1 53 52 83 12 80 92 73 100 98 87 24 65 19 33 17 29 42 . 70 55 78 46 . 96 75 51 63 30 84 . 43 39 95 10 20 26 93 22 35 69 . 68 18 99 54 7 25 44 23 94 67 32 79 27 2 28 56 81 49 34 . 8 3 82 6 58 . 21 85 . 59 64 74 
. 29 63 98 33 . 49 4 28 39 60 74 59 57 70 14 18 83 15 40 16 100 21 54 30 53 55 52 73 72 9 24 77 . 93 26 43 62 84 2 32 86 46 76 34 66 92 20 89 68 3 17 . 81 48 35 91 31 37 44 85 . 45 78 95 . 88 . 42 82 58 36 87 . 69 11 75 94 23 71 64 51 99 . 67 90 1 5 . 97 19 13 27 8 7 79 41 61 47 10 
76 27 37 3 . 36 69 23 . 55 93 12 95 51 97 64 77 79 22 32 92 73 46 14 5 45 78 100 41 98 66 34 26 31 . 15 39 86 10 30 81 40 . 85 25 20 43 75 2 52 88 60 82 8 90 65 70 63 . 80 99 72 91 94 53 . . 58 83 . 67 50 61 56 . 28 44 . 96 68 9 29 16 1 71 13 62 6 21 59 4 84 48 87 17 74 42 18 33 7 
62 76 70 48 60 85 87 38 . 26 46 2 100 50 29 99 . 47 88 30 6 69 4 16 35 81 33 31 14 71 44 61 32 39 . 96 36 22 . 55 93 51 24 . 78 28 65 43 63 19 . 34 13 45 73 . 25 . 67 56 52 59 58 42 . 53 5 . 9 80 17 97 84 23 7 86 57 75 1 49 83 94 82 41 77 27 95 21 37 20 79 8 3 90 98 40 92 12 74 11 
100 17 81 56 42 98 70 64 37 . . 88 44 69 52 59 95 16 38 46 82 12 23 67 33 93 . 86 19 . 58 27 53 . 9 28 54 . 73 91 77 57 1 13 92 . . 89 . 72 5 10 7 47 21 40 2 60 6 83 25 80 3 11 76 65 50 4 61 35 96 79 22 71 85 97 68 26 75 18 99 62 43 8 34 14 90 . 15 32 49 36 66 84 20 63 74 41 94 39 
46 . 42 5 43 83 12 87 77 50 10 45 3 27 38 94 49 23 90 82 1 51 6 78 9 26 76 18 80 60 71 95 . 24 8 97 22 99 61 93 100 11 . 57 . 84 62 . 56 36 66 25 40 . 41 . 64 91 44 4 81 70 55 48 17 58 . 85 69 37 79 21 32 33 39 19 20 63 86 . 14 16 88 68 2 72 65 52 98 28 31 7 29 59 . 54 35 47 34 53 
44 34 56 7 51 26 98 31 90 . 50 38 65 43 6 28 87 59 58 64 100 91 13 88 77 66 17 1 27 . 33 21 70 35 60 14 96 84 8 . 53 10 32 55 54 41 42 71 36 69 67 99 74 49 80 61 89 82 52 . . 25 81 3 29 46 . . 78 62 15 . 79 12 94 48 9 11 85 45 24 19 . 39 40 75 23 93 16 47 2 20 97 63 57 92 5 73 76 . 
28 46 53 95 . . 100 9 92 82 25 85 8 . 14 33 20 . 86 . 65 1 27 81 10 . 39 3 36 19 54 47 43 72 18 84 2 37 . 16 99 77 26 . 17 51 35 94 38 24 83 58 64 78 50 97 63 13 73 22 59 30 44 57 71 6 11 79 76 96 42 75 . 69 93 91 29 90 56 5 40 31 34 49 60 52 4 70 12 88 87 68 61 32 66 45 89 21 41 . 
98 33 48 79 81 39 5 54 80 89 20 70 41 45 51 13 23 . 83 87 32 6 77 55 12 . 15 90 56 34 22 1 21 92 7 10 100 16 95 . . 38 17 11 43 . 86 59 75 27 . 52 67 72 2 73 28 18 65 99 74 . 57 50 97 96 . 84 60 40 76 63 3 64 29 30 58 47 31 53 66 14 35 62 . 36 46 61 4 85 26 82 42 49 93 71 94 37 . 68 
17 99 45 40 10 14 44 94 56 43 32 . . 22 74 58 73 78 46 75 23 25 84 6 92 96 42 30 53 51 19 59 31 26 35 47 29 28 12 . . 79 27 81 70 54 41 87 48 77 52 64 72 86 68 91 . 65 93 1 100 11 69 85 62 33 21 90 89 39 . 20 88 50 5 . 80 9 24 95 34 . 76 55 38 71 63 4 3 66 . 83 15 16 37 13 97 60 . 57 
36 . 31 91 83 43 78 47 65 64 12 34 . 33 57 41 71 80 13 . 75 42 53 1 26 79 59 35 67 24 74 4 82 96 5 86 90 66 20 . 16 73 48 37 11 95 68 15 54 . 93 21 76 7 63 44 85 51 62 . . 17 10 52 88 84 94 40 58 22 87 9 25 81 2 . 55 39 18 72 3 30 27 98 46 99 60 77 29 8 6 92 70 14 28 . 23 . 45 61 
12 57 61 97 73 24 50 46 54 . 51 92 6 11 25 16 75 65 100 39 8 63 20 48 89 29 83 87 4 31 34 99 3 9 58 69 59 . 53 40 22 56 28 49 74 98 27 . . 81 14 68 10 26 62 72 84 71 70 77 37 7 21 45 13 44 55 41 79 76 18 88 . 30 . 1 . 32 93 33 90 96 94 60 91 . 35 47 . 42 86 95 38 80 82 . 85 78 19 43 
81 55 79 92 22 54 74 33 62 56 . 57 30 88 19 86 2 49 8 83 12 66 . 53 39 84 85 94 70 5 52 25 46 89 . 82 73 67 90 99 51 3 34 38 7 91 . . 21 10 45 27 50 96 35 32 . . 42 87 18 36 68 95 16 28 24 97 20 1 43 23 . 15 13 17 . 93 100 48 71 98 75 47 76 6 61 . 60 29 63 69 59 65 26 31 9 64 58 72 
56 82 6 41 . 35 59 86 10 76 89 91 27 85 96 100 67 61 55 9 18 . 87 . 13 43 37 . 15 2 . 73 79 32 16 . . 8 93 53 19 54 98 5 . 21 34 . 81 12 42 31 44 57 . 80 3 7 60 68 97 50 90 . 26 48 64 78 84 94 72 4 65 36 75 70 17 71 22 14 25 77 29 45 99 62 33 38 66 63 46 88 92 74 47 52 49 95 28 51 
22 81 27 90 68 60 33 . 40 44 97 21 77 62 17 20 59 84 . 8 9 38 74 95 100 51 32 58 39 93 26 92 6 71 88 2 83 29 72 34 80 61 . . 28 65 36 . 30 94 56 70 . 37 45 11 50 85 31 52 13 53 12 54 86 49 82 3 96 98 25 47 91 18 4 41 10 48 . 7 . 87 64 23 19 43 55 15 99 5 42 75 24 69 89 73 76 . . 14 
33 52 96 24 57 59 85 63 35 9 11 93 37 100 2 15 36 8 79 . 53 5 32 61 88 39 30 76 28 82 78 . 91 12 25 62 89 69 45 21 13 97 . 47 87 50 46 42 . 60 99 18 26 . 6 94 58 . 51 75 . 90 17 41 44 80 70 77 86 64 54 71 . 66 . 38 43 34 98 19 . 23 72 10 56 3 92 27 83 67 84 73 55 48 31 65 68 40 7 16 
19 20 . 69 82 49 21 37 61 2 90 30 81 60 89 47 64 31 23 10 41 50 16 65 67 33 79 22 86 46 40 12 24 45 80 3 15 58 1 62 34 36 43 54 . 18 96 11 92 39 17 72 75 . 4 98 93 78 57 51 6 . 32 63 42 . 97 . 13 . 44 83 59 91 66 68 . 99 87 26 55 52 73 48 100 5 . 28 71 . 74 27 77 25 94 88 84 8 38 9 
. 70 54 4 50 32 23 20 82 25 . 72 15 95 18 68 31 87 34 86 84 26 90 46 69 91 62 66 . 7 43 22 9 52 67 93 64 77 60 63 49 81 37 96 30 3 76 6 1 56 . 61 58 92 36 . 35 42 78 . 75 45 2 100 73 19 8 59 17 89 85 5 55 39 83 29 33 12 74 88 41 27 51 . 53 48 16 57 14 . 28 47 40 . 65 99 . 44 80 97 
87 42 47 100 . 75 9 58 19 8 22 50 12 26 77 92 88 96 44 65 60 46 57 33 23 61 53 72 78 48 . . 29 54 . 34 27 . 21 7 24 84 6 4 55 . 71 28 94 14 97 30 86 16 66 59 40 74 . 13 91 56 15 67 38 39 81 80 49 41 95 98 73 89 . 10 36 79 68 20 45 76 63 85 82 2 . 35 5 64 83 51 . 62 70 69 18 32 99 37 
29 7 16 . 38 82 93 88 18 23 . 86 87 41 . 90 61 22 1 66 42 30 25 99 44 54 45 63 9 77 85 70 51 95 37 81 55 17 94 39 92 32 57 59 4 72 40 96 74 28 26 5 79 6 84 67 24 20 89 14 21 60 62 76 . 31 53 . 43 11 47 64 56 65 3 36 98 2 . 91 . 83 48 . 13 68 97 33 27 75 . 34 12 19 69 15 80 . 71 49 
32 51 90 11 . 74 65 73 94 69 . 10 61 9 95 . 63 70 50 3 49 8 52 . 41 2 27 16 30 53 . 29 45 83 76 19 82 42 54 44 37 72 36 71 62 100 58 25 88 33 28 89 68 13 18 . 92 98 81 6 . 43 14 91 23 . 84 87 97 78 38 67 47 31 24 55 96 20 4 21 56 . 26 64 75 66 59 46 7 . 17 15 79 93 85 60 22 34 57 1 
8 1 71 89 28 67 92 40 87 90 29 64 31 70 45 80 . 42 76 6 24 48 94 82 16 68 44 13 26 50 4 77 57 7 . 58 91 63 69 79 97 49 2 36 10 93 . . 60 75 73 55 33 38 51 99 15 37 53 . 84 81 . 72 59 54 3 47 5 100 27 . 83 . 17 32 41 61 25 35 43 . 85 46 39 20 86 11 34 . 18 62 19 30 56 66 95 52 78 12 
6 . 14 59 64 100 43 72 47 28 27 20 69 84 1 36 81 74 19 2 78 . 55 96 99 60 61 26 83 52 49 50 76 22 70 48 23 33 . 51 38 . 65 . 18 67 . . 66 57 62 91 4 73 94 79 9 11 . 16 39 63 30 7 35 37 80 25 98 10 46 . 54 75 32 56 97 8 53 . 93 88 86 92 21 77 71 31 68 44 95 40 85 45 29 87 90 17 24 42 
35 77 89 39 56 30 . 53 96 11 70 . 21 64 72 67 41 85 5 84 43 88 71 . 7 8 68 59 . 91 10 76 33 . 65 . 62 25 15 32 12 26 58 75 1 16 50 47 90 31 74 42 97 17 37 55 100 . 13 69 14 87 . 6 3 4 98 95 29 52 57 82 27 24 9 49 45 83 66 54 46 34 18 19 23 51 20 94 86 99 78 63 . 22 81 . 38 79 60 92 
83 85 10 88 5 65 . 79 75 58 57 28 . 47 . 97 56 52 51 12 13 72 38 69 36 78 25 21 37 32 95 64 73 44 22 70 60 80 7 90 . 29 . 77 91 46 45 24 6 55 23 . 39 41 98 89 99 53 27 81 11 49 1 . 100 18 92 26 40 3 20 . 42 . . 62 71 14 84 94 17 93 59 74 48 9 8 68 2 50 35 87 16 4 96 19 63 31 15 86 
92 13 68 81 14 50 22 74 8 7 80 48 2 20 40 30 84 17 54 47 58 15 65 3 95 73 31 . 11 38 21 9 97 98 94 5 10 35 34 67 59 . 51 . 66 . 53 63 85 71 41 93 18 82 91 33 46 . 16 26 88 19 25 99 . 62 87 43 . 42 60 . 70 83 37 76 72 52 27 39 89 90 32 36 44 29 96 . 75 . 56 79 64 78 45 24 1 6 4 100 
34 92 75 58 6 12 36 96 69 27 72 . 1 . 73 46 4 28 74 31 66 70 7 19 42 94 26 24 100 . . 5 61 91 95 21 3 87 9 86 85 . 63 25 . 88 59 56 50 13 84 15 20 97 52 . 62 48 98 79 17 2 33 90 30 32 10 54 16 45 23 49 77 51 8 64 14 44 43 . 37 89 . 65 11 38 67 71 78 82 22 81 68 . 35 53 57 80 55 29 
40 47 87 66 92 64 39 43 2 48 4 76 11 . 33 53 52 86 12 7 81 18 75 98 58 50 22 . 84 44 . 78 35 . 14 60 . 32 30 89 83 34 59 88 82 26 . 74 28 46 63 3 90 99 16 41 10 8 100 23 15 51 95 . 21 36 71 29 31 97 45 72 68 1 42 94 5 13 69 85 54 80 62 77 . . 9 25 . 17 37 70 56 57 73 20 6 38 49 91 
94 . 62 23 54 63 24 50 33 29 77 99 . 59 . 98 55 91 56 95 22 . 61 68 20 80 93 37 58 15 87 71 16 1 28 72 81 10 70 46 52 18 82 90 57 . 44 3 97 74 . 79 89 66 11 21 42 76 34 49 38 84 53 4 8 . 2 32 25 30 12 17 13 43 92 65 86 40 . 36 47 6 69 51 85 31 . . 88 27 48 39 14 100 41 78 64 7 73 35 
. 53 3 62 20 25 63 68 34 93 67 75 83 17 . 40 26 27 30 35 10 61 76 4 54 . 95 . 38 69 73 49 96 84 50 92 31 100 37 45 60 1 99 . 47 . 80 58 43 51 77 97 59 39 32 23 65 29 48 72 36 98 64 16 41 5 18 66 . 7 . 44 15 74 82 9 24 21 88 87 94 8 70 . 57 . 79 12 81 13 85 55 78 46 11 42 19 90 89 6 
27 44 21 35 86 92 51 13 84 32 81 18 47 56 69 2 9 36 60 . 52 19 41 40 98 37 4 34 90 73 . 16 99 6 91 . 30 48 . 59 . 14 22 29 23 . 3 39 17 85 72 54 42 68 77 15 38 57 96 20 63 10 46 43 64 79 95 45 . 61 88 31 80 93 28 26 7 65 33 82 70 . . 53 . 94 74 8 89 87 11 67 25 24 97 50 83 1 100 66 
50 5 77 . 97 48 . 82 68 . . 31 10 15 99 . 86 95 41 13 73 36 34 . 6 . 98 83 16 28 92 58 63 62 12 66 93 65 71 61 . 44 25 8 94 11 32 60 67 . 55 20 30 56 76 1 33 52 91 54 53 85 27 26 24 81 75 17 . 51 14 37 78 21 64 42 22 23 90 29 4 69 3 43 70 84 7 89 72 39 40 45 35 18 2 57 79 74 46 80 
78 59 66 49 72 40 16 27 51 45 100 67 89 12 34 96 44 56 36 . 33 . 22 23 47 92 28 . 61 . 68 87 60 42 . 54 37 21 43 11 29 52 55 35 38 76 94 5 9 90 8 7 19 46 26 71 88 1 14 63 69 6 4 20 . 97 65 70 73 . 3 74 17 41 10 84 99 91 . 31 32 . 98 79 50 83 39 18 82 . 64 58 95 85 13 80 81 93 77 25 
31 50 73 83 30 69 3 60 57 86 53 9 4 72 67 76 . . 17 41 19 34 37 29 . 70 97 65 91 14 88 26 13 68 74 79 75 15 36 92 98 . 62 48 . 23 33 77 39 6 87 78 21 44 38 82 11 . 59 28 24 27 84 . 54 40 63 8 1 . 51 94 99 . 20 45 49 16 42 90 35 47 55 80 95 12 32 22 25 7 81 43 . 10 52 58 46 56 96 71 
70 97 74 . 90 86 15 34 63 1 83 84 16 78 35 17 24 81 75 14 47 . 8 . 32 40 69 71 46 85 . 42 55 82 3 53 26 30 67 60 68 19 93 89 . 56 10 88 62 48 91 33 92 . 31 49 44 54 18 96 79 41 . 9 . 38 72 5 23 6 7 59 4 76 11 22 64 36 . 98 39 57 80 52 25 . 94 37 73 58 21 66 13 51 27 12 87 28 50 20 
68 12 94 74 27 76 86 91 73 85 69 5 84 44 63 37 47 45 97 56 50 . 35 49 80 65 . 6 81 29 3 . 87 10 32 20 4 72 79 25 71 60 75 7 53 52 26 93 34 70 78 11 99 . 40 64 31 58 . . 62 67 13 . 39 14 61 2 8 92 30 89 1 90 19 24 28 66 41 77 98 95 42 21 33 . 36 51 18 55 16 . 17 . 83 59 54 22 9 96 
51 71 33 94 . 66 . 61 100 87 8 80 19 91 81 43 3 . 20 28 96 31 92 26 65 56 86 17 42 63 57 32 25 40 6 37 . 13 23 5 95 15 21 18 35 89 24 29 79 54 39 41 48 10 22 7 45 88 49 62 72 . 83 44 78 77 74 1 11 67 90 93 64 4 70 . . . 47 46 75 38 36 34 98 50 . 2 59 84 58 . 69 27 99 30 53 9 97 85 
7 . 17 82 75 84 . 98 50 95 6 39 78 71 20 89 10 93 77 . 85 87 . 72 43 1 . 32 44 11 29 . 22 66 2 38 69 18 97 68 . 45 5 30 65 62 51 53 55 15 100 63 56 64 79 88 23 83 3 47 58 86 52 19 27 13 54 16 81 24 21 25 33 46 57 34 12 70 48 8 42 61 31 90 36 . 80 60 28 96 73 4 . 91 40 49 14 . 92 94 
85 39 5 78 96 . 95 48 71 4 16 47 73 89 44 84 50 . . 45 93 98 68 94 24 72 63 64 . . 42 88 15 69 29 74 67 11 92 75 86 . 23 31 20 38 82 . 27 62 61 8 91 34 43 66 55 10 33 40 . 58 18 79 87 26 49 100 46 99 70 19 6 97 59 7 13 28 37 . 77 65 30 32 35 56 83 3 90 76 . 80 60 1 12 14 36 81 53 21 
61 68 8 22 78 23 7 57 58 40 17 63 43 36 10 72 5 60 . 59 70 96 42 74 97 82 75 38 66 45 67 90 . 79 11 46 6 . 35 18 14 24 41 51 76 13 49 26 84 20 95 88 80 87 29 30 . 15 9 65 71 . 28 31 47 86 33 93 21 27 81 62 2 . 52 92 85 4 73 . . 25 12 . 16 34 . 19 54 53 32 89 94 44 64 100 48 83 56 99 
. 37 7 53 46 21 64 42 . . 45 1 98 80 91 65 . 62 68 24 11 55 81 . . 20 14 82 29 89 79 28 27 70 84 23 9 96 85 . 5 48 72 74 19 8 97 17 15 41 . 56 . 88 57 18 87 44 95 43 92 3 76 69 10 2 86 50 6 73 34 30 90 58 47 93 40 54 16 60 12 75 33 . 22 100 99 32 61 94 13 78 83 36 51 39 67 25 66 63 
11 32 . 37 93 5 77 41 67 . 98 14 57 7 87 83 79 48 69 16 26 24 . 60 96 99 20 . . 59 . 56 47 . 85 33 . 71 42 78 91 76 49 9 3 40 18 80 64 73 50 45 12 31 25 8 97 86 58 29 19 39 22 46 6 52 23 15 27 21 61 13 75 53 63 82 90 81 17 92 100 72 74 94 54 30 44 55 35 68 88 . 51 43 1 89 66 65 84 . 
41 100 44 80 71 57 10 3 7 68 87 6 25 . . . 60 97 70 93 27 45 1 63 48 14 73 88 40 . 17 52 12 37 89 31 56 43 98 29 15 55 16 94 26 92 9 64 . 91 90 23 . 30 69 36 74 24 61 34 . . . 8 82 51 28 39 62 32 22 95 66 47 49 99 . 50 38 81 19 20 78 2 79 76 58 72 65 11 67 53 18 35 84 5 33 85 83 59 
23 9 . 99 24 29 53 30 6 . 2 . 39 5 62 . 48 82 33 26 74 4 51 35 21 59 47 11 55 25 . 43 69 49 31 36 84 19 83 56 7 67 . 87 72 42 17 76 45 32 27 . 95 . 10 12 34 79 8 3 22 52 89 80 68 71 90 65 15 75 66 46 . 61 91 20 . 58 54 97 92 40 50 28 18 60 13 41 94 38 57 93 86 73 14 98 96 16 85 44 
26 63 46 55 70 . 6 71 97 19 36 . 94 24 64 9 83 77 16 99 . 23 15 62 . 21 . 98 65 78 91 68 49 41 86 12 40 53 74 42 75 13 66 32 22 87 72 14 7 100 81 44 27 84 17 4 37 . 20 89 93 79 39 60 80 34 30 . 56 90 1 11 85 . 88 54 92 3 52 28 31 48 45 50 69 35 2 67 95 73 38 61 57 . . 82 43 10 18 47 
37 15 93 . 8 41 84 18 43 77 23 73 90 97 13 78 12 24 . 70 . . 19 79 . 48 9 56 94 35 60 89 1 88 46 4 . . 27 66 44 83 33 34 59 64 14 95 99 30 6 71 57 76 75 25 82 26 85 39 67 92 20 51 31 47 68 49 32 53 . . 98 96 16 74 65 62 61 100 81 63 58 72 . 45 40 36 42 52 7 3 22 11 10 28 69 54 29 17 
. 58 28 34 59 . 60 17 95 52 18 100 64 . . 8 99 66 81 15 88 57 93 92 82 55 19 43 98 67 62 10 20 11 36 . 45 76 56 12 23 65 68 73 61 94 74 37 25 7 80 46 63 79 27 16 51 89 97 5 44 . 24 96 83 42 40 9 54 . 26 14 72 3 48 35 21 6 77 30 69 85 38 22 31 4 . 39 . 71 70 91 87 13 78 32 . 29 86 41 
49 62 . 72 47 81 . 55 74 83 3 89 17 63 71 88 78 94 26 85 76 9 59 22 84 52 57 4 35 . 56 31 . 99 21 8 79 6 . 96 46 23 70 40 . 29 67 50 13 18 37 51 66 42 19 5 20 61 30 86 73 64 . 10 65 27 38 33 48 12 11 92 41 82 60 39 25 68 95 16 44 36 1 69 24 87 98 43 77 34 . 14 93 . 32 97 100 53 . 54 
72 19 34 6 4 71 89 84 53 15 76 77 70 54 . 79 93 58 . 48 21 32 . 37 63 16 43 29 60 39 50 91 66 86 26 18 94 88 . 83 30 82 3 22 97 5 38 7 . 67 49 12 28 69 81 13 1 25 . 61 27 9 11 35 33 55 14 23 10 85 8 96 36 78 40 87 52 80 64 41 2 59 . 99 20 73 24 . 57 95 100 46 45 56 42 . 47 68 65 . 
15 11 57 1 74 13 34 70 . 60 88 24 71 76 66 56 43 14 7 54 . 68 29 . 72 85 3 80 20 6 97 38 95 16 64 75 49 26 39 81 18 47 61 93 32 27 73 . . 44 92 86 55 . 100 62 . 67 10 46 9 69 48 21 50 25 45 12 19 4 83 35 52 17 . 78 63 59 2 65 23 22 53 89 42 40 51 . 31 33 77 . 5 94 79 91 99 58 37 30 
95 23 . 57 77 80 94 45 44 91 42 . 86 49 47 34 98 46 63 33 38 54 39 36 28 64 90 15 . . 100 79 17 85 81 56 70 74 88 10 87 71 18 83 51 32 4 97 69 2 . 1 11 22 . 60 . 9 5 78 7 26 61 89 99 3 48 35 59 . 82 66 53 20 58 16 93 73 76 27 . 37 19 30 84 25 12 92 96 6 41 50 75 72 24 . 31 13 14 62 
63 94 38 31 36 9 54 6 32 51 37 . 85 92 39 . 82 44 93 29 14 95 . 27 3 13 100 28 7 75 80 53 . . 99 52 86 98 33 70 64 8 73 16 12 69 90 68 42 1 25 87 . 23 55 2 96 30 . 84 5 24 71 65 60 74 43 88 45 46 40 91 35 11 72 . . 78 59 22 67 79 10 61 15 18 49 . 50 56 66 21 34 20 4 26 77 76 17 58 
. 6 29 87 44 99 31 100 79 94 30 71 67 61 88 7 69 89 18 58 59 11 91 50 . . 24 20 64 96 28 17 42 60 68 51 21 41 38 35 1 43 . 53 45 . 47 23 . 34 15 4 8 2 5 22 39 12 66 36 55 46 54 86 77 93 85 . . 72 65 73 57 14 56 90 95 84 62 37 49 78 40 63 97 70 48 80 . 92 25 74 52 75 9 76 82 98 . 81 
80 4 83 . 25 53 97 . 45 14 . 41 42 96 22 3 15 54 72 52 36 40 48 51 93 . 23 89 5 20 63 98 39 47 . 76 78 31 29 74 90 92 77 66 33 30 13 9 11 21 85 35 60 91 46 81 56 100 75 17 16 28 94 1 58 67 6 99 44 . . 68 26 8 84 . 19 95 49 73 7 86 61 57 87 88 50 82 32 10 24 64 2 38 . 18 34 . 43 65 
38 . 99 54 3 97 26 24 25 53 66 35 5 68 21 63 58 1 4 73 69 47 33 10 51 75 71 8 6 79 16 11 72 29 98 . 76 . 82 . 2 62 42 39 89 19 81 49 61 22 12 92 15 60 78 56 30 32 50 48 . 40 36 59 . 83 . 34 93 9 13 84 100 . 27 88 74 77 14 43 87 18 52 17 86 . 31 23 55 80 20 . 28 67 95 41 44 91 70 64 
93 78 82 52 21 22 28 44 99 36 74 69 46 . 76 35 68 10 . 18 30 17 24 83 94 23 72 81 51 33 25 14 50 15 61 . . 34 5 37 62 80 100 . 85 12 48 92 . 26 2 47 96 32 . 31 66 59 11 55 60 13 16 88 1 73 . 20 65 54 89 29 9 57 98 3 4 41 97 63 86 45 67 7 43 42 27 91 58 . 71 56 84 53 38 90 75 . 40 95 
58 14 92 . 34 10 30 . 3 79 91 87 28 86 9 . 40 6 73 11 45 85 78 18 75 35 . 77 88 37 41 94 93 25 62 43 97 46 31 20 17 70 44 19 . 60 69 72 68 66 13 38 100 71 61 52 4 36 56 67 12 1 98 . 5 16 42 83 . 15 64 53 8 95 80 96 59 57 63 23 65 21 47 27 29 74 22 7 84 54 99 24 82 76 . . 26 . 48 89 
47 88 69 86 15 72 27 14 91 37 62 33 13 31 24 55 8 19 59 43 28 93 58 85 83 97 96 12 1 16 7 18 4 76 20 25 . 23 57 22 67 100 60 80 98 35 99 48 73 65 21 94 17 52 71 54 75 6 90 . 68 77 79 39 49 78 51 . 36 . 29 2 46 84 . 40 . 38 92 . 11 32 66 . 45 61 30 81 87 70 10 9 53 41 74 64 . 5 82 . 
30 31 2 44 76 77 80 99 15 71 26 68 96 34 100 18 39 53 42 22 17 56 . 64 29 . . 5 85 10 48 55 59 93 41 27 13 92 81 49 35 . 84 20 69 . 7 61 47 95 65 . 73 98 3 28 67 90 19 21 51 8 37 32 . 75 66 86 52 23 62 12 45 70 89 60 46 74 36 83 82 4 25 33 94 91 87 40 11 43 72 . 6 . 16 38 88 57 63 . 
18 8 19 64 7 55 57 29 42 54 33 94 75 23 84 74 21 5 14 51 91 82 30 100 62 38 12 40 71 36 6 . 80 65 13 63 61 27 41 31 66 59 69 10 68 86 28 . 20 3 34 50 . 58 44 78 22 16 . . 4 83 56 98 11 70 17 92 2 88 . 45 43 87 35 95 48 85 79 9 76 46 49 26 73 93 52 99 . 89 . 90 81 . 15 96 37 97 25 . 
3 21 9 65 61 93 46 78 85 22 94 49 80 25 . 42 7 33 82 97 56 64 . 43 18 10 88 48 99 26 5 13 . 30 63 71 52 57 . 17 40 87 95 2 58 4 19 90 35 59 75 76 41 24 47 . 53 81 86 45 . 34 29 77 37 . 100 11 55 14 . 60 38 79 . 98 69 72 89 6 8 54 83 70 92 28 73 44 20 51 96 32 . 39 62 68 12 36 31 23 
66 60 52 47 13 . 2 7 31 74 64 23 . . 68 1 34 92 89 61 46 49 95 8 73 71 94 97 18 43 30 20 11 55 39 17 98 59 100 50 3 75 76 6 16 57 63 33 4 83 . 40 38 93 56 24 81 80 . 85 86 65 . 14 90 87 26 19 . 77 69 32 29 54 78 . 42 25 15 62 21 53 96 67 27 41 45 79 91 12 9 10 88 70 44 48 58 51 . . 
20 43 23 26 65 17 83 . 21 12 28 60 14 46 27 82 25 67 . 53 90 59 69 24 55 11 10 78 49 97 61 19 18 100 1 73 47 85 87 . 41 39 52 45 44 2 70 91 57 . 30 84 . 95 . 74 72 38 88 76 48 93 34 62 63 . 7 75 22 79 94 16 71 68 81 89 15 96 99 42 51 35 . 6 5 33 . 13 92 9 29 . 32 58 50 86 98 77 36 31 
. 73 30 18 19 . . 39 24 72 43 11 54 52 42 45 57 88 92 5 89 84 17 32 64 34 65 41 23 66 76 75 85 53 47 7 28 38 2 69 21 . 67 27 90 48 16 10 93 . 70 22 98 15 . 100 14 50 79 74 77 61 6 68 51 8 99 60 94 36 9 87 37 . 86 4 78 31 81 80 . . 71 40 83 63 . 59 49 91 1 35 44 12 46 3 55 33 95 13 
. 49 72 20 67 31 11 12 . 73 1 15 23 21 93 22 80 75 35 42 62 58 70 28 . 63 6 69 25 95 90 83 94 . 59 64 34 . 40 77 56 41 88 50 84 24 57 55 29 . 38 39 52 18 14 26 47 3 76 32 54 74 19 . 66 89 13 36 87 . 53 51 96 44 45 85 8 43 46 4 16 99 . 97 65 81 82 17 48 61 92 . 37 7 100 10 30 86 68 98 
67 45 55 17 95 38 . 36 12 20 14 65 49 87 3 85 66 63 29 4 79 16 86 75 53 . 64 42 57 54 24 72 . 90 19 40 51 56 77 48 . 9 80 91 50 22 93 44 76 82 32 100 2 94 13 . 98 23 84 7 28 78 60 . 69 21 58 61 99 59 73 8 97 92 74 83 . 5 . . 62 11 81 88 37 39 6 1 46 . 43 71 33 15 18 47 70 96 10 27 
59 24 35 25 1 3 19 22 9 75 58 44 53 74 26 . . 41 45 78 48 13 2 87 66 57 99 27 63 80 15 . 83 . 55 90 85 94 89 82 79 95 91 97 37 47 52 100 8 23 4 36 71 70 . 14 17 39 92 88 29 5 67 34 20 11 96 98 64 60 16 56 62 32 12 46 50 69 . . 68 81 54 31 30 7 . 84 76 . 65 18 10 . 33 61 86 49 93 73 
90 72 76 42 55 . 58 26 93 41 63 52 38 14 49 54 13 3 99 89 39 77 73 7 . 36 56 19 43 40 59 23 . 97 17 11 57 78 66 71 . . 30 95 9 10 . 34 5 . 51 24 46 33 15 6 48 47 83 82 . 100 70 28 92 98 32 81 12 20 80 85 94 16 79 25 91 1 29 96 . 67 60 18 64 86 21 88 74 4 69 31 . 68 53 35 62 87 8 75 
14 93 91 51 94 89 17 52 66 80 5 95 20 16 36 50 85 . 11 81 57 97 18 44 74 30 54 60 12 47 46 39 37 59 15 77 41 79 22 33 . 64 87 24 6 90 . 21 96 98 9 2 61 19 92 70 32 62 99 25 43 38 72 27 34 . . 42 35 28 . 58 23 . 55 100 56 7 83 86 63 3 13 73 26 8 78 65 53 45 . 49 67 . 48 4 71 . 1 69 
89 84 43 . 45 1 79 85 13 65 21 27 9 67 37 23 74 32 94 34 71 78 64 15 . 87 77 99 3 30 81 60 7 2 . 88 92 51 96 28 63 4 38 100 95 14 25 31 . . 35 98 70 20 83 57 36 40 17 66 80 54 97 29 75 90 93 72 18 50 52 42 82 19 73 61 53 10 . 24 48 55 46 86 68 47 76 58 . 41 91 44 62 33 59 8 11 69 . . 
74 54 60 96 62 37 . 67 70 98 79 . 63 29 78 81 27 . 65 25 68 80 50 56 14 77 . 9 76 23 86 33 88 34 42 91 . 2 51 57 82 31 45 1 36 85 95 41 26 87 47 43 35 59 89 19 90 75 22 12 64 . 92 30 94 72 73 10 28 5 39 40 69 49 53 15 83 . 8 17 13 100 84 44 32 . 11 97 52 18 . 16 21 55 71 7 24 20 . 93 
39 67 78 93 49 8 47 11 98 81 31 . 72 6 15 52 16 25 61 . 83 3 9 . 57 42 41 75 77 94 18 44 14 51 53 85 7 1 46 23 73 68 74 65 48 36 60 86 80 29 69 . 32 27 . 37 19 17 45 . 95 99 87 2 89 10 12 62 90 58 84 100 20 55 21 33 66 92 5 56 88 70 24 35 28 82 38 63 . 79 30 . 71 54 . 34 . 4 22 50 
57 56 18 8 88 . 67 2 83 46 . 25 . 73 94 49 76 98 3 90 72 79 5 . 37 . 82 85 45 42 1 . 81 63 66 100 48 12 11 80 26 58 40 68 24 34 64 52 31 38 22 62 14 55 33 17 6 27 32 92 89 96 43 74 28 . . 91 47 29 35 78 60 99 87 . 51 . 65 69 50 41 7 9 59 53 70 10 97 77 54 86 20 95 23 36 21 39 61 15 
5 91 . 50 87 73 1 49 4 78 55 7 52 98 43 71 70 . 32 94 20 44 3 31 11 62 . 84 48 9 8 . 74 46 30 13 65 61 86 36 6 16 96 79 67 82 15 27 72 58 68 80 . 25 60 45 29 14 28 64 56 37 88 97 40 95 76 51 63 57 92 . 21 26 54 75 35 . 12 59 10 17 93 100 41 69 81 . 22 2 34 23 . 77 19 33 . 89 42 24 
79 18 11 14 12 70 45 . . 99 7 32 60 19 41 95 37 29 84 80 77 21 82 76 15 27 89 . 50 1 20 30 40 . 33 . 44 39 68 52 96 98 71 69 42 73 22 51 23 93 54 67 9 3 49 43 . . 2 59 65 47 78 55 . 63 35 53 . 17 75 26 81 86 34 8 88 . 28 64 6 74 100 24 62 46 66 90 85 36 5 25 31 61 58 72 16 92 87 83 
64 16 26 85 . 58 20 93 76 . 92 53 56 39 50 62 90 7 67 98 4 22 96 . 71 25 8 73 . 61 51 69 10 21 78 1 38 68 49 27 55 91 15 . 14 44 11 32 59 . 86 29 34 5 88 75 80 84 94 9 66 48 47 40 43 23 77 63 82 95 24 52 31 72 . 13 70 17 30 12 97 28 87 . 74 65 19 100 . 46 36 37 . 3 54 81 2 42 79 18 
69 48 24 38 . 4 55 65 26 . 84 51 35 66 31 27 17 64 52 63 44 71 72 57 68 7 40 50 . 12 14 85 89 28 87 29 . 97 . 47 54 33 90 67 39 81 83 62 22 92 . . 45 11 . 9 86 41 77 70 46 82 93 53 32 20 37 21 30 74 5 1 . 73 96 2 3 100 94 58 36 60 79 78 88 10 25 16 56 19 15 76 98 34 . 6 61 23 75 8 
42 98 25 13 69 44 8 32 59 35 . 29 82 79 61 91 . 76 . 100 54 62 97 89 52 47 80 39 31 74 37 15 38 81 72 55 12 . 24 88 45 46 9 84 96 33 56 22 83 11 20 95 5 21 . 50 57 99 71 58 78 16 75 18 7 92 36 64 4 65 . 6 93 77 14 51 1 53 70 67 85 . . 66 . 17 41 87 10 86 94 2 49 23 3 . 27 30 26 60 
43 10 100 . 85 95 88 19 38 13 9 3 58 1 . 61 6 26 2 . 37 60 . 59 81 17 74 93 87 70 89 46 62 50 97 35 71 82 32 65 48 53 92 . 86 15 . 57 18 40 79 73 78 36 28 . 68 94 63 30 76 12 49 5 45 66 83 . 14 47 . 55 16 34 51 27 67 98 7 99 96 42 39 20 4 44 72 56 41 24 8 11 54 64 90 . 25 84 23 52 
9 69 32 73 52 78 38 . 30 96 44 4 55 99 65 51 72 100 66 17 7 33 63 34 60 95 91 62 8 18 93 3 36 19 24 41 88 14 25 58 74 . . 92 64 39 . 46 . 37 71 53 29 50 20 76 5 87 23 31 2 57 85 75 84 . 59 68 . 83 98 27 86 13 6 43 79 . 67 61 28 15 11 . 1 80 42 48 40 22 47 97 . 21 49 70 45 35 54 26 
. 96 . 16 84 88 42 28 . 59 47 46 91 55 5 10 92 51 62 21 3 75 26 20 2 90 81 79 93 100 83 63 71 33 . 45 66 4 18 97 50 94 19 52 80 . 6 69 44 99 58 74 31 35 86 53 12 49 . 8 . 29 73 36 9 41 56 38 7 87 78 24 40 85 61 77 34 15 60 70 30 1 . 14 17 89 54 95 . 48 76 65 11 98 25 37 72 43 32 . 
86 28 39 19 . 34 73 . 46 18 24 79 . 32 48 26 33 30 53 69 97 27 88 70 4 31 67 44 82 49 45 51 54 64 90 83 20 3 78 13 . 63 12 72 8 74 66 98 91 17 89 16 84 65 87 95 . 35 29 41 40 68 . 38 81 22 . 52 75 56 71 43 . 94 77 . 6 37 9 55 1 10 21 25 7 . 57 14 23 100 60 85 96 99 80 93 59 62 5 36 
54 80 41 32 31 11 18 21 23 . 49 66 88 2 12 . . 73 27 60 . 94 100 17 79 76 84 68 13 65 72 97 78 . 92 . 58 81 . 87 10 50 47 14 99 7 98 36 71 86 1 26 6 89 67 85 59 95 55 38 45 42 . 37 4 69 20 30 24 8 74 90 . 9 22 44 62 33 40 15 53 82 . 5 96 19 29 64 43 93 61 77 39 83 34 75 52 46 3 70 
21 40 15 2 37 18 62 69 20 10 13 96 29 77 58 60 94 50 98 44 67 28 12 90 85 22 5 33 72 92 . 74 . 36 51 42 35 . 99 . 25 7 . 86 100 49 78 81 41 84 48 . 93 61 70 83 79 19 54 11 47 71 9 66 56 64 39 46 91 43 4 57 34 27 23 52 31 . . 76 80 68 6 38 14 . 88 24 . 65 53 59 8 89 87 17 73 26 16 45 
