100
16 67 25 21 . 5 19 . 24 46 96 28 43 31 34 18 81 58 90 38 86 98 . 60 47 53 7 91 75 9 61 8 83 17 59 35 87 . 23 . . 3 . 82 56 64 36 44 70 1 27 72 12 39 . 100 51 84 29 . 79 88 22 66 10 . 32 33 37 40 42 99 55 78 95 6 97 71 48 2 89 49 65 13 85 30 50 69 80 15 62 94 11 76 77 4 20 68 57 45 
. 3 . 40 67 83 66 . 48 70 30 6 14 69 38 71 21 59 92 91 73 . 36 76 99 57 26 82 . 77 96 45 54 85 10 55 88 68 74 28 64 89 56 86 87 39 12 61 52 . 23 1 8 4 50 46 9 51 81 58 . 78 20 97 41 35 29 84 18 49 16 31 . 93 98 80 47 7 22 90 13 34 17 62 27 . 75 33 24 2 43 72 100 . 53 19 37 65 25 5 
72 95 26 42 . 3 60 43 46 22 11 66 30 27 56 63 . 92 . 2 97 51 79 37 55 89 24 75 31 36 10 41 15 28 82 29 9 85 84 81 80 . 12 32 91 18 74 78 35 14 48 83 . 38 8 16 20 39 99 6 61 . . . 98 50 62 1 . 25 69 4 13 77 67 . 44 40 52 64 21 68 86 76 71 19 53 94 100 49 58 54 87 7 65 34 88 23 45 70 
96 81 79 16 73 56 44 68 88 25 50 23 10 11 57 91 86 60 . 34 9 35 93 85 62 84 . 70 13 67 19 75 1 38 94 3 54 26 83 98 24 87 . 15 29 49 82 90 31 66 52 97 53 8 46 . 22 . 69 78 59 27 6 47 77 2 5 39 36 92 30 43 32 . 37 100 4 18 55 41 12 . 28 58 . 17 . 74 89 63 33 40 61 . 7 45 21 72 65 48 
97 . 55 38 15 41 85 81 58 35 92 93 23 17 89 84 90 21 . 11 20 18 33 88 66 87 69 . 83 96 34 61 12 79 6 82 36 . . . 71 9 24 51 100 76 57 19 2 25 22 27 4 43 78 63 . . 46 45 72 59 . 5 3 39 67 49 26 48 40 75 73 53 91 32 1 98 65 68 54 16 50 . 86 7 47 37 14 95 10 99 74 64 80 44 31 28 52 62 
98 39 30 60 5 52 32 67 35 9 31 63 65 10 44 43 33 90 74 53 81 66 . 28 6 79 92 58 46 82 77 22 . 69 7 4 97 15 34 49 38 76 75 68 . 80 21 47 19 85 . 36 78 37 . . 24 . 64 96 11 . 87 89 29 62 59 57 25 73 13 3 91 50 48 41 93 17 54 72 86 70 . 26 83 16 27 84 88 8 61 55 56 18 42 94 . 2 100 14 
44 69 66 57 23 65 100 99 16 1 80 81 50 21 6 37 91 87 43 13 3 9 77 4 70 18 15 34 19 . 97 33 46 20 63 26 71 . 30 74 58 32 93 7 17 94 53 41 45 62 73 51 . 40 . 61 42 2 31 . 22 60 . 98 12 72 38 29 89 59 86 68 75 55 5 47 36 27 95 48 78 . 76 52 11 82 85 54 10 . . 84 67 25 83 49 90 96 . 79 
79 91 16 27 90 20 43 71 57 30 62 8 36 37 35 76 53 75 41 85 . 44 25 52 80 . 17 89 18 49 95 81 . 56 26 99 66 84 42 51 72 38 100 . 78 59 31 15 10 22 60 5 54 68 67 24 93 14 6 74 4 32 11 61 . 29 47 2 63 86 3 19 . 34 . 77 58 13 39 . 83 45 33 28 21 69 40 . 73 64 82 88 23 55 . 97 92 48 70 12 
50 32 19 52 93 90 58 13 26 81 63 25 84 82 94 29 3 . 61 30 1 21 11 . 67 71 85 43 33 99 . 91 . 47 18 12 6 51 69 . 35 88 38 20 . 75 7 86 36 . 9 28 23 45 80 92 49 65 34 14 73 . 41 64 78 5 55 46 53 56 . 48 60 87 96 22 24 10 31 . 97 40 66 59 17 79 98 76 54 100 57 70 83 68 2 8 4 42 39 27 
57 75 42 33 79 . 55 46 31 38 7 1 17 3 92 81 78 12 19 84 39 10 29 40 . 6 59 35 . 56 8 36 80 43 9 34 99 18 66 11 51 13 45 89 2 74 97 . 47 . 49 32 25 82 15 . 28 37 85 30 16 48 73 88 67 83 96 98 . 23 77 . 4 62 . 95 64 20 69 71 70 52 68 60 90 14 72 26 65 94 63 5 22 . 50 87 86 53 44 91 
71 . 73 44 49 36 9 26 . 80 13 85 59 . 64 31 11 29 16 . 23 65 76 47 7 72 10 55 84 4 32 3 14 18 89 79 83 22 67 86 . 39 57 2 5 8 94 48 82 78 54 21 38 92 58 1 27 19 20 75 81 . 90 95 62 63 74 93 52 91 45 66 69 96 53 33 68 . 12 15 35 77 60 46 . 6 51 98 97 37 56 24 28 88 43 . 25 70 . 17 
86 9 10 6 96 46 3 2 8 45 18 21 28 . . 38 44 65 76 77 75 1 7 90 . 85 50 15 24 . . 70 63 37 97 78 4 31 71 12 5 20 73 30 74 93 23 35 . 72 43 48 64 67 34 33 79 11 26 98 58 16 56 60 27 69 . 91 39 55 29 36 47 81 62 54 51 95 61 . 100 13 . 66 68 89 41 14 40 82 42 57 59 49 22 . 19 25 84 83 
30 68 39 63 12 43 86 94 96 49 . . 83 84 82 1 4 51 . 74 24 75 10 15 . 16 71 5 100 73 53 69 93 31 . 85 67 45 91 29 9 . 50 64 18 . 38 80 7 59 88 34 98 3 27 35 33 72 61 60 17 8 46 81 89 48 41 20 87 2 62 26 . 6 79 52 95 54 23 42 11 66 58 25 57 65 37 90 32 36 78 76 47 13 19 70 . 14 55 . 
5 26 21 67 41 75 79 45 50 65 36 17 48 35 90 74 68 63 54 16 87 88 38 82 97 62 46 . 51 64 7 6 . 13 43 . 12 83 39 25 23 19 89 49 44 95 55 20 57 98 94 84 60 22 71 . 10 69 . 4 1 80 100 15 99 18 24 28 85 42 53 93 70 3 8 66 14 73 9 37 77 27 47 92 58 76 33 40 30 29 . . . 34 96 78 . . 61 72 
19 34 . . 13 . 8 53 72 84 2 51 7 14 79 70 92 . 68 65 35 46 94 83 10 32 99 81 57 54 48 87 71 45 28 6 82 27 41 67 18 29 60 24 50 66 3 21 93 33 100 78 31 85 43 95 . 98 97 56 39 86 1 4 58 55 22 23 80 16 49 17 25 59 40 26 . 37 74 9 20 42 91 . . 96 11 30 . 89 76 47 77 63 75 69 73 . 5 90 
85 . 64 75 69 87 50 . 60 44 86 36 . 30 15 57 79 74 7 12 . 55 41 24 . 33 47 . 99 88 18 2 59 61 90 76 1 94 82 10 91 67 25 6 11 35 . 39 72 54 46 62 92 51 100 52 98 32 42 49 65 9 81 53 4 22 71 5 83 66 20 40 63 70 23 97 17 89 . 13 . 96 14 16 38 56 80 93 31 68 8 28 37 73 34 77 84 43 . 58 
3 36 60 37 . 69 54 70 93 58 32 . 31 53 27 92 25 24 51 72 29 71 55 45 96 44 67 59 49 7 74 5 23 . 68 17 35 47 19 40 21 99 28 83 30 63 8 38 62 97 . . 34 78 . 89 56 42 94 48 . 77 64 91 57 11 86 85 12 . 66 15 43 33 13 79 90 . 4 82 22 76 88 41 46 1 . 2 52 87 81 95 10 6 98 75 9 16 26 20 
4 99 45 47 32 40 15 3 . 69 24 18 53 57 . 56 8 35 72 . 44 74 1 71 14 60 54 83 6 13 58 68 50 67 46 100 91 . 31 85 77 61 79 92 64 . 86 87 96 5 39 98 . 93 84 48 52 7 37 65 26 49 33 70 95 75 63 17 23 41 81 9 29 66 . 11 22 82 73 34 30 19 43 55 16 28 62 25 2 90 38 20 . 42 59 80 78 . 97 . 
13 94 50 . 52 10 72 96 . 71 8 79 99 . 18 9 55 49 34 45 4 24 87 95 19 7 5 14 89 30 40 . . 57 3 . 33 62 6 61 82 43 36 42 41 37 11 83 29 65 35 12 70 84 88 85 21 17 75 90 23 66 31 44 1 47 26 48 86 78 51 25 54 91 2 . 60 81 16 . 58 20 92 100 93 80 73 22 15 27 39 38 . 28 32 46 59 63 56 . 
80 14 72 96 88 . 57 11 94 . 44 56 . 61 65 53 24 16 26 70 100 86 4 1 46 36 . 22 55 20 66 54 13 63 29 38 7 90 . . 68 . 17 9 97 25 83 . 58 21 98 73 76 91 6 2 89 40 . 41 85 50 93 31 35 3 23 78 42 19 60 18 10 47 30 15 84 48 67 75 71 62 45 34 8 . 64 82 27 12 77 49 99 5 92 28 81 95 69 39 
26 73 58 70 85 11 . 90 68 33 5 37 16 98 39 30 12 56 83 20 59 48 . 13 49 35 27 50 40 86 92 66 . 51 34 89 38 . 62 63 54 77 1 8 10 97 87 57 94 88 75 15 32 47 . 81 80 36 65 29 45 95 . 46 71 67 76 64 7 93 . 91 21 23 25 31 . 84 . 28 14 78 69 6 9 100 79 . 96 55 52 42 44 72 74 2 24 60 17 53 
67 11 83 3 89 . 99 37 52 87 91 92 58 68 . 21 9 79 98 42 94 85 56 51 61 38 55 74 70 50 78 31 88 76 35 95 62 19 15 84 20 64 2 4 49 41 29 30 18 . 17 100 57 27 86 5 96 48 63 . 10 23 25 82 66 . 54 36 . . 39 13 12 . 90 40 26 77 72 81 43 33 53 44 65 45 24 8 46 73 . 93 80 97 47 . 16 71 28 32 
76 65 35 43 78 62 13 88 . 59 . 75 61 66 32 36 84 41 63 33 74 68 28 48 . 4 49 100 97 . . 30 18 16 27 47 86 95 96 70 99 93 91 72 37 89 85 56 12 67 24 19 . 87 2 6 94 25 80 71 . 73 5 57 39 . 7 40 . 83 11 44 9 98 26 14 20 31 90 77 46 60 . 64 29 23 1 38 45 53 51 34 58 10 15 21 55 17 42 50 
. 15 92 1 . 77 17 6 20 89 67 96 81 91 73 82 63 30 78 39 60 41 49 . 83 80 88 54 29 90 55 18 37 93 45 66 65 16 . 38 . 25 23 53 24 47 10 32 . 27 71 42 33 9 44 62 48 13 87 31 12 52 97 68 26 . . 95 51 98 59 79 85 58 35 2 . 50 94 7 84 61 99 . 28 57 19 3 70 5 72 100 75 69 36 76 34 21 11 40 
36 28 2 32 . 44 31 8 5 75 83 50 49 20 61 93 97 48 55 67 34 17 24 43 42 . 11 16 . 81 90 60 99 73 53 45 15 80 47 54 22 46 58 23 82 57 70 72 79 94 56 . 62 69 38 65 19 33 4 64 37 91 84 30 . 21 39 10 13 63 76 . 6 41 . 92 35 14 27 40 . 59 87 89 3 51 26 . 9 74 29 . 25 100 71 95 96 98 88 52 
55 57 89 93 48 61 2 63 . 16 66 40 62 45 . . 83 15 9 23 70 . 65 . 11 86 75 76 21 25 33 42 64 54 52 20 37 30 1 43 . 14 31 81 35 87 . 53 71 36 58 77 59 29 94 79 12 . 91 19 67 13 51 17 . 82 3 69 27 96 80 74 49 24 97 28 41 72 56 47 5 . 38 18 26 8 92 32 85 6 34 44 4 95 88 84 98 73 50 68 
1 93 68 100 99 95 10 17 79 14 51 35 27 78 . 20 72 . 44 31 . 40 90 . 16 . 66 86 2 . 9 39 . 87 81 84 58 65 88 . 89 91 42 . 59 34 41 33 5 47 7 49 85 50 62 36 63 53 21 77 48 43 37 28 11 25 45 71 73 94 55 54 15 26 24 98 32 52 38 76 74 4 64 82 13 12 3 75 8 23 6 . 70 56 69 61 97 92 18 96 
82 100 59 65 . . 1 79 3 56 54 12 91 15 70 78 36 38 50 . . 57 . 20 53 93 43 . 44 24 68 40 21 5 69 90 51 96 85 47 76 8 71 17 9 . 52 55 60 18 62 39 77 6 48 83 . 67 16 88 27 64 23 26 72 61 58 37 34 28 84 73 86 11 87 13 25 46 . . 49 2 10 94 22 74 89 97 33 14 30 32 66 31 95 35 41 80 4 29 
63 13 . 23 91 67 95 31 36 41 45 48 54 62 . 50 98 26 77 . 25 52 51 93 86 14 . 11 69 . 83 7 75 64 . 40 20 74 87 66 81 55 90 100 79 28 44 10 3 58 53 6 43 1 9 22 92 38 . 5 70 46 78 65 2 57 85 60 94 27 72 49 30 97 39 . 73 12 71 56 82 29 4 . 24 37 18 16 99 96 17 89 15 61 21 88 . 34 8 35 
48 64 74 . 39 81 68 40 95 . 77 76 78 43 63 6 26 3 45 19 42 47 . 46 91 13 44 97 65 98 94 86 5 35 84 21 34 . 50 73 62 54 66 33 14 85 80 79 69 . 10 87 56 25 12 30 1 9 22 55 . 4 96 99 37 16 2 15 . 82 71 58 92 . . . 52 90 29 88 41 28 59 67 75 72 61 51 53 7 27 11 36 38 70 83 18 57 93 8 
68 . 36 26 22 47 83 14 76 63 10 90 75 93 81 95 . 78 48 88 89 49 21 39 45 9 3 66 20 . 69 58 56 59 23 13 17 . 5 . 33 71 92 31 12 . 35 64 . 38 91 8 40 65 24 32 25 99 60 82 29 55 77 18 74 53 . 97 41 46 94 80 100 4 86 1 61 15 70 30 27 79 51 96 . 98 34 11 7 67 . 37 52 57 44 42 50 84 54 85 
89 80 34 45 82 22 12 51 19 28 84 14 . 71 98 49 35 5 93 62 63 . 67 . 31 76 37 29 36 15 85 64 3 10 40 . 21 55 81 94 53 74 78 90 68 . 73 2 56 61 33 4 16 54 25 26 65 . 13 47 83 72 18 41 48 7 97 9 96 95 17 87 58 8 57 86 . 60 32 50 99 . 1 27 59 . 100 . 66 38 11 30 42 70 6 24 43 39 46 23 
22 . 95 51 9 64 48 69 49 60 . 58 55 . 100 11 . 80 6 . 19 30 81 7 18 70 65 84 54 40 20 29 89 72 8 25 50 82 36 78 74 66 37 75 39 15 . . 76 92 85 . 90 83 47 27 2 86 79 26 88 61 28 87 32 23 46 41 . 13 98 94 56 43 71 99 21 45 68 5 17 53 16 42 35 44 57 59 93 1 96 97 91 62 10 . 3 67 12 24 
14 35 17 97 4 96 40 80 43 . 65 10 72 38 69 . 99 67 75 1 98 29 82 8 92 . 73 36 34 23 25 59 28 46 . . 85 53 100 58 2 62 55 52 93 22 54 71 11 20 26 90 74 . 49 21 18 3 95 . 7 31 27 39 51 86 60 12 44 84 9 47 61 16 76 78 81 30 50 6 91 57 79 56 . 68 94 89 63 42 5 . 45 33 37 13 48 . 15 88 
43 62 71 54 70 39 47 50 29 57 99 4 80 58 31 23 32 18 14 86 65 69 13 11 30 51 48 64 94 87 88 35 79 34 38 92 . . 52 68 59 27 15 85 16 72 22 67 20 60 40 . 66 33 75 90 . 6 . 44 95 26 9 19 76 93 21 . . 100 25 63 . 42 81 10 78 96 28 8 2 12 41 17 73 97 74 49 98 77 46 . 53 3 . 55 83 37 82 84 
45 2 . 69 46 . 96 . 66 68 33 100 47 . 91 . 14 34 25 17 67 43 20 63 4 50 57 73 74 5 65 84 . 90 93 22 56 58 16 79 12 30 49 99 53 98 15 . 81 35 51 26 9 11 19 64 41 71 1 80 32 29 62 21 . 92 95 42 59 37 88 27 52 . 54 48 7 76 18 61 94 36 77 72 87 39 . 6 55 44 31 85 78 75 23 10 40 8 38 3 
2 47 98 95 . 21 91 86 30 . 40 62 63 19 23 97 22 28 84 81 79 89 39 . 68 29 . 80 48 10 71 17 61 41 77 58 73 100 38 96 88 . 83 . 26 1 66 65 . 45 15 . 11 75 52 93 74 31 82 35 9 54 . 25 18 90 42 92 . 44 70 69 34 85 36 24 57 8 76 87 50 43 27 12 60 3 59 4 56 16 94 51 46 37 72 33 14 5 20 99 
62 87 43 25 3 24 20 95 . 72 23 54 . 90 74 89 75 91 . . 66 34 88 79 39 99 41 93 92 52 30 . 49 29 83 53 13 38 77 69 36 51 65 44 76 6 . 5 55 82 1 96 97 42 68 70 14 56 48 21 57 81 85 16 50 37 15 73 45 17 . 11 84 63 9 19 98 26 58 78 28 . 46 80 33 67 . . 94 32 100 7 60 22 31 40 64 86 35 10 
23 22 32 94 2 78 56 28 65 79 21 41 . 63 13 35 1 7 37 6 . 97 . 57 95 59 64 38 10 8 72 82 77 49 55 61 100 75 9 4 73 58 5 40 52 17 48 46 34 53 3 33 15 89 92 . 43 87 11 70 68 76 24 29 85 66 88 . 16 . 83 98 19 54 51 81 96 42 84 26 67 47 25 69 14 91 30 99 . 71 45 . 93 20 . . 80 36 62 74 
93 70 91 10 . . 36 48 13 40 75 3 2 26 50 . 71 11 65 57 47 60 16 33 87 15 14 72 81 29 84 27 98 62 37 5 42 61 4 100 52 96 86 76 28 78 56 77 67 99 . 38 95 18 63 88 35 30 53 1 69 94 . 20 45 54 79 59 68 90 41 92 74 73 80 39 9 97 44 12 6 85 49 . 82 . . 66 25 22 21 58 55 . . 23 17 24 7 51 
8 . 88 90 14 38 87 1 25 42 100 46 20 92 53 33 66 93 69 55 51 62 23 3 58 12 61 40 . 41 60 13 82 68 30 81 49 28 80 76 6 83 19 73 71 . 77 24 91 57 . 75 52 21 99 . 36 . 98 34 89 47 94 . 15 . 17 79 56 . 74 32 11 65 70 50 31 44 45 54 16 63 85 95 48 2 43 64 22 97 35 . 5 67 26 72 39 78 86 4 
12 7 9 35 80 45 52 15 77 92 16 38 3 36 62 85 65 23 . . 50 79 17 66 94 . 13 78 86 89 1 11 40 82 95 46 . 34 61 . 27 . 8 . 47 83 24 18 88 90 76 10 91 99 60 55 30 54 100 . 98 68 53 96 28 58 6 67 71 74 73 2 97 21 59 37 87 33 81 . . 64 29 5 31 4 25 57 72 39 44 48 26 14 41 32 69 20 75 19 
20 23 53 . 16 8 27 72 10 39 . 29 52 18 40 69 57 37 42 93 78 25 30 9 1 47 28 17 22 100 82 19 31 33 88 59 63 54 98 6 13 86 97 . 3 45 . 92 43 46 68 41 58 90 89 15 66 . 12 81 24 . 35 32 64 . 99 44 2 70 . 60 76 7 84 62 5 56 51 94 34 21 74 4 79 75 55 50 26 48 83 14 73 65 11 . 67 87 . 61 
78 8 61 79 56 54 59 16 42 96 69 5 11 22 41 13 80 6 47 43 64 72 . 65 100 82 31 25 66 93 51 97 67 36 44 30 . . 12 . 50 84 29 71 27 24 76 99 33 74 89 46 26 57 3 75 58 . 7 62 92 98 52 73 17 14 70 4 21 . 34 . . . 85 23 86 87 88 18 38 94 90 15 10 55 63 39 28 40 37 53 9 19 68 48 77 91 . 49 
54 . 93 . 57 9 62 . 100 . 94 61 . 24 19 73 52 71 . 5 76 56 74 17 33 2 63 88 78 32 6 44 27 1 75 98 22 59 79 53 3 26 81 84 31 55 25 69 28 50 45 65 29 34 64 37 . 46 39 72 38 12 30 85 70 36 . 80 90 68 14 16 77 . 89 58 66 4 8 20 40 87 67 11 51 47 23 48 13 83 7 43 18 96 99 . 49 97 41 42 
27 84 97 36 . 66 33 18 7 43 98 82 38 12 59 4 87 73 91 37 85 39 99 29 71 83 23 . 58 76 62 50 42 26 17 88 . 1 70 9 . 34 52 60 86 5 16 22 51 . 81 69 100 31 30 40 61 93 47 11 78 75 67 . 6 56 8 24 48 80 46 57 41 68 . 74 92 64 35 63 55 3 . 53 32 15 14 72 77 . 28 25 21 . 94 79 13 54 95 2 
31 55 46 48 61 6 23 59 32 62 87 34 66 77 72 47 64 . . 79 12 83 14 50 74 43 100 95 68 17 44 24 94 . . 9 10 86 35 91 69 90 88 22 81 56 78 60 38 39 18 53 63 80 65 . 8 16 45 57 2 89 36 3 13 42 98 . 11 54 21 20 28 25 73 30 33 . 37 99 15 71 97 40 7 5 96 27 29 . 19 67 92 41 . 58 52 . 51 1 
70 10 8 . 55 71 18 42 28 97 17 . 46 65 93 45 6 9 88 24 99 87 22 16 29 41 53 12 26 38 47 52 76 23 15 60 68 48 27 31 66 . . 95 . 7 5 73 63 11 96 35 2 98 . 91 34 62 77 54 . 85 4 83 40 100 72 13 3 58 56 . 20 74 43 . 49 25 57 51 44 1 80 37 61 59 32 . 82 19 86 36 79 21 14 39 89 30 64 78 
. 29 5 81 71 79 28 24 38 23 3 43 9 54 25 88 18 85 66 47 . 80 62 30 22 65 86 6 96 74 76 . 7 44 87 39 59 36 . 77 95 48 34 27 . 69 32 91 61 89 97 52 82 41 42 53 16 26 93 2 94 40 55 84 46 8 14 31 75 35 68 37 . 12 45 4 67 49 100 58 98 50 . 57 . 83 70 63 . 10 13 78 20 15 1 60 11 90 . 73 
64 17 85 53 97 76 . 55 2 77 74 98 100 75 . . 37 32 71 48 10 15 43 12 72 96 . 1 42 58 22 21 19 81 31 67 70 29 60 39 84 35 61 47 . 26 59 7 24 4 65 63 49 16 95 68 50 18 86 9 . 33 14 69 . 78 87 94 6 5 91 23 27 30 82 . 79 83 46 44 . 8 11 45 56 41 . 73 62 57 99 3 90 66 25 54 38 13 34 80 
69 31 . 17 27 37 73 12 74 100 68 84 4 64 10 39 29 43 79 97 77 23 95 32 93 48 22 60 3 83 98 . 33 53 78 8 75 99 56 . 90 40 67 61 51 30 88 . 49 28 11 . 14 44 . 18 . 41 50 . 66 96 86 1 7 19 91 89 62 15 26 46 . 80 52 65 76 16 92 24 9 82 94 38 55 21 5 81 58 13 . 71 6 45 63 85 42 47 2 57 
29 78 . 50 72 18 46 57 51 95 38 19 76 . 33 40 34 45 . 8 27 58 68 53 56 90 4 87 . . 73 77 24 11 74 16 80 12 64 37 . 17 70 65 . 61 26 . 97 30 5 81 69 100 28 44 55 75 83 84 25 14 98 54 20 85 89 . 9 52 67 10 23 22 60 93 91 6 59 35 47 99 42 39 43 88 13 62 92 86 36 96 41 . 3 82 2 7 63 31 
. 50 96 56 21 1 22 29 17 98 48 60 57 . 83 61 62 89 70 25 15 92 12 31 79 81 97 . . 46 26 37 11 39 20 2 93 91 76 5 44 7 87 38 54 3 28 6 86 95 84 82 67 94 51 9 45 . 55 59 42 10 47 77 63 49 33 . 40 88 90 24 14 52 41 64 72 23 . 74 4 69 13 36 34 . 58 19 . 43 16 . 35 80 27 53 66 85 99 71 
39 59 57 99 20 14 35 . 90 61 46 16 12 25 48 66 7 . 27 71 68 100 47 42 26 95 89 24 50 11 81 . 86 96 41 . 78 9 53 33 63 15 30 21 38 92 98 28 44 51 67 91 88 58 69 19 70 22 . . 13 79 65 56 23 97 10 75 82 8 85 55 2 . . 43 . 3 80 32 60 31 5 74 40 84 6 18 87 34 1 62 29 4 49 . 45 52 36 64 
. 82 100 . 29 2 30 91 98 . 6 88 18 9 51 15 41 . 64 10 96 70 58 49 48 5 12 79 38 37 39 56 34 78 50 69 . 92 75 27 57 95 68 . 90 42 43 93 32 80 77 25 89 46 54 28 4 47 84 17 21 45 66 40 . 73 1 86 67 . 22 53 . 14 63 72 99 85 33 59 36 11 8 23 62 26 31 35 60 20 71 19 . 94 52 7 61 3 81 44 
73 . 77 72 95 48 21 93 87 13 25 20 6 51 8 80 82 99 11 18 31 26 78 2 9 100 79 94 28 68 63 . 41 83 12 96 57 52 86 35 37 81 76 45 43 53 39 89 90 19 66 . 7 74 . 58 71 29 24 36 55 70 69 42 97 34 64 . 60 33 4 30 . 44 92 . 85 65 . 27 . 10 40 3 67 54 22 61 50 84 88 23 14 16 91 15 5 32 59 . 
88 42 62 2 50 89 63 10 82 3 . 31 68 85 11 77 48 64 59 26 . 90 9 23 69 30 21 71 76 19 87 57 32 80 79 1 94 7 . 95 15 5 . 14 58 33 51 74 84 34 . 29 65 13 16 72 40 73 70 . 99 93 45 24 75 96 100 25 92 39 36 . 18 67 61 12 43 35 20 . 66 97 52 . 54 81 44 53 . 4 47 22 98 17 86 6 60 38 37 28 
. 72 12 87 75 28 82 23 . 36 35 71 13 95 45 . 27 68 3 29 48 78 50 55 8 37 39 57 53 94 86 89 25 98 64 32 24 6 21 65 43 . 47 58 66 60 90 . 99 91 30 22 17 26 7 . 15 10 76 52 93 20 40 2 19 88 . 81 97 . 5 34 38 . 69 96 62 41 85 31 80 84 9 79 70 63 67 46 42 56 54 73 . 59 16 74 44 61 49 18 
11 98 76 77 47 84 16 87 83 29 . 30 95 52 21 55 38 2 18 22 40 94 80 97 27 34 78 53 73 69 3 96 66 71 42 28 8 35 . 48 17 75 62 26 45 36 100 23 39 9 41 79 72 15 56 . 37 . 10 89 5 19 60 . 59 20 . 90 32 . 92 14 99 82 46 . 13 86 91 93 85 6 54 81 63 49 65 12 4 25 24 31 . 1 64 68 74 44 . 33 
. 41 14 28 24 70 11 64 99 21 79 91 73 89 37 2 . . 36 3 88 84 . 27 17 92 90 32 45 22 59 . 10 58 62 68 30 98 40 1 31 57 20 . 46 4 13 42 85 86 87 50 48 66 82 43 78 55 5 12 51 25 38 33 100 . 19 54 72 6 47 65 93 76 56 63 34 94 96 39 52 35 15 29 95 9 . 7 74 80 . . 8 83 18 16 23 77 71 97 
37 85 1 46 43 25 80 97 11 8 73 78 70 40 66 3 15 . 35 50 69 . 89 18 32 61 76 56 47 34 64 67 55 27 13 . 79 88 . 19 87 6 84 41 4 . 33 95 26 12 72 2 75 63 90 59 . 100 74 28 . 5 44 9 42 65 53 7 49 29 52 . 39 57 17 21 30 91 24 22 68 23 31 54 94 60 45 20 16 51 98 81 62 36 48 92 . 83 10 . 
10 20 . . 35 51 75 73 63 . . 59 5 29 54 58 . 17 87 32 52 76 85 70 37 3 . 61 7 31 67 28 39 4 91 77 64 46 48 2 30 21 22 16 13 11 6 96 68 40 99 92 94 71 41 34 100 24 90 25 19 82 57 . 65 33 36 66 81 97 . 62 26 27 . 38 12 . 60 79 42 9 98 1 84 50 8 86 43 78 89 15 49 23 93 14 53 55 83 56 
99 . 87 4 81 58 14 98 71 52 39 . 15 76 9 5 94 55 29 92 80 59 61 67 84 20 30 19 . 47 42 49 . 75 85 . 60 57 26 90 46 68 10 79 21 65 63 12 . 93 69 54 36 73 22 23 38 28 43 66 31 41 95 . 44 27 18 11 91 72 48 96 78 86 16 88 53 32 40 17 24 7 70 97 2 77 . 34 37 45 50 35 . 74 100 3 62 . 1 89 
84 88 86 55 94 93 . 22 80 48 61 57 74 13 85 65 45 82 32 9 91 63 5 59 25 39 96 68 41 6 . 47 95 2 51 24 69 81 54 64 56 73 . 98 8 71 67 4 . . 79 89 . 49 17 10 11 15 44 20 50 37 29 43 16 77 92 19 66 1 7 33 36 99 28 42 23 . 83 14 90 . 62 70 97 58 38 31 3 60 40 27 34 . 12 18 . 46 72 30 
40 33 78 31 . 23 25 75 73 20 19 49 41 4 22 60 30 10 1 90 21 . 66 . 81 91 82 44 9 70 35 88 72 86 . 7 96 37 65 15 79 100 51 94 99 50 46 85 . 2 13 . 84 64 57 80 83 97 92 42 52 71 . 34 47 28 48 . 38 11 54 6 45 39 58 . 59 74 98 62 69 14 26 68 77 87 16 24 76 . 32 17 63 43 29 12 8 27 3 67 
65 76 3 15 98 57 39 58 . 55 89 64 . 81 49 12 61 . 13 87 43 91 100 84 24 74 83 47 77 75 31 14 2 21 96 37 46 25 7 52 48 60 63 . 85 51 79 62 50 23 70 95 20 . 33 41 90 68 35 99 . 53 54 78 80 71 16 . 10 67 82 22 59 5 38 44 69 11 34 66 8 26 56 73 1 92 4 17 36 72 . 45 94 40 28 . 32 19 30 . 
38 49 84 8 58 82 90 78 33 53 64 95 88 39 86 25 47 27 67 40 14 42 98 35 5 73 16 . 17 97 80 43 74 . 60 72 92 69 44 . 75 . 85 50 62 91 45 34 100 7 19 56 41 96 11 4 54 57 . 10 3 65 89 48 . 76 94 51 61 18 6 70 79 28 . 68 . 36 2 83 32 81 24 20 37 66 93 55 21 59 15 52 . 46 13 29 . 99 31 87 
. 45 7 61 31 27 78 60 22 94 15 70 29 80 26 28 58 100 89 83 57 50 96 68 76 . . 63 30 2 41 . 73 97 67 64 18 17 95 59 14 10 4 39 33 90 69 49 92 77 38 37 55 . . 56 75 20 72 16 35 . 32 23 53 12 . 43 98 21 65 . 62 40 34 3 42 99 87 84 81 54 6 93 25 11 86 9 1 88 48 13 85 79 . 5 71 66 91 47 
77 89 28 . 54 86 67 19 37 10 4 . 97 2 . 42 100 84 57 36 . 81 59 25 34 23 91 51 85 33 38 65 92 15 1 70 53 60 18 41 40 . 94 78 55 32 . 16 98 71 20 99 22 61 73 11 88 44 68 39 63 56 50 79 43 24 12 . 74 3 . 95 96 48 49 35 6 58 17 69 . 75 . 8 5 62 29 21 90 31 14 83 76 30 46 52 26 9 47 13 
15 43 44 29 30 91 41 34 61 19 58 2 89 59 71 . 56 . 81 66 28 7 27 14 13 55 1 . 23 35 5 85 60 24 4 80 16 78 . 46 11 42 69 67 48 20 40 82 77 17 86 . 37 62 83 94 6 21 38 97 53 . 74 22 8 64 49 88 50 10 63 84 87 32 33 25 100 70 36 . 39 51 12 90 45 31 52 96 47 . . 92 54 93 73 26 99 . 68 76 
90 97 99 68 42 92 24 66 53 12 78 11 . 86 4 . 49 22 . 46 55 3 18 21 60 40 84 85 87 26 36 15 9 . 14 65 32 89 20 57 16 1 . . 7 2 81 75 64 8 28 88 . 79 23 51 5 58 30 100 . 39 71 . 96 41 13 77 33 61 19 38 94 45 83 29 82 62 6 43 37 17 63 50 44 34 35 80 59 54 70 69 . 91 67 47 93 31 76 25 
46 54 . . 37 30 34 44 62 6 . 22 79 7 16 67 60 52 12 63 84 . 71 80 90 94 58 10 88 51 56 55 . 74 98 27 . 33 97 92 . 36 . 25 15 96 89 50 59 64 . 66 83 24 76 78 13 4 41 86 8 2 17 100 21 70 31 82 93 53 18 45 68 19 . 9 29 47 3 38 73 65 61 32 49 99 81 5 75 69 20 1 57 85 35 11 28 40 87 26 
61 4 51 7 45 29 42 47 75 11 14 . 60 87 95 68 85 53 30 100 16 28 73 5 . 25 70 90 39 27 93 38 17 32 58 50 23 67 37 13 97 41 82 74 72 31 2 40 1 84 59 44 99 77 98 . 26 79 18 24 64 3 92 49 . 94 65 6 22 34 43 35 66 9 88 . 83 57 62 55 96 89 36 19 . 48 91 52 20 81 80 8 71 . 76 56 . 10 . . 
59 44 69 11 92 12 89 20 86 . 9 99 90 60 5 16 2 62 . 52 61 32 54 26 . 45 68 41 56 91 100 83 53 3 39 94 28 21 46 97 19 4 40 57 . 48 47 . 42 73 80 64 . 76 96 67 7 35 51 79 18 58 8 72 30 17 93 . 77 87 37 50 24 84 29 27 71 55 66 1 75 25 22 . 88 . 95 78 23 70 49 65 13 82 . 98 6 15 14 36 
91 5 48 20 40 74 49 35 21 82 59 65 64 16 . 34 39 47 24 80 8 67 70 56 54 88 38 37 52 71 45 99 29 94 61 15 31 73 89 17 25 72 53 93 . 81 92 3 41 . 44 11 42 55 97 13 69 76 62 . 90 6 10 36 14 4 . 96 28 60 1 12 83 95 27 46 50 . . 85 63 58 30 . 100 22 87 . . 33 79 26 84 9 66 43 75 18 32 98 
35 . 27 18 25 60 92 33 . 88 29 42 82 99 97 75 96 54 53 69 5 11 57 34 85 31 94 67 95 44 28 78 26 . 86 93 72 4 58 7 . 2 98 66 65 52 14 45 16 56 64 23 80 . 10 38 76 63 89 13 43 21 68 71 79 6 20 62 84 47 8 41 22 61 15 87 . 1 19 70 59 . 48 9 39 73 77 36 . 46 3 74 17 81 51 30 100 50 . . 
49 25 13 30 1 16 77 . 70 47 71 32 92 74 75 17 95 . 28 51 53 54 . 62 44 24 9 7 60 63 4 12 85 50 36 97 2 8 57 21 26 98 6 35 22 27 . 31 23 37 . 80 5 59 66 84 46 89 33 43 76 83 3 38 34 15 56 58 79 45 10 78 88 20 68 55 11 67 . 29 . . 96 14 . 18 90 65 91 52 41 86 39 99 40 73 94 93 19 . 
. 52 33 34 65 59 37 30 45 17 20 94 71 42 55 86 5 40 8 41 82 6 63 87 98 26 19 4 72 . . 76 44 60 73 23 77 14 11 89 96 78 7 56 32 67 68 1 27 79 16 85 61 81 29 97 31 49 57 83 . 18 2 35 38 46 90 100 24 99 50 88 95 69 75 51 . 92 . 36 62 74 84 . 15 25 21 13 . . 93 66 43 54 39 64 70 58 53 . 
18 58 81 41 66 . . 39 56 2 60 . 85 . 88 26 40 98 10 89 83 12 . 75 . 63 62 . 11 57 79 25 35 95 33 44 90 13 24 42 1 52 43 91 84 46 9 14 17 32 55 61 19 72 4 87 86 70 59 76 36 100 21 27 73 45 37 99 30 . 28 64 71 49 65 8 94 51 5 16 23 22 . 77 . 53 78 68 69 47 67 6 97 92 54 20 15 74 29 93 
32 24 15 22 38 73 51 74 78 4 27 68 69 67 30 59 76 57 82 . 72 45 37 41 65 98 56 46 64 14 . 93 96 66 71 33 52 43 63 50 55 11 80 48 . 16 18 26 83 44 25 94 . 20 13 60 . 5 23 95 86 92 . 62 90 40 . 8 88 77 99 61 7 31 6 84 10 34 21 97 1 91 3 49 81 . 9 100 12 85 87 2 19 53 . 17 29 . 79 54 
66 60 67 19 8 15 64 7 44 85 76 47 33 72 28 41 70 69 62 95 6 . . 74 . 27 51 21 80 45 14 16 4 40 100 11 3 77 93 71 49 22 13 46 61 73 . 29 25 75 31 68 50 53 . 17 23 83 . 92 87 . 34 55 88 99 52 30 35 9 . 5 48 36 78 91 37 43 63 10 . 39 57 2 20 94 97 42 81 98 . 82 12 89 90 86 1 56 96 65 
24 90 63 86 62 . 71 77 84 66 1 72 25 88 76 87 . 31 38 61 54 19 26 . 57 52 . 48 4 65 70 . 20 92 49 . 29 97 43 56 67 53 . . 69 99 37 17 13 81 6 45 44 23 39 50 85 12 14 33 100 34 58 11 83 60 30 55 78 75 27 8 82 46 21 7 18 28 64 73 10 5 89 98 74 93 2 15 51 . 68 16 . 47 79 9 35 22 94 59 
34 38 70 88 60 53 26 83 15 27 55 13 35 47 58 99 . 33 39 44 17 . 45 94 . . . 69 16 85 29 90 87 91 32 42 43 3 78 24 28 97 . 62 . 9 65 68 54 100 61 74 73 . 40 8 77 59 66 18 71 1 19 86 82 10 81 76 14 64 23 67 80 89 4 75 63 5 25 52 57 93 21 7 72 46 84 56 11 . 92 50 95 12 20 41 51 . 22 37 
53 66 37 59 44 35 . 4 67 86 41 74 94 96 43 98 10 8 46 14 13 73 69 92 3 . 72 18 93 78 . 23 6 70 54 75 . 49 45 36 . 28 11 55 40 38 . . 48 16 29 57 30 52 87 42 68 1 56 85 62 51 39 7 25 32 82 22 99 . 12 . 33 15 100 90 88 9 77 80 64 95 2 63 50 . 83 91 79 58 26 61 31 84 24 89 65 81 27 34 
33 74 52 49 11 . 76 36 97 93 43 45 21 32 24 46 69 96 17 58 2 82 35 78 50 54 18 8 5 95 91 80 62 88 . 63 44 71 73 72 86 23 41 34 6 70 84 9 65 . . 20 28 56 31 98 67 64 27 40 75 7 13 37 87 . 68 3 29 12 79 59 90 1 22 60 55 . 42 53 25 15 100 . 47 61 99 . . 26 4 10 89 77 85 81 30 . 66 16 
51 83 6 73 28 42 69 . 12 26 53 89 1 46 77 62 50 14 40 . 58 . 34 81 36 64 45 2 . . . 10 48 99 72 57 55 11 22 20 . 85 39 5 88 82 . 13 21 52 78 17 24 86 35 47 60 94 9 3 74 30 . 75 61 91 25 32 4 76 93 100 37 92 44 18 8 68 97 65 . 56 95 31 80 33 54 70 67 79 66 41 16 98 87 90 63 29 43 15 
92 12 56 5 6 72 61 49 85 50 97 53 51 83 67 100 28 . 95 15 11 . 52 44 73 17 20 26 91 59 . 9 47 89 2 10 19 64 29 30 78 37 32 63 25 . 62 70 4 13 21 40 46 . 93 74 87 82 3 94 77 42 75 . 36 . 27 16 57 31 96 39 65 . 14 34 48 24 43 60 76 88 . 71 41 90 7 1 38 66 55 68 69 58 45 22 . 33 23 81 
52 56 20 85 17 68 6 9 34 67 37 87 24 100 12 . 43 94 33 54 71 27 86 99 89 10 77 39 90 16 . 1 97 . 66 . . 2 28 80 41 65 21 59 60 40 75 25 . 3 4 70 . 14 72 45 32 78 73 69 47 22 26 92 5 38 51 63 64 30 31 . 46 13 50 82 19 53 . 96 79 . 7 48 91 35 76 83 84 62 23 98 81 11 55 93 57 88 58 95 
75 79 90 78 83 7 . . 40 31 26 . 45 49 96 48 19 50 100 82 33 13 84 58 35 11 34 65 67 18 15 63 38 55 . 56 41 70 99 16 94 92 77 1 95 . 91 98 8 . . . 6 30 5 57 59 80 25 27 97 . 12 51 54 89 66 72 43 36 87 86 53 2 42 73 28 29 14 46 3 37 44 47 . 20 10 23 17 61 9 4 88 39 81 71 68 76 85 60 
7 1 40 58 77 55 65 25 4 51 47 67 32 41 52 22 . 20 21 60 90 31 42 . 38 75 . 9 98 39 24 79 45 . 76 87 . 5 33 23 8 94 14 3 80 29 27 84 15 96 57 43 81 . 85 69 73 66 19 37 44 28 72 10 49 30 34 70 46 26 100 71 17 56 64 53 89 63 13 . 93 83 78 88 92 . 68 95 18 99 74 12 2 50 97 62 . 59 . 82 
41 71 22 14 26 49 81 84 55 5 82 . 42 50 46 96 93 97 86 76 95 53 83 91 63 68 25 . 37 12 16 98 100 19 80 . 39 66 2 44 34 18 72 11 73 23 1 58 40 43 47 30 21 10 77 99 62 92 . 51 60 69 48 8 31 87 . 74 70 79 33 52 67 29 94 20 56 59 . 3 . 32 75 24 36 13 . 28 61 17 85 . 38 35 57 65 7 89 . 6 
. 86 . 24 59 17 97 100 . . 90 83 77 55 1 94 23 4 2 35 . 99 8 . 40 46 93 62 14 79 13 48 36 . 65 . 27 39 32 60 42 . 9 12 67 43 30 11 89 87 92 3 68 7 21 49 47 74 28 50 34 44 15 63 91 26 84 56 20 51 58 81 5 71 31 16 70 . 41 19 33 72 37 85 53 95 69 29 6 76 73 80 96 78 61 57 10 45 98 66 
42 96 29 9 100 80 70 62 1 32 . 7 26 . 68 19 . 66 52 21 37 33 64 77 15 97 60 45 82 . 11 73 30 65 99 31 40 87 49 18 92 12 35 88 57 44 34 8 75 10 63 16 93 . 59 25 53 27 78 91 54 . 76 94 56 43 83 14 95 85 . 28 3 90 47 61 74 . 79 4 48 38 71 86 98 24 20 58 41 . 69 39 51 . 84 36 72 6 13 46 
9 6 . 84 51 26 45 82 47 54 12 86 . 56 29 44 89 1 49 96 36 4 46 98 23 22 81 28 . 61 2 32 91 30 11 62 76 93 92 99 70 31 16 87 20 14 17 27 . 41 83 24 13 60 37 39 3 34 . . . 35 43 50 69 68 77 52 15 57 97 42 64 88 18 85 . . 53 25 72 73 55 75 19 10 . 71 5 21 95 63 7 90 78 59 79 100 74 94 
47 53 24 74 34 63 88 65 6 90 70 52 37 5 14 10 46 95 94 49 . 61 97 36 77 58 8 99 62 66 21 4 68 . 25 48 98 40 72 82 29 59 . 18 83 12 93 43 . 42 2 13 86 28 91 20 . 50 96 38 41 15 16 . . . 57 87 . 71 78 . 31 75 55 56 39 79 30 23 92 67 73 35 89 32 17 45 19 11 22 60 3 26 33 51 27 64 9 69 
6 40 31 39 68 98 38 5 14 34 28 . 67 70 84 52 51 19 97 7 62 64 91 86 20 69 2 92 1 48 43 100 78 25 16 49 . 10 . 75 85 24 46 . 96 54 60 94 22 83 36 58 79 95 74 73 57 23 . 15 30 17 80 12 93 13 50 47 76 81 . 72 42 . 99 45 27 66 89 21 61 41 . . 4 . 88 44 71 3 53 59 33 87 56 63 82 26 77 9 
60 27 94 62 36 4 98 85 59 . 95 26 34 1 80 54 . 25 96 64 22 16 15 38 21 56 . 77 . 72 50 74 84 48 5 43 81 32 10 88 61 69 18 28 42 58 20 37 9 55 90 76 . 2 45 3 44 52 67 68 49 97 63 14 92 31 40 83 19 89 57 7 . 100 12 71 65 75 93 33 53 30 . 99 23 70 82 . 78 . 91 46 86 24 . 66 47 51 6 11 
17 61 41 76 87 97 94 92 54 91 52 39 96 8 3 83 74 88 58 75 32 2 31 73 51 19 80 49 15 62 57 34 90 7 . 14 . . 13 55 47 56 64 70 36 68 42 . 37 29 93 60 45 12 53 86 82 85 40 23 46 63 . . . 9 69 50 . 22 . 77 81 38 11 67 16 78 1 100 65 98 20 21 18 27 66 . 95 28 84 79 72 71 30 25 33 4 89 43 
58 48 4 64 53 85 29 56 81 7 . 77 22 44 . . 59 39 23 78 26 37 6 10 75 28 87 20 63 21 27 51 52 . 47 18 25 50 68 3 98 16 74 54 89 . 96 88 46 70 82 31 71 97 55 66 . 43 49 61 14 38 79 67 84 80 9 35 65 69 15 76 72 94 19 5 45 2 11 57 95 86 83 91 30 40 42 60 34 92 . 33 24 . . . 36 1 73 41 
95 16 18 13 76 94 84 . 23 99 88 44 . . 42 27 20 70 80 4 49 14 48 . 64 66 98 33 43 60 46 . 58 77 92 51 5 79 . 22 65 45 59 36 34 100 50 63 30 26 . 71 1 17 32 96 97 61 15 53 40 11 91 52 9 81 73 68 47 62 75 89 57 37 3 83 . 39 10 . 31 . 93 87 12 38 28 41 35 24 90 21 82 29 8 67 85 69 78 7 
