100
55 86 1 44 78 . 43 66 37 . 40 87 76 39 62 7 68 . 48 71 6 15 83 47 30 93 67 33 . 85 4 8 26 18 29 70 2 51 5 53 92 100 59 82 20 52 16 91 49 23 38 84 36 . 69 45 77 28 54 . 32 89 61 . 95 57 72 . 90 98 34 3 12 19 81 22 11 27 75 96 13 41 65 9 50 46 63 . 94 74 25 31 35 60 14 64 80 . 99 10 
52 . 50 79 55 9 71 67 39 42 3 8 95 58 . 24 62 74 36 57 10 98 21 63 91 49 27 56 16 78 32 60 23 82 22 47 31 84 14 70 18 15 29 88 41 68 66 . 7 69 53 37 4 28 100 89 76 30 87 . 77 45 65 . 13 90 . 46 6 73 48 44 75 20 33 38 26 97 83 34 . 40 5 1 94 61 25 . . 86 81 35 . 12 99 59 54 96 2 64 
9 1 . 21 26 66 15 . 72 30 78 85 96 52 99 4 94 53 10 60 59 69 82 65 37 38 97 11 24 57 74 34 46 49 45 6 86 32 48 . . 93 39 36 8 35 50 64 56 77 33 44 70 68 . 29 54 . 16 41 81 . 80 . 5 14 40 17 47 42 87 61 92 3 89 90 51 18 . 88 7 67 76 25 22 95 28 23 31 79 . 43 62 2 12 84 55 13 63 98 
83 52 90 5 4 79 33 . 100 47 9 . 70 89 80 96 92 . 25 28 29 61 49 3 7 15 21 48 . 65 14 82 59 22 35 63 74 19 39 1 34 62 50 67 . 73 27 11 86 38 95 76 64 10 93 16 87 72 42 20 6 99 46 45 51 75 24 53 32 91 . 55 66 43 . 85 44 40 30 18 37 97 94 69 98 54 56 60 71 31 8 26 77 17 13 68 58 . . . 
26 53 16 74 15 59 21 46 82 77 8 37 54 36 32 92 99 94 79 24 93 28 6 100 . 51 50 39 29 81 2 18 10 88 42 12 1 43 . . 75 19 . 38 . 33 22 55 72 4 76 60 87 71 . 58 5 85 61 56 90 95 62 35 . 25 66 89 98 3 69 52 64 49 65 34 96 23 97 40 27 44 57 63 17 14 . 11 86 73 47 . 83 70 20 91 67 31 . 48 
. . 13 25 36 55 74 97 51 . 5 28 1 80 18 34 44 11 57 92 16 23 96 . 46 7 69 26 59 88 56 17 43 32 66 30 78 100 68 65 47 85 75 15 81 40 24 2 95 61 22 27 67 54 . 14 99 89 9 77 91 . 21 87 98 45 63 83 3 86 6 64 62 84 19 73 49 41 90 70 . 42 8 76 82 71 38 53 35 . 20 . 33 . 39 60 50 29 72 52 
76 91 23 . 62 60 13 100 19 52 98 79 33 12 56 97 58 15 61 11 40 88 37 29 27 89 73 71 90 30 . 41 4 25 92 28 32 86 77 54 39 74 63 2 44 42 20 95 . 82 47 38 49 43 57 51 10 78 . 24 5 14 50 64 59 34 1 65 26 84 21 69 53 . 16 8 . . 94 72 68 22 3 . . 83 85 87 67 18 48 7 . 45 70 31 9 36 96 80 
58 13 7 8 14 45 10 . 57 90 50 56 93 41 3 33 . 9 54 66 43 36 46 4 85 . 38 . 98 . . 77 73 64 37 51 59 91 28 95 16 11 94 75 61 29 44 1 . 19 21 30 24 80 62 86 78 70 82 60 96 6 40 69 79 84 . 72 39 47 2 20 89 92 83 68 35 26 12 63 17 49 88 71 76 22 100 74 27 . 31 34 67 15 23 87 . 5 25 18 
33 71 25 . 42 94 80 75 73 81 77 95 100 49 . 51 70 14 9 23 . 1 53 69 41 54 26 38 36 29 83 5 37 67 19 72 . 11 44 4 45 96 55 91 79 90 99 32 17 68 40 59 62 . 27 30 82 21 35 34 84 65 39 22 85 74 43 50 76 . 3 97 18 . 15 10 52 46 78 12 66 31 48 . 2 28 93 13 20 7 . 98 89 . 86 57 87 88 61 92 
. 64 46 38 . 43 50 36 . 99 51 57 65 83 . 54 59 68 13 87 97 56 48 82 22 58 19 29 42 84 5 21 55 85 88 8 7 93 98 77 26 12 . . 4 17 33 79 62 . 70 15 80 47 95 96 52 6 76 9 3 23 37 66 45 73 11 2 . . 61 74 32 69 30 72 78 24 18 90 86 81 31 91 10 89 39 63 40 27 67 44 71 75 100 53 25 60 49 . 
. . 31 62 17 . 81 38 99 54 42 76 23 85 40 56 57 75 22 9 66 41 93 39 48 73 65 28 80 58 49 . 98 59 24 . 72 94 16 71 43 . 15 86 88 46 . 12 30 33 78 55 5 83 7 95 3 34 64 74 92 79 77 84 14 97 89 91 69 53 96 4 19 8 36 29 13 52 47 2 60 51 . 18 45 100 26 20 50 6 . . 11 1 32 82 44 90 68 27 
7 29 41 . 49 22 93 95 14 40 71 25 2 73 100 67 51 56 58 21 61 38 1 45 79 94 . 69 65 5 10 54 82 . 12 53 15 50 . . 96 31 72 . 62 85 42 33 64 91 74 75 6 27 70 9 26 99 24 48 76 8 19 63 34 44 97 77 4 60 52 36 30 68 84 . 81 66 98 17 47 57 32 88 16 35 55 80 92 89 59 11 90 . 18 37 13 39 . . 
28 93 26 83 67 11 97 13 18 61 64 30 78 34 33 82 6 85 35 52 46 66 8 81 38 12 56 17 76 49 21 72 29 24 99 89 . 57 41 22 60 16 53 84 98 . . 48 14 63 100 96 . 9 32 69 27 65 3 51 2 94 20 70 77 80 88 79 92 45 42 54 36 44 7 50 62 10 . 71 4 47 15 . 39 . . 25 73 5 . 87 55 90 58 86 . 75 91 68 
21 50 66 42 81 29 62 74 60 57 25 91 55 45 17 32 69 13 . 49 78 37 . 79 59 86 . 19 95 51 89 75 52 8 93 . 83 31 46 2 . 4 96 33 43 84 90 61 76 26 80 28 9 15 99 73 11 58 30 71 48 . 47 56 68 92 16 5 34 85 . 98 63 . 39 70 38 77 72 7 20 . . 67 35 10 23 82 1 64 24 53 41 88 54 44 36 18 12 65 
. 6 . . 39 53 22 59 77 100 57 74 32 20 46 28 76 92 98 97 30 81 33 35 94 64 36 55 23 44 . 24 18 26 3 . 17 82 . 8 73 68 . 85 99 66 21 25 16 62 54 7 86 2 12 1 29 96 89 70 67 50 95 4 71 5 13 . 41 31 11 45 90 78 37 65 88 80 84 9 75 79 61 83 15 51 47 34 . 60 . 48 63 91 43 19 52 72 42 93 
53 65 . 46 40 80 9 87 43 75 93 58 52 31 . . 25 63 23 50 79 20 60 6 39 32 29 . 78 86 66 19 41 27 11 71 61 62 72 13 15 5 88 69 45 76 81 73 . 57 . 10 35 36 34 . . 26 33 14 100 44 89 67 99 7 30 82 56 18 83 28 84 98 21 54 97 49 16 48 90 . 38 . 47 94 37 51 12 42 85 68 96 3 91 . 2 74 64 17 
18 94 62 72 45 26 . 8 74 17 37 86 . 99 42 1 5 90 . 6 11 31 89 50 76 71 44 75 67 27 19 9 51 40 43 100 58 39 29 63 22 30 82 64 53 15 93 69 79 . 91 3 54 95 66 . 25 33 . 68 60 2 83 98 48 36 38 78 49 28 70 46 4 . 24 80 61 16 77 14 10 . 96 55 20 73 . 92 97 56 52 59 23 32 57 12 81 87 13 . 
66 15 64 85 95 46 91 98 24 41 53 . 40 62 12 74 54 10 7 72 39 51 47 26 34 80 . 6 22 79 17 38 75 . 100 2 . 33 73 . 37 18 32 71 78 25 86 36 68 11 84 57 50 14 96 76 20 3 58 4 55 48 52 88 63 . 93 69 59 21 31 90 29 82 43 1 23 . 99 . 5 35 42 56 87 8 70 45 89 30 83 94 44 . 9 . 60 27 92 19 
. 44 59 18 73 77 17 57 95 29 . 16 82 68 85 2 45 21 28 . 69 33 25 51 71 . 88 14 30 66 72 39 79 15 36 35 60 81 4 94 54 84 89 . 40 23 76 . 75 48 61 47 78 62 19 46 100 20 97 92 41 38 22 13 31 . 64 55 87 11 1 86 96 37 56 43 8 5 42 67 52 70 34 . 83 . 58 7 6 98 32 3 . 65 26 24 90 12 80 91 
93 31 99 61 75 . 8 55 . 3 94 66 56 . 9 71 35 45 69 37 25 19 2 58 49 33 16 68 15 63 12 1 95 74 76 . 57 65 20 41 14 32 . 60 59 89 . 34 . 54 42 . 97 78 18 5 17 80 26 84 39 52 79 29 62 . 4 88 72 23 27 82 46 28 48 98 64 90 53 44 11 96 83 81 77 24 50 21 51 . 100 85 13 47 38 67 30 91 10 22 
11 9 77 43 98 99 38 10 68 63 45 13 66 87 . 88 96 16 65 84 55 79 40 90 . 31 42 4 100 74 86 69 24 41 80 92 18 25 64 5 94 49 95 35 32 12 8 97 89 28 . 6 7 30 3 27 . 22 21 78 46 . 59 71 36 2 17 57 60 19 33 47 26 58 44 14 82 85 76 . 34 . 23 15 62 . 53 81 52 48 50 54 51 72 73 61 . 70 20 . 
14 98 68 70 50 16 . 88 79 73 . 45 64 91 . . 23 86 8 90 51 63 35 . 67 18 75 57 4 72 33 53 27 71 94 59 34 . 95 92 81 40 22 99 13 2 60 10 78 96 9 100 21 97 36 61 41 77 20 17 83 58 48 11 12 43 . 15 . 5 49 25 52 1 6 28 84 87 85 . 29 54 39 . 38 19 89 3 47 55 42 80 32 46 37 7 31 93 56 24 
65 51 95 91 2 15 82 83 81 19 75 . 39 11 7 93 21 69 14 . 72 74 31 78 20 . 23 . 60 62 96 56 99 30 58 98 35 49 27 55 10 22 . 42 18 67 1 50 40 84 52 32 26 89 85 47 16 29 57 90 4 25 70 54 94 87 . 48 . 63 76 13 . 100 88 3 9 28 68 92 71 5 66 . 36 12 33 6 38 24 86 37 34 79 . 41 45 77 97 53 
72 39 89 96 44 28 42 21 59 62 46 63 37 33 34 11 27 47 73 75 . . 3 1 60 2 81 94 48 82 97 10 45 . 23 17 . 61 50 84 29 79 76 . 5 87 80 88 25 99 18 54 66 40 52 20 30 24 32 100 14 . 31 . 26 . 8 67 19 9 90 78 85 91 86 95 4 83 35 74 57 65 98 92 64 69 13 43 15 51 . 58 7 16 . 71 56 68 77 6 
17 25 91 67 10 87 84 92 52 20 14 60 16 . 24 13 . 76 1 48 . 44 59 68 2 29 96 8 . 15 65 6 7 19 39 26 64 . 81 12 77 35 97 18 23 100 54 99 31 22 98 45 88 21 28 11 34 90 . 57 30 3 75 5 . . 37 . 63 69 40 70 27 41 51 74 86 71 80 50 9 95 73 4 61 62 36 94 46 49 56 82 66 83 55 78 53 43 . 42 
30 . 45 40 6 36 85 . 42 28 . 44 . 55 67 41 13 60 76 14 23 7 16 12 89 50 17 74 32 95 25 2 . 98 77 20 92 4 54 81 70 66 65 . 37 83 78 31 . 46 11 21 61 26 53 8 1 43 90 94 57 64 27 80 24 88 . 84 93 . 91 63 71 86 35 . 100 33 58 39 87 72 19 79 34 56 69 59 99 22 51 9 15 48 3 96 73 97 38 62 
2 . 34 12 60 32 95 86 20 83 31 38 59 90 30 63 . 84 56 77 22 29 44 57 8 28 72 9 19 21 . 94 58 17 74 79 98 52 . 78 62 45 11 25 91 . 51 70 54 27 68 39 16 1 92 26 . 61 96 . 65 43 23 55 89 35 49 3 99 87 75 76 42 33 40 100 53 69 15 41 97 64 36 80 93 81 66 37 24 67 7 18 88 14 85 . 71 . . 82 
82 14 17 27 91 19 92 81 2 44 43 24 7 1 76 16 12 37 . 73 34 32 57 42 55 85 47 67 53 94 63 62 15 . 87 49 40 9 21 30 61 6 20 59 58 75 71 . 13 72 97 74 39 3 10 80 90 69 88 50 45 29 . 60 33 89 18 56 . . 95 35 77 70 99 23 . 68 26 51 36 83 41 5 79 98 22 28 96 66 11 64 . 38 . 46 . 52 48 54 
70 . 38 51 20 73 4 28 17 . 7 43 46 65 44 76 81 72 . 62 100 . 87 23 50 19 15 . 85 33 . . 2 37 8 42 13 48 . 90 55 78 18 12 1 36 64 94 41 98 45 88 3 22 30 . 84 93 49 79 29 27 35 91 11 31 60 59 57 67 14 5 97 77 63 25 40 39 6 52 53 82 56 89 95 80 75 . 58 32 26 86 61 71 92 10 96 66 54 47 
96 41 9 75 88 20 78 5 15 91 44 72 25 71 89 . 4 30 94 13 98 86 66 8 61 74 80 92 26 28 43 95 11 12 . . 55 42 100 . 48 87 60 62 24 16 47 14 82 39 36 19 85 37 63 31 . . 46 1 34 83 29 90 22 32 3 76 45 59 58 79 . 54 93 84 99 2 65 . . 56 64 21 73 67 97 52 18 35 . 77 17 51 68 81 70 6 27 38 
97 7 39 10 63 47 . 15 9 38 90 88 73 59 92 8 64 4 80 26 . 30 79 89 57 91 93 . 99 13 75 55 5 6 34 32 42 29 58 33 23 14 52 96 85 41 12 20 53 94 . 17 28 70 21 82 60 . . 11 37 74 68 46 . 72 77 35 . 50 43 19 16 81 45 . . 98 48 86 95 69 62 27 44 87 51 78 84 61 40 2 24 22 83 25 66 49 1 56 
71 40 48 37 87 23 64 51 27 74 52 11 26 35 81 38 93 28 97 . 57 . 92 31 45 10 18 21 9 4 70 80 54 43 89 62 82 36 3 88 . 53 47 77 94 7 55 85 . 56 66 41 . 6 22 15 68 83 79 5 . . 91 39 50 8 34 19 33 32 72 75 25 . 58 49 73 44 61 100 14 78 . 86 65 29 76 96 59 20 30 60 2 95 90 42 . 24 69 84 
20 63 96 97 18 64 99 84 13 . 17 . 24 15 37 100 22 41 95 30 94 10 62 . 52 5 90 . 21 77 69 48 34 46 54 7 88 47 32 19 86 91 36 44 75 39 85 83 2 65 27 40 60 25 . 43 98 1 93 38 79 12 11 73 67 55 6 . . 58 56 49 45 23 50 78 66 4 . 87 16 80 28 82 74 3 . 8 70 9 29 72 59 92 . 51 61 76 26 35 
15 48 29 23 99 30 88 73 46 32 74 75 68 72 91 58 55 . 47 94 3 59 50 93 25 84 13 52 18 45 41 7 28 90 64 60 53 83 92 39 66 86 44 4 . 34 14 . 96 31 24 22 63 17 33 77 35 49 80 8 . 40 98 12 43 100 36 95 . 27 . 1 . 67 87 76 5 51 57 65 81 38 82 . 97 21 11 61 26 62 2 . 54 9 78 69 20 19 . 16 
73 57 14 93 52 48 26 25 38 43 83 99 50 47 90 3 88 33 55 . 27 17 . 87 19 . 100 84 39 70 . 98 . 35 . 58 68 . 62 74 11 23 5 40 49 82 95 96 29 37 69 4 . 81 9 65 28 12 71 66 7 13 15 51 20 79 92 32 44 . 89 91 2 85 22 30 59 . 54 16 67 18 10 60 53 45 21 41 36 97 80 42 86 31 63 77 24 94 76 46 
95 82 67 9 69 57 . 3 . 34 87 35 43 32 58 48 40 18 17 74 13 68 . 21 . 30 78 50 . 73 59 . 33 99 62 52 16 27 88 24 76 . 79 . 89 92 36 90 71 53 46 20 83 44 15 55 31 56 85 96 42 28 100 23 97 26 61 29 80 12 4 38 81 75 . 37 10 65 19 8 64 25 6 70 49 60 98 91 39 11 . 1 94 86 93 63 51 41 14 2 
92 8 65 17 61 13 83 79 89 6 . 97 . 64 57 55 . 62 3 88 77 73 29 67 42 . 70 51 2 50 23 91 86 47 16 94 49 80 96 27 82 38 21 32 11 48 4 35 60 . 71 63 68 20 56 37 40 18 36 46 43 24 76 . . 54 33 45 . 93 99 . 1 22 75 12 34 78 74 25 30 58 100 31 7 26 95 84 9 14 66 28 . 69 98 52 19 59 15 44 
99 38 72 . 89 68 23 9 87 46 81 41 4 10 48 39 . 29 30 82 28 71 45 64 51 59 86 36 74 47 95 52 . 79 91 24 12 18 8 25 78 60 . 26 65 3 35 . 15 92 . 90 20 69 84 67 63 31 43 40 98 66 . 76 88 96 50 1 83 22 13 2 . 21 . 62 75 70 . 49 61 27 80 97 54 6 44 58 33 94 17 73 100 19 56 85 77 37 11 57 
56 78 47 . 28 5 2 44 91 59 84 55 97 54 82 94 79 17 90 18 74 87 86 72 . 36 41 66 73 40 67 25 . 96 95 69 19 53 10 80 27 70 12 22 63 13 . 46 50 100 39 . . 38 61 98 43 51 62 3 75 34 . 58 64 20 45 14 15 35 81 71 21 52 76 31 32 92 8 11 99 4 . 49 29 88 83 93 57 68 60 16 37 . 24 89 42 1 7 . 
44 100 40 76 83 10 73 96 11 53 67 3 14 97 69 52 85 58 21 70 12 65 19 88 16 39 68 47 55 17 77 28 63 38 30 91 . 60 82 26 . 98 13 90 25 56 . 41 45 . 81 . 37 75 4 32 66 92 94 87 72 61 . 15 35 64 23 . 43 80 71 57 86 5 . 7 . 99 9 24 46 50 20 84 51 31 . 22 34 36 6 93 95 89 74 27 1 62 29 78 
23 34 3 24 38 58 28 64 4 95 33 71 51 . 20 30 50 88 18 . 73 60 84 17 12 9 7 10 66 39 54 85 87 97 96 90 80 5 55 59 1 . 6 43 92 49 91 62 61 67 13 56 82 46 41 35 83 . 45 32 11 26 74 53 52 93 . 100 70 44 47 8 94 15 14 . 72 76 . 79 22 21 . 68 27 75 77 40 29 . 36 99 25 42 69 98 16 48 78 . 
31 . 56 52 94 42 65 77 21 69 2 36 80 57 . 53 71 61 64 40 50 62 73 48 23 45 . 25 97 68 87 4 . . 90 84 5 10 22 66 28 9 86 39 72 51 13 58 3 85 8 93 33 24 49 34 89 46 . 76 20 18 96 100 60 15 47 98 30 79 16 27 54 17 . 32 . 11 59 95 . 12 99 44 41 37 35 67 . 43 91 74 6 26 29 1 63 81 82 7 
37 30 69 95 80 . 55 16 97 . 89 39 44 17 86 . 83 48 71 45 36 52 . 19 11 25 31 12 28 87 64 . 3 9 6 66 79 98 . 7 5 58 90 74 57 50 84 67 42 14 41 62 93 99 75 38 73 63 22 54 . 21 51 82 1 68 2 85 35 26 92 72 78 . 60 24 15 . 4 . 96 33 46 23 81 40 34 77 43 8 13 20 65 49 94 88 10 47 70 29 
47 21 5 99 . 4 20 31 49 64 32 33 67 50 45 66 90 . 78 34 87 91 . 15 69 14 25 70 71 11 7 . 48 . 26 43 3 35 1 85 . 88 8 56 29 27 2 . 84 79 86 61 52 100 73 36 . 95 75 10 58 42 38 9 57 19 54 97 12 76 39 92 . 96 17 44 74 . 24 60 98 16 53 94 89 63 68 18 13 37 23 55 81 30 6 83 72 28 62 51 
. 32 27 2 24 50 . 54 6 78 79 17 75 100 96 31 73 35 85 . 80 95 64 70 90 4 46 60 81 76 20 42 44 . 97 . 67 37 19 69 91 89 33 83 21 63 11 92 5 36 58 8 15 34 43 12 38 57 7 47 13 51 30 26 . 10 68 9 40 . 74 84 87 62 71 56 93 45 23 77 . 28 25 48 99 18 . 98 82 88 53 52 72 55 41 49 39 65 . 1 
43 11 22 78 19 6 29 62 31 93 . . 98 . 21 27 80 55 86 36 42 97 99 92 44 69 77 20 68 8 24 88 32 16 82 96 84 3 26 60 79 . 73 . . 64 56 18 4 75 . 65 1 72 37 . 70 50 51 . 66 33 57 40 87 23 48 25 100 74 . 17 61 9 85 52 39 63 95 30 2 14 7 53 58 59 5 54 76 45 71 90 46 13 15 94 47 34 35 28 
. 27 73 59 31 35 48 11 1 67 41 12 62 16 72 78 . 43 50 . 84 . . 10 21 97 4 22 86 55 94 15 70 69 56 82 . 40 99 32 85 13 28 . 39 14 9 100 8 24 5 34 38 93 26 3 95 60 98 19 63 90 92 . 30 17 74 . 88 36 80 65 33 2 42 47 25 89 51 . 45 29 81 57 91 58 64 71 87 54 61 75 18 52 53 20 7 83 66 77 
62 79 . 89 5 38 52 2 . 26 59 21 12 61 97 72 86 83 46 . 64 24 54 44 . . 85 88 56 71 78 . 91 36 28 31 70 75 25 76 7 80 81 57 77 11 82 16 51 . 1 69 65 98 8 . 47 13 39 33 50 41 3 37 10 42 35 93 66 6 . 22 99 94 96 92 67 58 55 45 43 9 17 20 60 68 4 95 48 90 18 29 73 40 27 15 74 . 100 32 
89 17 74 36 93 34 . . 29 25 92 62 61 76 2 64 3 51 . 99 . 13 24 49 95 26 43 85 52 53 44 14 78 33 84 . 6 41 12 . 63 77 68 30 71 47 88 5 100 15 20 . . 7 94 79 50 9 8 16 28 69 58 18 54 67 39 73 86 4 97 60 38 10 70 . 56 . 22 31 80 55 87 98 1 48 45 66 21 57 65 91 75 11 42 72 82 32 81 83 
90 66 36 53 48 92 27 61 69 80 47 . 81 5 77 79 63 59 32 16 88 12 39 41 98 17 34 62 . 35 18 83 42 55 86 78 94 56 60 73 95 46 19 13 51 9 38 49 10 70 67 43 44 76 87 52 93 97 31 . 74 15 . 25 40 24 91 30 96 20 7 58 50 . 68 6 54 14 2 33 26 8 . 11 4 . 1 85 37 75 3 100 . 21 89 . 65 . 57 99 
46 45 81 39 51 72 100 71 54 5 85 27 . 3 29 68 . 96 16 55 32 14 78 53 92 75 83 . 91 20 61 65 8 7 59 13 63 58 74 38 44 97 35 1 15 77 6 82 98 . 57 89 69 12 42 70 62 17 40 52 . 19 90 50 28 4 . 10 79 56 60 87 . 93 64 . 36 30 34 43 84 73 37 26 67 . 99 88 41 80 76 21 31 66 25 95 49 33 22 . 
19 36 . 34 79 96 44 33 94 50 10 . 17 14 13 6 42 25 43 41 . 55 51 98 26 23 . 72 . 67 38 100 74 1 21 93 62 12 80 45 31 29 24 76 70 32 7 39 69 52 77 58 99 56 48 60 65 35 63 64 61 54 16 86 . 71 9 18 37 49 28 11 22 53 . 81 85 95 88 . 89 15 47 73 5 90 87 . 68 78 84 4 27 20 82 66 3 . 59 30 
. . 12 81 . 44 61 6 70 11 . 9 84 56 16 80 77 54 68 3 1 25 13 . 14 100 32 73 64 24 45 86 20 95 41 75 87 7 2 21 65 52 30 37 31 . 94 66 83 43 . 35 10 19 50 57 91 67 47 89 51 82 34 33 27 78 53 90 5 88 17 29 23 26 18 69 42 . . 76 79 46 58 22 40 49 15 72 63 85 38 71 36 39 97 93 98 92 8 55 
24 84 44 57 22 2 66 37 12 60 23 77 11 4 64 9 43 26 88 15 7 27 10 96 18 1 . 91 35 54 52 58 93 21 33 50 75 . . 82 20 47 . 17 19 62 69 71 97 42 14 68 90 86 65 87 45 38 41 80 53 36 94 . 6 29 46 13 95 48 8 56 67 30 . . . 72 32 5 39 99 59 3 100 55 81 31 79 . 70 89 16 74 51 92 40 73 98 . 
49 61 18 54 27 88 69 48 22 82 4 32 99 . 59 65 46 . 63 25 35 50 85 36 70 44 24 87 8 38 68 89 66 91 13 55 47 26 7 64 67 72 3 16 56 19 73 77 28 45 6 . 14 23 90 . 71 5 92 31 1 100 53 2 74 9 41 33 10 51 93 83 17 80 97 79 98 42 . 58 . 60 29 37 12 . 20 15 81 52 43 57 78 . . 39 . 95 34 76 
4 96 49 50 . 12 77 80 40 22 55 15 34 84 8 21 1 2 . 81 75 16 42 18 13 37 54 23 7 . . 29 100 . 27 11 39 68 86 36 17 43 48 66 60 99 89 47 92 51 85 53 91 90 6 28 58 73 69 45 93 76 . . 44 65 14 41 97 52 88 95 57 25 62 26 33 20 3 61 82 19 67 30 70 9 . 10 . 38 72 63 56 5 35 . 59 64 46 71 
50 37 . 60 12 71 59 22 . 49 1 89 31 93 63 87 72 44 67 2 95 4 91 97 . 52 35 79 34 75 76 . 17 29 14 81 9 16 . 46 58 69 85 68 73 57 40 30 47 90 28 25 100 . . 74 42 82 10 62 78 98 7 24 8 21 55 70 84 43 19 51 83 6 5 94 27 . 66 3 56 86 26 61 . 92 . 48 45 96 88 32 99 54 64 18 33 53 39 15 
80 46 63 . . 41 54 35 76 16 65 67 30 86 5 70 11 24 49 100 68 . 52 73 72 42 3 61 69 7 22 23 83 . 31 57 99 14 87 89 90 44 . 53 36 81 98 37 94 17 19 92 13 . 60 48 32 . 77 26 95 84 . 85 21 66 25 43 38 10 12 50 15 34 82 59 6 75 20 29 51 . 45 40 78 96 2 . 56 91 74 88 79 58 62 97 28 9 71 39 
64 49 94 13 92 95 60 30 48 65 35 83 . . 26 19 . . 81 27 . 3 4 86 58 22 11 82 41 12 29 43 40 28 70 46 97 2 51 67 68 76 57 72 52 54 100 87 93 7 34 33 . 63 39 62 74 25 18 36 69 91 73 14 90 37 56 . 21 38 78 32 44 89 31 15 1 84 45 . 24 75 79 99 80 85 42 9 . 77 16 66 . 50 61 17 8 10 88 59 
45 3 . 88 100 75 90 50 8 70 20 26 57 44 31 29 48 78 92 64 82 53 . 83 47 16 6 30 37 91 84 74 81 61 98 10 11 . 18 87 . 2 25 9 . 71 58 65 77 89 35 5 27 66 . 4 97 79 15 13 19 . 86 . 23 39 59 21 62 46 32 42 43 76 54 41 24 73 17 69 93 52 1 36 . . 49 68 85 99 22 14 60 34 7 56 12 63 40 96 
22 76 100 41 84 90 5 4 . 56 . 6 47 13 15 26 91 81 51 12 20 82 65 25 66 68 37 64 46 43 88 99 77 58 2 45 44 96 49 . 89 55 . 28 86 93 . 24 23 73 94 . 74 53 78 . 36 42 72 69 21 62 8 32 9 60 27 11 29 97 18 31 79 16 59 . 7 67 1 35 63 39 . 54 . 38 52 14 10 87 95 17 80 57 34 3 75 98 85 33 
57 95 52 65 35 51 75 39 . 68 30 4 94 74 98 99 38 100 70 96 49 40 90 . 86 3 10 31 44 36 93 33 . 92 67 88 20 59 84 16 53 . 69 97 . . 72 . 11 80 62 2 79 73 82 56 18 . 91 42 12 71 85 7 19 48 28 58 1 78 9 15 24 14 . 17 47 13 25 37 55 32 60 46 66 34 54 5 83 29 89 8 87 63 22 21 64 . 41 43 
77 67 . 48 7 37 94 49 62 . 63 1 21 42 27 20 . 93 100 39 5 . 81 16 87 65 9 40 38 23 57 . 31 86 . 80 96 30 47 79 46 . 51 3 17 70 41 44 58 97 88 13 32 59 76 72 24 11 19 . 89 22 28 36 66 82 71 61 25 8 10 33 . 18 52 91 60 53 43 73 83 . 14 34 56 78 12 64 95 84 54 69 45 68 50 6 15 99 74 90 
63 . 42 82 97 61 . 53 80 37 49 20 27 77 55 10 28 31 24 8 9 83 17 84 99 47 39 76 92 52 36 16 35 14 78 1 51 . 6 93 4 73 26 21 100 . 23 74 32 71 44 66 . 60 54 41 75 62 50 25 87 96 88 19 7 70 . 38 91 94 64 67 56 72 13 89 18 48 5 15 3 90 43 45 11 65 46 30 . . 79 12 . . 33 40 86 2 95 34 
94 55 19 20 16 85 24 78 65 1 26 90 58 28 49 83 17 99 41 69 15 54 98 56 5 11 64 3 93 100 9 51 60 . 38 29 . 87 61 10 36 82 34 14 12 30 25 6 43 35 . 86 57 48 71 63 21 8 59 . . . 45 97 84 95 67 23 . 39 . 88 68 32 . . 89 74 7 13 62 76 52 50 96 77 31 73 72 44 27 33 40 53 75 70 18 80 4 66 
. 77 21 . . . 51 26 56 18 96 93 . 22 47 46 66 38 . . 8 85 71 14 73 92 84 . 63 89 31 90 61 76 1 15 69 44 53 57 88 67 54 20 50 91 62 7 24 25 64 97 81 16 83 49 59 . 100 23 27 35 2 72 17 40 42 28 94 95 5 10 58 60 74 55 43 12 33 82 19 . 78 75 30 11 3 36 98 70 39 65 9 37 52 99 41 79 32 4 
39 74 97 16 33 52 . . 50 51 22 92 8 40 83 14 95 6 82 17 89 42 100 71 24 67 . . 94 10 62 20 21 60 75 56 66 78 31 47 35 36 70 5 96 . 46 26 80 29 15 11 30 . 25 90 13 44 37 99 . 4 . 41 53 . 87 81 48 61 45 77 49 38 27 86 91 3 28 85 73 2 54 43 32 1 88 76 93 12 9 23 69 64 72 65 34 57 . 79 
42 89 33 71 77 69 79 1 66 94 28 . 60 53 88 45 15 50 . 56 2 . 55 . 81 76 63 37 40 22 30 73 16 51 . 3 100 23 83 34 32 90 41 78 9 8 75 17 39 13 25 14 31 49 98 97 67 91 . 61 62 59 . 6 82 27 86 4 68 92 35 . 11 36 26 87 21 93 70 84 44 20 . 65 85 64 7 57 80 95 . 24 47 29 10 38 48 58 19 74 
32 28 35 56 54 62 98 23 25 45 38 78 77 43 10 50 41 20 87 65 76 . 26 11 9 13 8 58 1 14 6 81 72 75 68 36 71 17 69 61 99 83 100 70 . 24 49 63 27 21 51 80 . 31 . 91 . 64 55 95 82 . 33 89 18 30 96 39 67 90 53 . 73 88 4 60 22 19 52 66 42 . 92 59 37 97 84 . 74 46 12 79 . 85 2 5 29 86 44 40 
16 70 93 19 . 76 6 . 90 . 100 59 45 23 68 . 30 89 72 20 86 39 . 32 62 66 57 2 49 60 42 47 36 52 10 54 . 38 67 98 12 1 14 34 97 31 79 84 37 . . 18 17 87 74 13 4 71 56 35 24 88 41 61 15 . 85 27 51 . 82 9 80 46 28 33 95 22 44 81 8 53 55 77 26 5 73 65 3 83 75 40 58 25 11 50 92 69 21 94 
. 2 92 90 53 39 34 14 63 4 58 7 72 66 93 25 24 42 37 5 31 47 9 85 28 . 71 95 . 83 . 57 69 45 20 41 52 97 36 56 30 26 91 8 84 10 32 15 44 1 43 . . 74 59 22 79 54 65 . 16 55 17 27 73 3 29 . 64 82 77 96 60 51 67 88 12 6 13 94 100 98 50 33 86 . 18 19 23 76 46 38 48 99 81 80 78 21 . 89 
5 16 57 11 1 67 7 93 64 10 60 . 92 29 95 90 78 87 40 91 41 45 23 34 . 82 76 18 70 46 3 27 38 56 52 85 21 . 89 96 59 48 99 98 54 53 97 51 73 2 83 79 25 39 55 84 . . 6 65 88 9 66 94 37 33 80 74 . 81 62 100 31 50 32 42 63 15 . 20 35 36 77 12 24 43 . . 19 47 14 . 49 8 28 58 17 44 30 13 
98 5 2 100 59 93 96 52 28 86 97 48 . 38 73 12 56 1 89 95 21 11 68 91 43 60 20 78 3 25 35 87 67 54 32 19 50 66 9 37 57 17 74 7 90 55 . 76 65 83 4 36 72 45 14 88 53 39 44 82 . 31 71 92 58 22 81 . 42 77 26 . 6 63 46 . . 79 29 99 40 30 75 . 33 84 94 62 64 13 15 . 10 18 80 . 27 16 51 49 
34 43 6 98 3 25 16 72 71 14 36 69 87 96 51 60 9 46 99 53 . 26 74 75 88 62 . 45 89 80 8 35 90 68 44 83 54 1 57 42 64 10 61 73 . 94 65 13 70 47 82 52 2 85 81 18 37 84 . 21 86 20 97 30 32 59 22 40 11 . 50 . 7 48 95 39 19 29 92 . 41 93 49 28 31 33 79 56 . 63 78 67 91 76 77 . . 15 24 58 
41 85 80 14 13 18 . 82 16 79 27 54 36 75 71 86 61 34 91 83 99 58 38 . . . 2 90 51 59 15 64 84 23 7 9 43 73 78 31 52 . 93 65 3 88 67 8 33 60 32 1 55 94 24 44 57 . 74 37 97 11 4 17 46 53 62 92 50 68 . 48 76 39 25 66 . 100 56 42 70 63 . 87 72 30 6 89 . 69 5 49 19 81 96 28 21 45 47 26 
38 35 32 64 96 27 1 . . 33 16 47 83 48 50 22 14 67 . 31 54 92 95 60 40 . 30 89 87 . 55 66 13 73 51 4 45 34 76 91 84 99 43 79 74 97 10 78 21 81 23 72 19 61 88 2 49 59 28 93 80 5 56 44 . 77 100 12 52 7 15 18 39 24 29 9 65 86 11 36 69 94 68 58 63 57 . 46 8 . 41 70 42 98 17 . 62 . 6 37 
1 24 11 26 65 21 87 89 75 84 . 34 91 92 39 73 82 36 38 . 52 5 41 . 63 96 60 27 14 42 51 70 56 57 53 97 37 64 40 . 8 . 49 100 55 78 30 22 48 74 7 . 76 88 20 71 19 32 83 18 59 81 13 99 3 58 . 31 9 . . 68 72 12 80 67 28 62 69 54 25 6 33 35 90 16 10 50 17 . 98 45 43 93 44 4 46 61 79 85 
36 92 60 58 . 84 19 69 44 . 73 65 90 88 94 . 49 52 62 67 14 77 30 22 31 48 89 43 10 64 39 97 71 53 85 5 26 8 63 83 2 42 98 81 28 18 29 4 . 55 . 12 41 13 11 17 80 66 95 6 40 68 25 16 93 51 79 87 24 54 20 99 100 61 91 75 . . 82 1 38 37 74 72 9 27 78 32 7 21 . 46 . 96 . 76 35 3 86 45 
8 . 4 68 37 . 25 70 34 39 54 18 88 69 84 40 26 71 27 7 45 76 20 . 96 78 . 100 43 . 1 92 12 44 5 48 33 46 65 58 . 56 67 24 . . 17 38 74 66 50 9 53 35 97 42 85 23 2 63 52 72 82 3 29 99 21 75 28 64 41 89 98 73 61 51 57 . 62 80 15 13 11 90 6 79 91 . 60 19 77 36 14 10 49 16 22 30 31 81 
13 22 84 77 90 33 40 7 78 36 70 73 71 95 11 . . 82 53 63 56 . 14 5 3 43 1 98 . 61 58 37 89 81 15 . . 67 79 . 42 21 45 29 80 65 57 27 59 18 75 51 96 . 64 6 23 19 17 30 9 39 60 10 69 47 83 8 55 2 68 34 74 4 72 97 87 31 . 93 91 66 44 38 . 76 32 16 49 26 92 62 52 24 48 35 100 54 28 86 
86 88 24 . 25 78 31 76 33 13 61 98 . 2 79 89 60 80 12 46 38 93 . 7 83 20 99 53 11 37 48 . 39 34 65 44 36 22 94 49 69 3 87 . 16 45 96 75 90 8 72 82 73 57 5 81 64 14 . 55 18 85 9 74 42 52 10 6 27 17 54 . 47 56 . 63 70 91 41 19 58 23 21 51 . 32 71 1 62 40 28 15 97 77 . 30 68 84 43 100 
81 75 8 45 43 49 32 60 55 . 82 31 38 7 35 23 100 19 11 61 . . 88 9 80 79 . 83 50 69 37 36 25 2 17 34 29 90 . 28 87 59 77 51 . 74 68 98 6 12 96 67 58 18 40 99 56 76 5 44 94 46 24 57 47 13 70 63 22 71 85 14 93 27 10 53 30 21 86 64 . 84 . 41 48 52 16 39 65 72 4 . 1 73 66 . 91 20 33 3 
3 20 88 94 57 89 68 12 53 87 18 82 5 60 78 49 75 8 . 76 . 99 80 95 10 70 79 41 83 56 92 . 1 4 72 37 24 45 33 62 13 34 . 50 35 28 15 40 66 9 63 64 43 29 23 . . 98 73 22 . 97 67 77 91 86 31 26 81 55 46 39 51 74 69 21 58 54 27 47 48 17 90 93 14 42 96 100 . 65 44 19 84 61 59 . 6 . 16 11 
12 99 98 92 11 . 89 32 96 24 88 14 . 94 36 5 16 77 26 58 65 75 22 . . 72 91 35 79 34 50 84 . 39 81 21 27 70 52 17 56 25 37 87 7 6 53 43 20 30 60 85 45 51 29 66 9 . 78 97 31 93 10 59 49 . 15 86 73 33 100 23 95 55 57 13 48 8 38 4 18 61 71 2 68 . 67 . 54 82 64 76 3 44 . 47 69 42 90 63 
60 54 43 3 72 . 11 40 30 76 15 50 . 9 6 37 47 5 44 86 70 84 . 20 . 24 53 46 31 96 82 59 57 48 49 . 14 71 97 100 51 61 17 58 34 22 39 21 . 64 90 91 94 79 89 78 33 87 12 29 . 75 93 42 55 . 52 . 85 41 98 7 13 65 73 18 92 1 10 26 28 45 16 . 19 66 8 27 25 4 99 83 74 80 95 2 32 67 23 88 
84 68 28 73 34 . 35 29 98 72 39 80 9 67 53 . 74 . 19 . 85 90 18 66 82 21 51 96 62 6 47 11 30 20 63 99 93 . 15 3 25 . 31 45 87 1 92 60 . 95 37 46 12 52 17 40 8 7 86 59 54 70 . 65 2 83 76 71 23 13 44 81 55 79 94 48 14 61 36 56 . 10 91 78 . 4 43 97 100 41 49 5 22 27 16 32 89 50 58 75 
67 97 53 22 85 82 18 . 5 58 13 23 42 . . 62 19 39 33 54 81 100 34 30 75 8 55 49 . 93 79 31 47 50 25 73 76 24 71 40 . 92 66 61 46 80 74 45 63 10 3 29 48 . . 68 72 16 52 15 44 86 84 43 96 56 99 51 36 83 65 . 69 . 78 20 90 7 64 38 77 26 4 32 57 17 60 12 88 1 94 . 28 35 21 9 14 89 37 87 
29 72 . 15 86 98 37 45 93 35 56 42 79 21 52 95 89 66 2 85 96 9 . 24 17 27 22 32 47 90 73 . . 77 60 16 28 6 70 75 100 51 58 41 64 20 59 80 46 . 48 50 84 82 38 . 88 68 23 91 25 57 81 83 4 63 44 99 54 14 67 62 65 87 1 71 94 34 49 78 33 . 18 74 . 7 30 69 55 39 10 97 8 36 31 26 5 . . 61 
85 26 61 86 47 65 36 63 35 12 . 40 74 25 22 91 39 3 31 32 37 72 11 99 97 83 33 13 75 9 80 45 92 78 . 95 38 54 56 43 49 64 46 6 48 60 5 . 88 76 89 . 18 4 79 19 69 55 53 7 15 77 44 20 100 81 90 52 58 70 . 93 14 66 98 96 2 94 67 10 . 24 51 8 . 82 62 . 42 50 68 27 30 . . 73 84 17 87 41 
78 12 75 1 30 . 45 94 86 8 95 51 3 37 54 47 36 27 66 4 83 35 58 52 32 41 82 93 77 . 11 79 97 72 57 74 . . 59 15 . 81 9 92 22 98 . 56 18 20 26 71 89 67 . 64 . 88 68 43 49 60 5 48 38 61 7 80 65 34 24 . 40 31 100 16 17 25 87 46 50 62 2 29 28 99 90 42 . 23 69 39 21 84 76 33 85 55 73 70 
54 60 37 4 70 56 58 42 67 97 . . 53 27 87 . 8 . 29 38 24 49 32 77 93 57 52 15 . 41 71 30 96 5 . 64 65 20 17 . 74 . 23 63 68 43 28 89 . 6 10 48 47 92 46 85 51 75 81 39 35 78 69 34 86 1 84 16 2 62 55 66 9 . 90 99 80 50 21 59 31 7 22 14 25 36 40 44 61 3 82 13 26 94 88 45 76 100 18 73 
100 62 58 32 9 91 76 68 88 . 24 5 86 46 23 81 7 79 4 44 63 8 28 13 54 87 74 59 . 1 26 49 53 31 47 67 73 15 90 52 97 37 10 48 83 . . 3 57 . . 98 22 . 80 94 92 45 . 2 . 17 99 78 75 41 69 20 18 72 36 40 70 29 12 64 16 43 89 6 65 . 93 42 84 39 61 35 66 33 34 51 85 56 60 14 38 25 55 95 
91 56 82 69 23 40 70 34 32 92 80 84 6 19 . 57 67 . 39 51 62 78 15 43 33 99 28 77 54 98 13 96 50 87 18 38 30 88 37 9 72 71 4 31 27 79 . 81 36 44 55 83 95 64 . 59 86 2 60 . 26 63 49 . 61 76 58 66 16 65 29 . 8 . 11 93 20 47 73 89 1 48 24 7 3 . 74 90 14 . 35 41 12 100 46 75 94 22 17 5 
88 33 15 80 76 3 14 24 85 21 12 10 22 18 66 36 . 7 59 68 48 43 56 46 64 . 5 34 25 92 90 44 94 84 . 39 89 99 . 23 50 8 16 54 42 58 26 . 67 . 49 95 . 96 72 53 . 4 . 27 47 32 1 31 70 62 65 37 78 30 63 6 28 45 9 19 41 35 79 . 74 87 69 13 71 20 86 55 2 17 73 61 38 82 40 100 57 51 52 60 
51 23 78 49 71 54 67 43 . 85 48 100 69 . 74 75 18 . 15 10 4 80 72 55 6 56 95 86 27 . . 61 22 62 . 65 81 21 24 14 9 33 92 . 82 38 77 68 19 58 2 31 42 84 35 93 44 94 34 53 64 . 36 1 83 28 12 7 13 . 66 73 20 47 79 45 3 60 63 98 76 89 70 39 46 25 17 99 90 59 37 96 29 41 87 11 . 40 5 97 
27 83 55 31 21 63 . 56 58 98 29 94 49 . . 84 53 91 93 35 92 34 70 37 68 88 48 97 13 99 60 71 65 89 9 18 85 95 66 51 . 7 62 11 69 . 3 52 81 16 17 42 75 50 86 54 46 15 25 67 73 10 14 96 78 . . 22 61 40 59 24 82 90 20 4 77 64 39 32 6 74 12 47 . 2 19 33 44 100 87 30 76 . . 43 79 23 45 36 
69 90 79 84 58 31 49 85 23 66 21 22 48 . 61 59 65 95 42 98 44 70 97 38 74 46 12 63 5 . 28 3 80 10 . 27 25 76 30 6 71 39 64 19 26 96 . 72 1 40 87 24 92 . 51 . 14 41 13 86 99 56 54 47 81 11 20 94 7 89 . 16 91 57 34 77 . 36 37 75 32 88 9 17 . 15 29 2 4 53 93 50 82 43 67 62 83 35 60 . 
25 4 30 . . 8 39 18 61 31 6 96 89 51 19 17 84 49 77 59 67 57 43 62 15 40 58 . 20 . 16 12 . 13 73 23 90 92 35 44 21 24 2 55 10 . 83 54 85 41 93 99 56 11 1 33 48 36 14 75 70 47 64 52 65 98 78 60 74 37 86 80 34 7 53 82 45 88 . 22 . 68 27 100 42 . 9 38 32 28 97 81 50 87 79 29 . 71 94 69 
75 73 . 29 46 . 53 91 . 2 76 70 19 82 41 . 33 98 60 42 90 6 69 61 84 81 59 99 96 97 100 . . 11 48 . 22 55 23 18 24 28 83 80 66 44 34 57 26 87 31 . 40 32 47 39 94 74 1 12 36 67 63 8 56 50 5 64 77 15 51 30 88 95 3 58 37 9 14 21 54 71 89 52 43 13 27 49 . 25 62 92 20 7 45 79 . 38 65 72 
10 42 54 55 29 . 56 . 47 71 66 64 15 24 38 61 31 22 20 80 60 46 7 74 100 95 45 . 72 . . 78 68 63 69 76 4 79 93 11 19 27 84 49 14 86 87 59 9 32 73 81 51 . 58 21 12 52 48 . 33 53 43 62 . 94 75 36 89 99 25 37 3 40 41 35 83 82 91 57 23 77 13 96 18 44 92 70 28 . . 6 98 97 30 34 26 8 67 50 
