15
15 . 8 14 3 2 7 1 9 13 4 6 . 12 11 
5 1 13 . 11 12 4 3 8 9 2 7 . 15 10 
10 3 . 7 5 8 9 2 15 14 12 1 4 13 . 
9 . 15 8 13 10 . 14 6 12 11 5 7 1 2 
13 15 14 4 8 9 11 6 1 2 7 10 3 . 12 
12 8 6 1 . 14 13 9 5 3 . 11 2 7 4 
8 2 1 12 15 11 6 5 4 7 14 13 . 10 3 
2 6 12 5 14 4 1 10 7 11 . 8 15 3 9 
6 11 4 3 9 7 8 12 10 . 5 15 13 2 14 
4 13 5 11 1 3 10 7 . 15 6 14 12 9 8 
7 12 . 15 . 5 14 13 11 8 9 4 10 6 1 
11 14 2 9 7 1 15 . 13 10 3 12 6 8 5 
. 7 9 10 12 13 5 11 3 6 1 . 8 4 15 
3 5 7 2 6 . 12 8 14 4 10 9 1 11 13 
. 9 10 13 4 6 2 15 12 5 8 3 11 14 7 
