15
. 14 5 2 1 8 7 15 12 13 9 3 11 . 6 
15 1 . . 10 3 5 9 13 12 7 6 2 11 8 
1 11 10 8 . 5 6 14 2 15 . 12 9 3 7 
4 10 3 14 . 2 15 6 9 7 8 1 13 5 11 
13 8 1 15 3 7 . 10 4 14 5 9 6 2 12 
3 12 4 1 5 13 9 8 15 . 11 14 7 6 2 
9 13 12 5 4 14 8 . 7 6 15 11 3 10 1 
14 15 2 11 7 10 3 4 6 1 12 . 5 13 9 
12 9 6 3 11 15 1 5 8 4 2 7 . 14 13 
2 5 7 10 9 6 13 12 11 3 1 4 15 . 14 
8 3 9 6 2 11 12 1 10 5 14 13 4 7 . 
7 6 . 9 8 4 14 13 5 2 10 15 12 1 3 
11 2 13 7 15 . 4 3 14 . 6 5 8 12 10 
. 4 8 12 14 9 2 7 . . 13 10 1 15 5 
5 . 15 13 6 12 10 11 1 8 . 2 14 9 4 
