15
. 11 12 15 14 4 8 13 9 . 1 10 6 3 . 
. 5 11 8 . 1 14 10 6 3 2 4 7 13 12 
8 4 1 12 . 9 . 2 11 14 13 6 10 5 3 
4 12 8 . 1 5 3 14 2 9 6 13 15 11 10 
11 13 6 2 8 . . 9 14 12 15 3 5 4 1 
1 . 7 10 15 6 4 5 13 8 12 11 14 9 2 
5 1 3 14 2 11 13 6 10 4 8 . 12 15 9 
14 6 2 9 3 12 10 . 5 7 11 15 4 1 13 
2 14 5 13 12 . 6 3 4 10 9 1 11 8 7 
3 2 . 5 6 13 9 7 1 11 10 14 8 12 4 
13 8 14 1 5 2 11 12 7 15 . 9 3 10 6 
6 9 10 3 4 8 12 1 15 5 14 2 . 7 11 
9 10 13 4 11 7 2 15 . . 3 5 1 14 8 
10 15 9 11 13 3 5 4 8 1 7 12 2 . . 
12 7 4 6 . 14 1 11 3 13 5 8 9 2 15 
