15
4 2 10 9 . 5 1 6 7 15 12 3 14 13 11 
1 8 11 6 12 13 . 9 14 5 3 4 10 15 7 
10 . 14 11 15 7 3 8 4 13 1 12 6 5 2 
14 15 3 4 2 8 7 5 11 1 10 9 13 . 12 
15 6 12 14 10 . 13 7 5 11 8 1 2 9 3 
9 12 . 5 4 15 14 11 3 6 13 7 . 1 10 
12 11 9 8 13 6 15 4 2 3 . 10 7 14 . 
7 4 5 13 14 . 10 15 1 9 . 8 11 12 6 
6 10 13 12 1 11 8 2 . 7 14 5 4 3 9 
. 7 1 10 11 14 4 12 6 2 9 13 15 8 5 
. 14 6 7 9 . 11 3 10 12 15 . 5 4 13 
13 3 4 . 5 10 6 14 9 8 7 11 12 2 15 
11 5 8 15 . 2 9 13 12 . 6 . 1 7 4 
5 13 7 2 6 9 12 . 8 4 11 15 3 10 14 
2 1 15 3 7 12 5 10 13 14 4 6 . 11 8 
