15
. 10 13 . 5 3 2 6 4 11 14 1 12 7 15 
10 5 8 12 2 . 11 15 7 6 13 4 1 3 14 
. 3 . 1 13 12 8 9 6 14 2 7 11 15 4 
6 14 15 4 8 1 3 10 5 7 9 12 . 11 13 
13 11 2 3 6 5 . 12 10 15 7 8 14 9 1 
4 12 9 10 1 7 5 13 11 8 6 . 15 14 3 
2 15 3 7 . 6 14 5 12 4 1 11 8 13 . 
7 1 14 11 10 4 13 3 8 . 5 15 9 6 2 
9 4 11 8 7 15 12 1 14 2 . 13 10 5 6 
12 9 . 13 . 10 15 14 2 1 11 5 7 4 8 
14 . 5 2 15 8 6 11 1 9 4 3 13 10 12 
11 6 12 15 4 14 1 . 13 3 10 9 5 . . 
1 8 7 6 14 11 9 . 3 13 15 10 4 12 5 
3 . 1 5 11 2 7 4 15 10 12 14 6 . 9 
. 2 4 14 12 13 10 7 9 5 8 6 3 1 11 
