15
. 11 12 15 . 4 8 13 9 2 1 10 6 3 . 
. . . 8 9 1 14 10 6 3 2 4 7 13 12 
8 . 1 12 . . 15 2 11 . 13 6 10 5 3 
4 12 8 . 1 5 3 . 2 9 . 13 15 . 10 
11 13 6 2 8 10 . 9 . 12 15 3 . 4 1 
1 3 7 10 . . . 5 13 . 12 11 . 9 2 
5 . . 14 . . 13 6 10 4 8 7 12 15 9 
14 6 2 9 3 12 10 8 5 7 . . . 1 13 
2 14 5 13 12 15 6 . 4 . 9 1 11 8 . 
3 2 15 5 6 13 9 . 1 . 10 . 8 12 4 
13 8 14 1 5 . 11 12 7 15 4 . 3 . . 
. 9 10 3 4 8 12 1 15 5 . 2 13 . 11 
. . 13 . . 7 . 15 12 6 3 5 1 14 8 
10 15 9 . 13 3 5 4 . 1 7 12 2 . 14 
. . . 6 10 . 1 11 . 13 5 8 9 2 . 
