15
. 14 5 2 1 8 7 15 12 13 . 3 11 . 6 
15 . 14 . 10 3 5 9 13 12 7 . 2 11 . 
1 11 10 . 13 5 6 14 2 15 . 12 . . 7 
4 . 3 14 . 2 15 6 9 7 8 . 13 5 11 
. 8 . 15 3 7 . 10 4 14 5 9 . 2 12 
3 12 . 1 . . 9 8 15 . 11 14 7 6 2 
9 13 12 . . 14 . 2 7 . 15 11 3 10 1 
14 15 . . 7 10 3 . 6 1 12 . 5 13 9 
12 9 6 3 11 15 1 . . 4 2 7 10 14 . 
2 5 7 10 9 6 13 . . 3 1 . 15 8 14 
8 3 9 6 2 11 12 1 . 5 . 13 . . 15 
7 6 11 9 8 . 14 . 5 2 10 15 . 1 . 
11 2 13 7 . . . 3 14 9 6 5 8 . 10 
6 4 . 12 14 9 2 . 3 . 13 10 1 15 5 
. . 15 . 6 . 10 11 1 8 3 . 14 9 4 
