16
4 2 9 1 3 8 7 11 16 15 13 . 12 5 . 10 
15 12 7 . 5 16 8 . 10 9 14 6 11 1 13 2 
10 14 2 15 11 7 5 9 4 . 8 13 3 6 12 16 
. 10 12 . 2 15 6 5 13 8 3 4 14 16 1 11 
. 16 1 8 9 2 14 6 7 4 11 5 . 12 10 13 
13 9 15 3 14 . . 8 11 12 6 7 1 10 2 5 
11 5 4 . 8 14 13 1 3 16 10 12 2 9 7 . 
6 11 . 5 4 10 2 7 12 13 1 15 9 3 14 8 
1 7 5 11 13 3 15 10 6 14 . 9 16 2 8 12 
2 4 8 . 16 11 10 14 . 7 9 3 6 13 15 1 
14 . 11 16 12 6 1 15 . 2 7 10 13 4 5 9 
12 8 3 13 1 . . 16 14 10 15 2 4 7 9 6 
9 6 . 10 7 13 12 4 . 5 16 1 8 15 11 3 
8 1 13 7 6 12 9 2 15 3 5 16 10 11 . 14 
16 13 10 14 . 9 4 12 1 6 2 11 5 8 3 7 
5 15 6 2 10 1 3 13 9 11 12 8 7 . 16 4 
