16
8 6 4 2 9 13 10 12 . 14 . 7 15 16 . 1 
10 15 9 13 3 11 12 1 . 5 14 2 16 8 7 4 
3 8 2 9 13 12 4 16 1 15 6 10 5 7 . 11 
15 . 1 5 8 6 7 10 11 4 3 9 2 12 16 14 
6 16 3 . 12 1 13 9 8 7 2 14 . 4 11 5 
1 5 13 10 . 7 16 6 4 2 15 12 3 14 9 8 
. 11 15 3 1 4 6 2 9 12 16 8 14 5 13 10 
13 1 14 11 7 . 3 4 10 9 12 16 6 2 8 15 
2 9 6 8 14 16 11 13 5 . 4 3 12 1 15 7 
12 3 11 . 15 8 2 14 7 . 9 5 13 10 4 6 
4 7 16 1 10 14 9 . 2 8 5 13 11 . 6 12 
9 12 5 4 6 10 8 3 14 16 7 . 1 11 2 13 
. 2 8 7 16 9 14 11 12 13 10 6 . 15 1 3 
14 . 7 12 5 3 15 8 16 11 13 1 . 6 10 . 
11 10 . 14 2 15 5 7 13 6 . 4 8 9 3 16 
16 14 . 6 4 2 1 5 15 3 8 11 7 . 12 9 
