16
9 3 2 14 13 5 7 6 16 4 12 11 1 8 . 10 
. 10 3 16 8 11 13 12 6 14 . 7 . 5 2 9 
11 . . 10 1 14 2 16 13 8 5 3 . 9 6 15 
7 15 1 . 10 8 16 14 9 3 11 6 2 . 12 . 
6 4 11 7 2 13 12 . . 16 14 . 5 15 8 1 
12 5 9 . 6 4 11 13 8 10 3 15 14 1 16 7 
. 8 5 15 7 12 3 2 4 9 13 1 11 6 10 14 
5 9 . 11 16 1 10 4 2 15 7 12 6 3 14 8 
14 2 12 13 11 9 . 7 15 1 10 4 8 16 3 6 
3 1 6 8 5 . 4 15 7 13 9 14 12 10 11 16 
13 6 10 9 15 7 14 5 3 12 2 8 . 4 1 11 
4 14 8 3 . 16 1 10 11 6 15 5 13 7 9 2 
1 13 7 5 3 6 8 . 14 11 16 10 15 2 4 12 
10 16 14 1 4 3 15 8 12 7 6 2 9 11 5 . 
2 7 15 12 9 10 6 11 1 . 8 16 3 . 13 4 
8 11 16 6 14 15 9 1 5 2 . . 10 12 7 3 
