16
16 15 8 14 13 10 . 2 11 7 5 9 4 1 . 3 
15 3 16 1 8 7 11 14 10 12 4 13 . 2 9 5 
12 16 2 8 4 6 3 5 1 . 10 14 7 9 15 13 
2 5 6 10 3 12 16 4 8 9 14 15 13 11 7 . 
13 8 12 15 7 2 10 16 9 6 1 5 . . . 4 
7 1 15 3 6 . 8 11 . 5 16 12 14 4 . 2 
9 10 4 6 . 13 5 8 15 3 11 16 2 7 14 12 
1 . 10 12 16 15 2 13 7 14 3 8 5 6 4 . 
. 9 5 11 15 4 14 10 12 13 2 3 8 16 1 7 
10 4 3 . 9 1 13 6 14 15 7 2 12 8 5 . 
4 14 13 2 . 11 9 15 5 16 12 . 1 3 8 6 
. 2 7 13 14 16 4 . 6 1 15 11 9 5 3 10 
3 13 9 7 11 5 12 1 4 2 8 6 10 15 . 14 
11 12 . 4 5 8 7 9 3 10 6 1 15 13 2 16 
14 6 1 5 2 . 15 7 16 4 9 10 11 12 13 8 
5 7 11 9 12 14 1 3 2 8 . 4 16 . 6 15 
