16
4 9 8 16 7 . 13 12 1 6 14 5 11 . 2 10 
10 1 5 6 16 9 2 4 11 14 13 7 15 3 . 8 
3 . 12 1 6 15 9 16 13 2 7 4 10 8 5 14 
15 16 2 7 8 12 4 13 . 9 10 11 . 14 6 3 
16 13 6 14 15 . . 10 12 1 3 2 8 11 4 9 
. 12 15 13 11 5 1 14 6 8 9 10 7 16 3 . 
13 8 14 11 5 1 12 6 10 . . 15 3 2 9 7 
14 2 1 9 4 11 6 . 7 5 16 8 13 12 10 15 
8 4 9 . 3 6 15 1 16 7 11 14 2 5 . 12 
6 5 11 . 12 2 8 7 14 4 15 . 9 10 1 16 
5 6 . 2 10 13 14 11 9 3 8 16 12 4 15 1 
11 3 10 12 13 4 16 9 2 . 6 1 14 7 8 5 
7 14 16 8 . 10 3 5 15 12 2 6 4 9 11 13 
9 10 3 5 14 8 11 15 4 13 1 12 . . 7 2 
12 15 13 . . 16 7 2 8 10 5 3 6 1 14 11 
1 7 4 15 2 14 10 8 . . 12 9 5 13 16 6 
