16
4 2 9 1 3 8 7 11 16 15 . . . 5 . 10 
15 . 7 . 5 16 8 . . 9 14 6 11 1 13 2 
10 . 2 15 11 7 5 . 4 . 8 13 . 6 12 16 
. 10 12 9 . . 6 5 . 8 3 4 14 16 1 11 
3 . . . 9 2 14 6 7 4 11 5 . 12 10 13 
13 9 15 3 14 . . 8 11 12 6 . 1 10 . 5 
11 5 4 6 . 14 13 1 3 . 10 . 2 9 7 . 
6 11 . 5 . 10 . 7 12 13 1 15 9 3 . 8 
. 7 5 11 13 . 15 10 . 14 4 9 16 2 8 . 
2 4 . 12 16 11 10 14 5 7 9 3 . . 15 . 
14 3 11 . 12 6 1 15 8 . . 10 13 4 . 9 
12 8 3 . . 5 11 16 14 10 . 2 4 . 9 6 
. . . 10 7 13 12 . 2 5 16 1 8 15 11 3 
8 1 13 7 6 12 . . 15 . 5 16 10 11 4 . 
16 13 10 14 15 9 . 12 . 6 . 11 5 . 3 7 
. 15 6 2 10 . 3 13 9 11 12 . 7 . 16 4 
