16
8 6 4 2 9 13 10 . 3 . . 7 15 16 5 . 
10 15 9 . 3 11 . 1 . 5 14 . 16 8 7 4 
3 . 2 . 13 12 4 16 1 15 6 10 5 7 . . 
15 13 . 5 8 6 7 . . 4 3 . 2 12 16 14 
6 . 3 15 . 1 13 9 8 . 2 . 10 4 11 5 
1 . . 10 11 7 16 6 4 2 15 12 3 . . 8 
7 11 15 3 1 4 . 2 9 . . 8 14 . 13 10 
13 1 14 11 . 5 3 4 . 9 12 . . 2 8 15 
2 . 6 8 . 16 11 . 5 10 4 3 12 . 15 7 
12 3 11 16 15 8 2 . . 1 . 5 . 10 4 6 
. 7 16 1 . . 9 15 2 8 5 13 . 3 6 12 
9 12 . . 6 . 8 3 14 16 7 15 . 11 2 13 
5 2 8 7 16 9 . 11 12 . 10 6 4 . . 3 
. 4 7 12 5 3 . 8 16 11 . 1 9 6 10 . 
. 10 . 14 2 15 5 7 13 6 1 4 . 9 . 16 
. 14 10 . 4 2 1 5 15 3 8 11 7 13 . . 
