16
16 15 . 14 13 10 . 2 11 . . 9 4 1 12 3 
15 3 16 . . 7 11 14 10 12 4 13 . 2 9 . 
12 16 . 8 4 6 3 5 1 . 10 14 . 9 15 . 
2 . 6 10 3 12 16 . 8 . 14 . 13 11 7 1 
13 8 12 15 . . 10 . 9 6 1 5 3 14 11 . 
7 1 . 3 . 9 . 11 13 5 16 12 14 . 10 2 
. 10 . 6 1 13 5 8 . 3 . 16 2 7 14 12 
. 11 10 . . 15 2 13 7 14 3 . 5 6 4 9 
6 . 5 11 15 . 14 10 12 13 . 3 8 16 . 7 
10 4 3 16 9 1 13 6 14 15 . . . 8 . 11 
4 14 13 2 10 . . 15 . 16 12 7 1 . 8 6 
8 2 7 13 14 . . 12 6 1 15 11 9 . . 10 
. 13 9 . 11 5 12 1 . . 8 6 10 15 16 14 
11 12 14 4 5 8 7 . 3 10 6 1 . . . 16 
. . 1 5 2 3 15 7 16 4 9 10 11 . 13 . 
5 . 11 9 12 14 1 . . 8 13 . 16 10 6 15 
