16
4 9 . 16 7 . 13 12 . 6 14 5 11 15 2 . 
10 1 5 . 16 . 2 4 11 14 . . 15 3 12 8 
3 . 12 . . . 9 16 13 2 7 4 10 8 5 14 
. 16 2 7 8 . 4 13 5 . 10 11 1 14 . 3 
16 . 6 . 15 7 5 10 . 1 3 2 . 11 4 9 
2 12 15 13 11 5 1 . 6 8 9 10 . . . 4 
13 8 14 11 5 1 . 6 10 . . 15 . 2 9 7 
. 2 1 9 . 11 . . 7 5 16 8 13 12 10 15 
8 4 9 10 3 6 15 1 . 7 11 . . 5 13 . 
6 . 11 3 12 2 8 7 . 4 . 13 9 . 1 16 
. 6 7 . . 13 14 . 9 3 8 16 12 4 15 1 
11 . 10 . 13 4 16 9 2 15 6 1 14 . 8 . 
. 14 16 8 1 10 3 5 15 . 2 . 4 9 11 . 
9 10 . 5 14 8 . 15 4 . 1 12 16 6 . 2 
12 15 . 4 . 16 7 . 8 10 5 3 6 . 14 11 
1 7 . 15 2 14 . 8 3 11 12 . 5 13 . 6 
