16
9 3 2 14 . 5 7 6 . 4 12 . 1 8 . 10 
. 10 3 16 8 11 13 . . 14 . 7 4 5 2 9 
11 . 4 10 . 14 . 16 13 8 . 3 7 9 6 15 
7 . 1 4 10 8 16 . 9 3 . 6 2 . 12 5 
6 4 11 . 2 . 12 3 . 16 14 9 5 15 8 . 
. 5 9 . 6 4 11 13 8 . 3 15 14 . 16 7 
16 . 5 15 . 12 3 . 4 9 13 1 11 6 . 14 
5 9 13 . 16 1 10 . 2 15 7 . 6 3 . 8 
14 2 12 13 11 9 . 7 . 1 10 4 8 . 3 . 
3 1 6 8 5 . 4 15 7 13 9 14 12 . . . 
. 6 10 9 . 7 14 5 3 12 . 8 . 4 1 11 
4 14 . 3 12 16 . 10 11 6 15 5 . 7 9 . 
1 13 7 . 3 6 8 9 14 . 16 . . 2 4 12 
10 16 14 1 4 . . 8 12 . 6 . 9 11 5 13 
. 7 . 12 9 . 6 11 1 . 8 16 3 14 13 4 
8 . 16 6 14 15 9 1 5 2 4 . . . 7 3 
