17
2 7 3 5 13 14 6 1 9 8 . 10 4 15 12 11 16 
9 15 2 11 10 7 . 16 3 13 5 17 6 4 1 . 14 
3 11 9 4 17 . 10 14 1 5 12 7 8 13 16 6 15 
11 9 1 . 15 10 13 6 14 4 . 8 16 12 3 5 17 
7 . 11 16 3 8 5 15 12 . 14 13 9 6 10 1 . 
10 13 . 1 2 17 4 8 16 3 6 12 11 5 14 9 7 
8 16 13 14 1 3 17 2 6 . 15 9 10 11 7 4 5 
15 12 14 10 16 6 11 . 5 2 4 1 3 17 8 7 13 
13 8 . 17 11 16 7 5 4 1 2 14 . 10 15 3 9 
12 17 5 9 14 11 1 4 10 16 8 3 7 2 13 . 6 
14 10 12 3 . 1 9 17 11 6 16 15 13 7 5 2 8 
. 4 16 7 8 15 14 . 2 10 1 6 5 9 11 13 3 
16 14 8 6 . 12 3 7 . 9 13 . 15 1 2 10 11 
5 3 10 12 7 4 8 11 . 15 9 16 1 . 6 17 2 
1 5 7 13 . 9 15 3 8 14 11 2 17 . . 12 10 
6 1 4 8 9 5 2 13 . 7 10 11 14 . 17 16 12 
4 6 17 15 12 13 16 10 7 11 3 5 2 8 9 14 . 
