17
17 12 15 6 11 1 14 16 13 3 . 2 10 7 4 9 8 
13 17 10 4 1 . 12 14 15 5 9 6 16 3 11 8 7 
3 16 6 15 7 14 8 13 4 2 11 17 12 9 . 10 1 
8 2 1 . 5 10 4 7 6 13 17 14 3 11 9 15 . 
9 . 17 1 2 13 3 6 16 14 7 11 8 12 10 4 5 
12 . 14 2 8 9 16 5 17 6 15 . 4 1 7 11 10 
7 9 12 11 17 8 . 4 5 15 3 10 6 13 16 14 2 
14 10 . 9 13 16 11 . 7 8 1 4 15 2 17 5 6 
16 5 . 10 9 11 2 . . 17 13 7 14 6 1 . 15 
. 4 11 8 10 3 . 9 12 7 2 16 17 5 14 1 13 
15 13 8 5 4 12 7 . 11 16 6 1 9 17 3 2 14 
1 8 5 14 16 7 6 11 . 12 4 3 13 10 15 17 . 
. 11 13 7 15 4 17 1 9 10 14 12 5 16 8 6 . 
4 14 2 3 . 15 13 17 . 9 10 5 7 8 6 16 11 
5 . 9 12 6 17 10 2 8 1 . 15 11 14 13 3 4 
10 6 7 17 3 5 9 15 14 . . 8 1 4 2 13 16 
11 1 16 13 14 6 5 3 10 4 8 9 . 15 12 7 17 
