17
15 5 9 1 10 16 7 8 . 4 14 3 2 12 . 13 17 
1 3 8 15 7 14 5 16 . 10 12 6 13 2 11 17 . 
8 13 14 . 5 1 6 11 10 16 15 2 . 7 12 4 9 
10 12 11 7 3 4 13 9 8 6 . 5 15 1 16 2 14 
3 . 4 5 1 15 17 14 12 9 10 16 11 6 13 8 7 
. 15 2 9 4 13 1 10 6 14 7 . 8 11 17 16 3 
9 14 10 8 13 17 12 . 16 1 3 11 . 15 5 . 2 
16 7 6 17 9 8 2 15 4 11 13 10 1 5 14 . 12 
17 16 15 4 2 10 14 12 13 8 6 1 3 . 7 11 . 
2 6 7 10 14 11 . 13 3 17 9 15 5 4 8 12 1 
7 17 3 12 16 9 . 4 5 2 8 13 14 10 . 15 6 
14 1 16 2 8 . 3 5 15 12 11 9 6 17 4 10 13 
11 8 5 14 12 2 9 1 7 . 4 17 10 16 . 6 15 
13 11 12 . 6 3 10 7 17 15 1 4 9 14 2 5 8 
. 10 1 13 11 6 4 17 14 5 2 8 7 3 15 9 16 
6 4 . 11 . 12 8 2 1 3 5 7 . 13 9 14 10 
. 9 13 6 17 5 15 3 2 7 16 14 . 8 10 1 11 
