17
2 4 5 17 9 10 7 3 11 6 14 12 1 8 . 16 13 
10 6 15 4 11 8 3 14 7 9 1 5 12 2 16 13 . 
6 16 1 9 5 4 14 11 3 7 . . 15 12 10 8 2 
4 14 2 6 13 15 8 9 1 12 5 7 3 . 17 11 16 
11 8 16 12 10 17 5 4 2 . 7 15 13 3 9 6 1 
13 3 9 1 8 16 10 . 15 11 2 4 17 6 14 5 12 
17 9 6 5 . 2 13 1 16 3 10 8 14 15 7 4 11 
16 10 12 11 1 6 . 15 5 2 4 13 9 14 8 3 7 
14 . 3 10 4 11 2 17 12 15 16 . 8 13 6 7 9 
7 17 . 16 15 . 9 10 4 13 6 3 11 5 12 2 14 
9 7 . 8 16 12 15 2 13 1 17 10 5 4 3 14 6 
5 . 7 14 2 13 6 12 . 17 3 16 10 1 . 9 4 
. 1 . 3 6 5 12 13 14 . 11 . . 7 2 17 8 
1 13 17 7 14 3 11 16 10 8 12 . 2 9 4 15 5 
12 2 14 . 3 7 16 6 9 5 8 11 4 17 1 10 . 
3 12 13 2 7 9 4 8 17 . 15 14 6 11 5 . 10 
. 11 4 15 . 14 1 5 6 10 9 2 7 16 13 12 3 
