17
15 2 . 4 17 3 11 1 5 16 13 6 14 7 9 8 10 
10 11 8 . 16 1 13 . 17 2 4 9 6 14 7 3 5 
7 3 4 1 9 10 14 2 16 8 . 12 15 13 5 . 11 
17 14 6 . 2 7 16 11 12 . 8 15 9 5 13 4 . 
11 . 1 9 15 5 12 4 8 13 3 10 7 . 14 16 2 
2 1 . 13 12 9 10 8 3 14 6 7 4 17 15 11 . 
3 16 13 11 6 15 4 14 2 17 7 . 10 8 12 5 9 
1 13 14 10 4 11 8 7 . 5 16 3 17 9 2 12 15 
14 12 7 . 10 6 3 13 9 15 11 5 2 16 . 17 4 
5 . 3 7 8 4 1 16 13 6 9 17 12 2 11 15 14 
9 4 2 15 3 13 5 . 11 7 1 . 8 12 6 . 17 
12 5 11 6 14 . 17 9 4 3 15 2 1 10 8 13 7 
16 8 9 17 7 14 . 3 1 11 10 13 5 15 4 2 12 
13 7 15 16 . 8 2 17 10 4 12 . . 1 3 9 6 
4 6 17 14 13 12 7 . 15 9 2 11 16 3 10 1 8 
8 . 10 . 1 17 15 6 14 12 5 4 3 11 16 7 13 
. 15 16 5 11 2 9 12 7 1 14 8 13 4 17 10 3 
