17
. . 9 1 10 16 7 8 . 4 14 3 2 12 . 13 17 
. 3 8 15 7 14 . 16 9 10 12 6 13 2 11 . . 
8 13 14 . 5 1 6 11 10 16 15 2 17 7 . . . 
10 . . 7 3 4 13 9 8 6 17 5 . 1 16 . 14 
3 2 4 5 . . 17 14 12 . . 16 11 6 . 8 7 
. . 2 9 4 13 1 10 . 14 . 12 8 11 17 16 3 
. . . 8 13 17 12 . . 1 3 11 . 15 5 7 2 
16 7 6 17 9 8 . . . 11 13 10 . 5 14 3 12 
17 16 . 4 . . 14 12 13 8 6 . 3 9 7 11 5 
2 6 7 10 14 . . 13 3 . 9 . 5 4 8 12 1 
7 17 3 12 16 9 11 4 5 2 . . 14 10 . 15 . 
. 1 16 2 . 7 3 5 15 . 11 . 6 17 4 10 . 
11 8 5 14 . . 9 . 7 . 4 17 10 16 3 6 15 
13 11 12 16 6 . 10 . 17 15 1 4 . . 2 5 8 
12 10 . . 11 6 . 17 14 5 2 8 7 3 15 . 16 
6 4 17 . 15 12 8 . 1 3 5 . 16 . 9 14 10 
4 . 13 . 17 5 15 3 2 7 . 14 12 8 . 1 11 
