17
. 7 3 5 13 14 6 1 9 . . 10 4 15 . . 16 
9 . 2 11 . 7 . 16 3 13 5 17 6 4 1 . 14 
. 11 9 4 . 2 . 14 . 5 12 7 8 13 16 6 15 
11 9 1 2 15 10 13 6 14 . . . 16 12 . 5 17 
7 . . 16 3 . 5 15 12 17 14 13 9 6 10 . 4 
10 . 15 . 2 17 4 8 16 3 6 . . 5 14 9 7 
8 . 13 14 1 . . 2 6 12 15 9 10 . 7 4 . 
15 12 14 . 16 6 . . . 2 4 1 3 17 . 7 13 
13 8 6 17 11 16 7 5 4 1 . 14 . . 15 . 9 
. . 5 . 14 11 1 4 . 16 8 3 7 2 13 15 6 
14 10 . 3 . 1 9 17 11 6 16 . 13 . 5 2 8 
17 4 16 . . 15 14 12 2 . 1 6 5 9 11 13 . 
16 14 8 6 5 12 3 . 17 . 13 4 . . 2 10 11 
5 3 10 12 7 . . 11 . 15 . 16 1 14 . 17 2 
1 5 7 13 6 . 15 3 . 14 11 2 17 16 . 12 . 
. 1 4 . 9 5 2 . 15 7 10 11 . 3 17 16 12 
. 6 . 15 12 13 16 . 7 11 3 . 2 8 9 14 1 
