17
2 . 5 17 9 . . 3 11 6 14 12 1 8 . 16 13 
10 6 . . 11 8 . 14 7 9 1 5 12 2 16 . . 
6 16 . 9 . . 14 11 . 7 . 17 15 12 10 8 2 
4 14 2 6 13 15 8 9 1 12 5 7 . . . . 16 
. 8 16 12 10 17 5 4 . . . 15 13 3 9 6 1 
13 . 9 1 8 . 10 . 15 11 2 4 . 6 14 5 12 
. 9 . 5 . 2 13 . 16 3 10 8 14 15 7 4 11 
16 10 12 . 1 6 . . 5 . 4 13 9 14 8 3 7 
14 . . 10 4 11 2 17 12 15 16 1 8 . 6 7 . 
7 . 8 16 . 1 . 10 4 13 6 3 11 . 12 2 14 
9 7 11 8 16 . 15 2 . 1 17 . 5 4 . 14 6 
5 15 7 14 2 13 6 12 . 17 3 . . 1 11 9 . 
. 1 . 3 6 5 12 13 14 . 11 . 16 7 . 17 8 
. 13 17 7 . 3 11 16 10 8 12 6 . 9 4 15 . 
12 2 14 . 3 7 16 6 9 . 8 11 4 . 1 . 15 
3 12 13 . . 9 4 8 . 16 15 . 6 11 5 1 . 
8 11 4 15 17 . 1 . 6 . 9 2 7 16 13 . 3 
