17
15 2 . 4 17 3 11 . 5 16 13 6 . 7 9 8 . 
10 11 8 . . 1 13 15 17 2 . . 6 14 7 3 5 
7 . 4 1 9 10 14 . 16 8 . 12 15 13 . 6 11 
17 14 6 . 2 7 . . 12 . 8 15 9 5 13 . 1 
. 17 1 9 15 5 . 4 8 . . 10 7 6 14 16 . 
2 1 5 13 . 9 . . 3 14 6 7 4 . 15 11 16 
3 16 . 11 . 15 4 14 2 . 7 1 10 . 12 5 9 
1 13 14 . 4 11 8 7 6 5 16 . 17 9 . 12 . 
14 12 . 8 10 . 3 13 9 15 11 5 2 . 1 17 . 
. 10 . 7 8 . 1 16 13 6 9 17 . . 11 15 14 
9 4 2 15 3 13 5 10 11 7 1 . . 12 . . 17 
12 5 11 6 . 16 17 9 . 3 . 2 . 10 8 13 7 
. . 9 17 7 14 6 3 1 11 10 13 5 15 . . 12 
. . 15 . 5 8 2 17 10 . 12 14 11 1 3 9 6 
4 . 17 14 13 12 . 5 15 9 2 11 16 . 10 . 8 
8 9 10 2 1 . . 6 . 12 5 . 3 11 16 7 13 
6 15 16 . 11 . . 12 . 1 14 8 . 4 17 10 3 
