17
17 12 15 . 11 1 14 16 . . . 2 10 7 . 9 . 
13 17 . 4 1 2 12 14 15 . . 6 16 3 11 8 . 
3 16 6 15 7 . 8 13 4 2 11 . . 9 5 10 . 
. 2 1 16 5 10 4 . 6 13 17 14 3 11 . . 12 
9 15 17 . 2 13 3 . 16 14 7 11 8 12 . 4 . 
12 . 14 . . 9 16 5 17 6 15 13 4 . 7 11 10 
7 . 12 . 17 8 1 4 5 . 3 . 6 13 16 14 2 
14 10 3 9 13 16 . 12 . 8 1 4 . . 17 5 6 
. 5 . 10 9 . 2 8 3 17 . 7 14 6 1 12 15 
6 4 . 8 10 . 15 9 12 7 2 16 . 5 14 . 13 
15 13 8 5 4 12 . 10 11 16 . . 9 17 3 . 14 
. 8 5 14 16 . 6 11 2 12 4 3 . 10 . 17 9 
2 11 13 7 . 4 17 . . . 14 12 5 . 8 6 3 
4 . . 3 . 15 . 17 1 9 10 5 7 8 6 16 11 
5 . 9 . 6 17 10 2 . 1 16 15 11 14 . 3 4 
. 6 7 17 3 5 9 . 14 . 12 8 1 4 2 . 16 
. . 16 13 14 6 . 3 10 4 8 . 2 15 . 7 17 
