18
6 8 16 15 18 2 1 11 12 14 7 17 10 . 4 9 13 . 
13 17 . . 10 12 8 15 5 1 2 16 . 9 7 3 14 4 
15 5 9 18 12 . . . 2 10 3 7 4 8 13 11 6 17 
5 1 10 6 11 9 7 2 16 17 18 4 12 15 . 13 . 8 
12 7 1 8 . 18 10 4 . 13 14 11 15 16 17 5 9 2 
14 . 5 10 9 . 3 17 15 2 . 13 11 6 12 18 4 1 
. 15 14 5 7 13 18 1 3 16 6 2 17 4 8 . 11 12 
8 13 15 3 . 4 11 5 7 9 17 18 14 2 10 6 12 16 
1 14 3 2 8 17 . 10 4 5 15 6 18 7 9 12 16 11 
11 6 13 12 2 8 16 9 10 3 4 . 1 5 18 7 . 15 
3 18 2 . 5 6 4 14 11 12 10 9 8 13 16 15 . 7 
. 10 12 4 14 11 17 6 13 18 9 5 16 1 2 8 15 3 
2 4 8 7 17 5 15 3 18 6 11 12 13 14 . 16 10 9 
17 11 4 14 15 . 5 8 1 7 13 3 9 12 6 2 18 10 
4 12 6 1 13 10 2 18 9 . 16 15 . 11 3 17 5 14 
. 9 17 16 6 3 12 7 14 11 5 1 2 18 15 4 . 13 
16 2 11 9 4 14 6 13 17 15 . 8 3 10 5 1 7 18 
18 3 7 13 16 15 9 12 8 4 1 10 5 . 11 14 2 6 
