18
6 9 7 17 15 12 11 4 10 8 2 14 13 5 1 . 3 18 
2 3 14 11 18 . 1 15 9 12 7 10 16 13 4 6 5 . 
. 7 18 16 10 15 3 9 14 13 1 11 12 6 2 4 8 17 
16 1 8 4 12 14 6 10 11 18 17 3 2 . 15 13 7 5 
9 17 2 6 11 3 13 18 16 1 . 4 5 12 7 10 15 14 
7 6 16 15 8 2 14 12 4 5 3 13 . 10 9 11 . 1 
14 13 12 18 6 . 16 5 17 4 15 2 3 7 10 1 9 11 
1 11 13 14 9 16 12 3 . 10 5 6 7 15 18 8 17 4 
18 . . 5 7 1 10 17 13 11 . 12 15 8 6 2 4 3 
11 15 6 10 13 4 7 . 12 . 18 17 9 1 5 14 2 16 
8 10 4 3 2 6 15 13 1 17 12 7 11 18 . 5 16 9 
10 18 1 2 14 13 . 16 5 7 4 9 6 . 17 12 11 15 
15 4 3 1 16 7 18 . 8 2 6 . 14 17 13 9 12 10 
17 2 11 12 5 18 9 . . 14 16 15 . 4 3 7 10 13 
13 12 10 9 17 . 2 14 3 6 11 18 4 16 8 15 . 7 
4 14 . 8 . 10 . 7 15 9 13 16 18 2 11 3 6 12 
12 8 5 7 3 11 4 . 18 15 9 1 10 14 . 17 13 6 
3 5 15 . 4 9 17 6 7 16 10 8 1 11 . 18 14 2 
