18
12 18 8 4 10 . 14 3 5 7 15 6 17 11 9 1 2 13 
6 10 3 17 18 2 7 16 13 15 14 11 4 12 1 . 9 5 
7 16 . . 3 10 11 17 14 9 13 8 12 . 18 5 15 6 
10 17 5 16 4 13 8 7 11 2 . 1 9 14 3 12 . 15 
14 1 9 7 2 5 . . 8 3 16 4 11 10 6 . 12 18 
11 9 2 18 17 6 4 14 15 13 12 . . 5 8 7 1 16 
16 15 . 3 1 12 13 18 7 11 17 . 6 . 5 2 8 9 
1 . 12 6 15 7 9 . 3 17 18 10 5 13 16 4 14 2 
17 7 6 13 . 11 18 2 9 4 1 16 3 8 10 15 5 12 
. 5 18 15 16 8 6 12 17 10 11 2 1 9 4 14 13 7 
15 14 . 10 12 18 1 9 2 . 5 17 13 3 7 16 4 8 
8 13 1 14 5 9 3 . . 18 2 15 7 17 12 10 6 11 
18 3 7 8 11 4 17 . 6 . 9 12 2 1 15 13 16 14 
5 . 16 12 6 14 2 1 10 8 7 9 15 18 13 3 11 . 
13 11 14 9 7 . 12 15 4 16 3 5 . 6 2 18 17 10 
4 6 13 2 9 3 16 5 18 12 8 7 14 15 17 11 . 1 
2 12 17 5 . 15 10 6 1 14 4 13 18 16 11 9 7 3 
9 2 15 11 13 17 . 8 12 1 10 18 16 7 14 6 3 4 
