18
. 2 9 4 8 11 16 14 13 1 7 5 17 6 12 15 . 10 
6 . 16 12 17 9 5 13 2 15 1 14 18 7 8 10 4 3 
2 14 4 1 16 18 15 12 17 10 13 9 7 8 11 5 . 6 
5 15 17 9 4 8 7 11 3 13 12 16 1 14 . 6 10 18 
12 18 7 . 5 2 10 4 . 17 6 11 8 3 13 . 9 15 
16 10 18 3 6 14 11 7 12 9 15 . 4 2 5 17 8 1 
4 9 . 17 10 7 8 18 15 6 14 2 5 1 3 12 13 16 
13 12 1 . 15 6 18 . 7 14 9 3 10 4 17 2 5 11 
18 7 12 5 1 13 3 9 6 8 11 4 . 10 14 16 15 . 
17 16 13 11 . 3 1 15 10 2 8 . 9 5 18 7 6 4 
8 3 6 7 13 10 14 5 9 . 18 1 15 . 16 11 17 2 
9 1 8 10 3 17 13 2 11 18 . 6 12 15 4 14 7 5 
15 17 14 2 9 4 . 16 18 12 5 10 3 13 1 8 11 7 
10 6 5 8 2 15 12 3 1 11 4 . 16 . 9 18 14 13 
7 . . 6 11 1 9 17 14 16 3 8 . 18 15 . 2 12 
11 4 15 13 12 5 2 1 . 7 17 18 6 9 10 3 16 14 
14 8 2 15 18 12 4 6 . 3 . 17 11 16 7 . 1 9 
1 13 3 18 7 16 17 10 4 5 . 15 . 11 6 9 12 8 
