18
12 15 . 18 8 . 9 13 6 10 14 16 17 7 4 2 1 11 
15 12 17 16 . 9 8 14 13 5 6 18 2 10 3 11 7 4 
16 . 13 8 18 7 5 1 11 . 12 3 15 17 6 14 9 10 
17 8 10 . 6 14 3 16 15 13 5 12 18 11 7 4 2 . 
13 14 1 7 9 10 11 6 8 15 18 17 5 4 16 3 . 2 
. 13 16 14 11 . 17 4 5 3 15 7 9 18 10 6 8 1 
18 11 14 10 3 8 4 17 2 1 16 5 6 9 15 . 13 7 
9 3 11 15 4 17 16 12 7 8 1 . . 6 5 18 10 13 
. 6 9 11 14 18 1 10 . 12 17 15 13 2 8 7 16 5 
3 4 18 2 15 6 7 5 9 16 13 1 10 . 11 17 14 12 
8 16 15 6 7 . 18 9 4 . 2 13 12 3 17 10 5 . 
5 10 6 12 17 15 14 2 16 7 3 9 11 13 18 1 4 . 
14 17 12 4 13 11 2 . 1 6 8 10 7 16 9 5 3 15 
11 1 2 3 16 . 10 15 18 9 7 8 4 14 . 13 6 17 
. 7 8 5 10 2 13 11 12 18 9 4 3 1 14 15 17 16 
1 9 . 17 5 13 . 7 10 14 4 6 16 15 2 8 11 18 
7 5 4 13 2 16 15 3 14 17 . . 8 12 1 . 18 6 
10 . 7 9 12 4 6 . 17 2 . 14 1 5 13 16 15 3 
