18
. 2 9 . 8 11 16 14 13 1 . 5 17 . 12 15 18 10 
6 . 16 12 17 9 5 13 2 . 1 . 18 7 8 . 4 . 
2 14 4 1 . 18 15 12 . 10 13 9 7 8 11 . . 6 
. 15 17 9 4 8 . 11 3 13 12 16 . 14 . 6 10 18 
12 18 7 . . 2 10 . 16 17 6 11 . 3 13 1 . 15 
16 10 18 3 6 14 11 7 . 9 . . 4 2 5 . . 1 
. 9 11 17 10 7 8 18 . 6 14 . 5 1 . 12 13 16 
13 12 . 16 . 6 18 . 7 14 9 3 . 4 17 2 5 11 
18 7 . . 1 13 3 . 6 8 . 4 . 10 14 16 15 17 
. 16 13 11 14 . 1 15 10 . 8 12 9 . 18 7 6 . 
8 3 . 7 13 10 14 5 9 4 . 1 15 . 16 11 . 2 
9 1 8 10 3 17 13 2 11 . 16 6 12 . 4 . 7 . 
15 . 14 2 9 4 . 16 18 12 5 . 3 . 1 8 . 7 
10 6 5 . . 15 12 3 1 11 4 7 16 17 . . 14 13 
7 . . 6 11 . 9 . 14 16 3 8 . 18 15 4 . 12 
11 4 15 13 12 . 2 1 8 . . 18 6 9 . 3 16 . 
14 . 2 15 18 . 4 6 . . 10 17 11 16 7 13 1 9 
1 . 3 18 7 16 17 . 4 5 . . 14 11 6 9 12 8 
