18
12 18 . 4 10 . 14 . 5 . 15 6 17 11 9 1 2 13 
. . 3 17 18 2 . 16 13 15 14 11 4 12 1 . 9 5 
7 16 4 . 3 . . . . 9 13 . 12 2 18 5 15 6 
10 . 5 . . 13 . 7 11 2 6 1 9 14 . 12 18 15 
14 1 . 7 2 5 15 13 8 3 . 4 11 10 6 . 12 . 
11 9 2 . . 6 4 14 15 . 12 3 10 5 . 7 1 16 
. 15 . 3 1 12 . . 7 11 17 14 6 4 5 . 8 9 
. 8 12 6 15 7 9 . . . 18 . . 13 16 4 14 2 
. 7 6 13 14 11 18 2 . . 1 16 3 . 10 15 5 12 
3 5 18 15 . 8 6 12 . 10 11 2 1 . 4 14 13 . 
15 . 11 10 . 18 1 . 2 6 . 17 13 . . 16 4 8 
8 13 1 . 5 . 3 4 16 18 2 . 7 17 12 10 . 11 
18 . . 8 11 4 . 10 6 5 9 12 2 . . 13 16 14 
5 . 16 12 6 14 2 1 . 8 7 9 . 18 13 3 11 . 
13 11 14 9 7 1 12 15 4 16 . 5 8 6 2 18 . . 
4 6 13 2 . 3 16 5 . 12 8 . . 15 17 11 . 1 
2 12 17 5 8 . . 6 1 14 . . 18 16 11 9 7 3 
. 2 . 11 13 17 5 8 12 1 10 18 16 7 . 6 . 4 
