18
6 8 16 15 18 2 1 11 12 . . 17 10 . . 9 13 . 
13 17 . 11 . . 8 15 5 1 2 16 . 9 . 3 14 4 
15 5 9 . 12 1 . . 2 10 3 7 4 8 13 . 6 17 
. . 10 6 11 9 7 2 . 17 18 . . 15 14 13 3 8 
12 . 1 8 3 18 10 4 6 . 14 11 15 . 17 . . 2 
14 16 5 10 . 7 . 17 . . 8 13 11 6 12 18 4 1 
9 15 14 5 . 13 18 . . 16 6 2 . 4 8 10 11 12 
8 13 15 3 1 4 11 5 7 9 17 . . 2 . 6 . 16 
1 . . 2 8 . 13 10 4 5 15 6 18 . 9 12 16 11 
11 6 13 12 2 . 16 . 10 . 4 14 . 5 18 . 17 15 
3 18 2 17 . 6 4 . . . . 9 8 13 16 15 1 7 
. 10 12 4 14 . . 6 13 18 . 5 16 1 2 8 15 3 
2 . 8 7 17 5 15 3 18 . 11 12 13 . 1 16 . 9 
. 11 . 14 15 16 5 8 1 7 13 . 9 12 . 2 18 10 
4 . 6 . . . 2 18 9 8 16 15 7 11 3 17 . 14 
10 . . 16 6 3 . 7 14 11 . 1 2 18 15 4 8 13 
. 2 11 . . 14 6 13 17 15 12 8 3 10 . 1 7 . 
. 3 7 . . 15 . 12 8 4 1 10 5 17 11 . 2 6 
