18
. 15 . 18 8 3 9 13 6 . 14 16 . 7 4 2 1 11 
15 12 . . . 9 8 14 13 5 . . 2 10 . 11 7 4 
16 . 13 8 18 7 5 . . 4 . 3 15 17 6 14 . 10 
. 8 10 1 . 14 3 . 15 . 5 12 18 11 7 4 2 9 
13 14 . . . 10 11 . 8 . 18 17 5 4 16 . 12 2 
2 13 16 . 11 12 17 . 5 3 15 7 9 18 10 . . . 
18 11 14 10 3 . 4 17 . 1 16 5 6 . 15 12 . 7 
9 3 11 15 4 17 16 12 7 8 . . 14 . 5 . 10 13 
4 6 9 11 . 18 1 10 . 12 17 15 . 2 . 7 16 5 
3 . . 2 15 6 7 5 . 16 13 1 10 8 11 17 . 12 
8 16 15 6 . . 18 9 4 11 2 13 12 . 17 . 5 14 
. 10 6 12 17 . 14 2 16 . 3 . 11 13 18 1 4 8 
. 17 . 4 13 11 2 18 1 6 8 10 . 16 . 5 3 . 
11 1 2 3 16 . . 15 18 9 . 8 4 . 12 13 . 17 
6 7 8 5 10 2 13 . 12 18 9 . . 1 . 15 17 . 
1 . 3 17 5 13 12 . 10 14 . . 16 15 2 8 11 18 
7 . 4 . 2 16 . 3 14 17 10 11 8 12 1 9 18 . 
10 18 . . 12 4 . 8 17 2 11 14 1 5 13 16 15 . 
