18
6 9 7 17 15 12 11 4 . 8 . 14 13 5 1 . 3 . 
2 . . 11 18 17 1 . 9 12 7 10 16 13 4 6 5 . 
5 7 . 16 10 . 3 9 14 . 1 . 12 6 2 . 8 . 
. . 8 4 12 14 6 10 11 18 17 3 2 9 . 13 . 5 
9 17 2 6 . 3 . 18 16 1 8 4 5 . 7 10 . 14 
7 6 . 15 8 2 14 12 4 . . . 17 . 9 11 18 1 
14 13 12 . 6 8 16 . 17 4 15 2 . 7 . 1 9 11 
. 11 13 . 9 . 12 3 2 10 5 6 7 15 18 8 . 4 
. 16 9 5 7 1 . 17 13 11 14 . 15 8 6 . 4 3 
11 15 6 . . 4 7 8 . 3 18 17 9 . 5 14 2 16 
8 10 4 . 2 6 . 13 . 17 . . 11 . 14 . 16 9 
10 18 1 2 14 13 . . 5 . . 9 6 . . 12 11 15 
15 . . 1 16 7 18 . 8 2 6 5 . 17 13 9 12 10 
17 2 . 12 5 18 9 . 6 14 16 15 . 4 3 7 . 13 
13 12 10 9 17 5 2 14 . 6 11 18 . 16 . 15 1 . 
4 14 17 8 1 . . 7 15 9 . . 18 2 11 3 6 12 
. 8 5 7 . . 4 2 18 15 9 1 . 14 16 . 13 6 
3 . 15 13 . 9 17 6 7 . . 8 1 11 12 18 14 2 
