20
16 1 . 3 18 15 11 17 12 10 4 5 9 . 19 8 20 14 13 7 
7 11 12 4 19 6 . 5 1 3 14 17 10 20 15 9 2 . 8 13 
14 3 13 . 6 17 20 19 16 8 7 2 18 9 4 15 . 1 12 11 
. 16 17 20 4 19 3 1 11 13 5 . 8 14 2 6 10 15 18 9 
5 . 8 9 13 2 7 10 20 4 1 12 17 18 3 16 6 11 14 . 
18 10 . 13 . 20 9 3 8 11 2 4 16 5 6 17 14 12 19 1 
8 9 4 19 14 16 6 18 3 17 12 15 11 2 10 20 . 13 1 . 
. 18 6 11 20 9 2 4 5 . 17 3 14 12 7 10 13 19 15 8 
10 . 19 6 2 12 13 9 17 15 20 . 7 1 18 14 16 8 5 3 
20 14 5 8 1 11 4 2 . 18 . 13 15 19 12 7 17 10 16 6 
15 5 10 18 3 13 8 . 4 14 19 20 6 7 9 . 12 16 17 2 
11 2 18 12 17 3 5 . 14 . 6 16 4 8 13 19 9 7 10 20 
9 19 1 14 15 4 17 12 10 6 13 8 5 16 20 . 11 . 7 18 
19 6 9 5 11 18 . 14 . 7 8 10 1 4 16 13 3 20 2 17 
13 17 3 . 5 1 14 7 19 20 18 9 . 10 11 12 8 6 4 15 
17 13 7 2 12 14 15 8 6 19 10 1 20 11 . 4 18 9 . 16 
3 8 14 17 16 10 18 13 7 2 9 6 . . 1 11 19 5 20 4 
6 7 20 15 8 . 1 16 2 12 11 14 19 13 17 18 4 3 . 10 
4 12 11 1 9 7 10 20 18 5 16 19 . 3 . 2 15 17 6 14 
2 20 16 7 . . 19 6 13 9 15 18 3 17 14 5 1 4 11 12 
