20
9 15 11 14 1 19 . 2 20 7 13 5 18 17 3 4 6 10 . 16 
5 14 2 7 15 20 10 6 . 4 19 1 12 13 9 16 8 . 3 18 
2 7 20 6 19 . 12 13 18 8 4 11 . 15 16 1 9 3 14 5 
19 10 3 . 13 5 6 9 14 16 1 . 20 4 11 18 12 17 7 2 
. 4 1 16 12 11 15 5 3 17 7 20 9 10 18 6 19 . 2 14 
17 1 10 18 . 3 19 12 15 13 6 16 8 7 14 . 20 9 11 4 
11 18 15 13 8 . 16 19 9 2 14 12 . 6 10 3 5 4 20 7 
14 9 17 4 16 2 7 20 12 5 . 18 19 11 1 10 13 6 15 . 
10 8 9 19 17 4 3 7 16 20 11 6 5 12 2 15 . 1 . 13 
18 . 5 3 10 1 20 17 . 9 15 8 11 14 4 12 16 7 19 6 
7 17 16 9 3 12 5 14 1 15 . 4 2 20 8 . 10 13 6 19 
16 20 4 5 7 15 2 . 11 1 17 10 14 9 . 19 18 12 13 8 
3 11 . 2 20 6 4 1 19 12 16 14 10 18 15 13 17 5 8 . 
1 5 6 15 14 8 18 . 7 10 2 17 13 . 20 9 4 19 16 12 
15 13 8 12 11 18 . 16 4 6 20 7 3 . 5 17 1 2 9 10 
8 3 18 11 4 16 9 10 6 19 12 . 7 2 17 20 . 14 5 1 
6 . 12 1 9 14 17 18 2 . 5 3 4 16 13 8 7 15 10 20 
20 12 . . 18 9 1 15 5 14 3 19 6 8 7 2 11 16 4 17 
. 16 19 17 6 7 13 8 10 18 9 2 15 5 . 14 3 20 1 11 
12 . 14 20 5 13 11 4 8 . 10 9 16 1 19 7 2 18 17 15 
