20
5 11 12 . 2 17 8 15 6 1 20 13 3 9 10 14 . 19 16 18 
1 13 5 12 10 3 9 17 2 6 . 15 19 20 . 4 8 16 14 7 
. 9 11 8 12 14 13 4 5 10 18 17 1 16 7 6 19 . 15 2 
15 12 . 11 14 1 20 . 8 13 6 16 2 3 9 10 7 5 4 17 
14 6 1 15 13 2 10 7 11 4 19 . 8 . 16 20 9 18 12 3 
9 16 20 18 8 12 3 13 10 . 4 1 11 14 5 . 17 7 6 19 
8 7 3 13 . 11 . 9 16 12 15 10 6 4 17 18 14 2 20 1 
6 5 4 1 7 20 2 8 14 . 16 12 18 13 3 11 . 10 19 9 
11 . 17 4 5 13 6 16 1 19 14 20 10 8 2 . 12 9 3 15 
. 2 6 20 17 15 7 1 18 9 13 19 4 10 11 8 3 . 5 12 
3 1 8 2 . 19 18 5 4 14 12 9 . 6 15 16 13 20 7 10 
10 4 14 16 20 9 19 18 15 2 . 3 12 . 13 5 11 17 1 6 
18 19 9 17 3 . 4 20 12 7 5 . 15 2 8 1 10 11 13 16 
12 14 19 5 9 4 . 10 3 11 7 2 20 1 . 15 16 8 18 13 
17 8 7 10 15 16 11 12 13 3 1 18 . 5 14 19 6 4 . 20 
4 15 10 . 16 8 14 6 9 20 2 7 5 18 12 3 1 13 . 11 
13 20 . 3 6 18 1 11 7 5 10 8 16 19 4 17 2 . 9 14 
19 17 2 . 18 7 12 . 20 16 3 4 13 11 1 9 5 15 10 8 
7 3 13 9 4 . . 2 19 8 17 6 14 15 20 12 18 1 11 5 
2 . 16 14 1 5 15 3 . 18 9 11 7 12 19 13 20 6 8 4 
