20
7 18 14 10 15 19 17 9 4 6 12 1 16 . 13 8 . 2 5 3 
16 1 2 . 19 11 10 15 5 17 6 18 . 3 4 14 7 12 8 20 
14 9 16 1 3 6 4 17 . 19 5 2 . 20 7 11 13 8 15 10 
12 . 11 3 7 17 . 2 13 10 14 20 4 18 19 6 15 16 1 9 
13 14 4 6 9 2 18 11 16 15 17 3 5 8 20 1 12 . . 7 
10 11 20 5 6 8 16 . 17 2 7 . 12 15 1 4 3 9 13 18 
. 2 15 18 13 . 20 1 9 14 10 16 17 12 11 19 6 3 7 8 
15 16 6 12 8 . 7 14 11 13 19 10 1 4 3 . 2 20 9 17 
1 12 . 2 16 5 . 10 18 4 15 11 20 19 6 13 9 7 17 14 
9 4 . 15 17 7 6 5 . 20 2 8 11 10 12 3 18 13 14 16 
3 17 18 . 1 13 19 4 10 8 16 9 7 . 2 12 11 5 6 15 
. 20 19 13 14 1 11 8 3 7 4 12 6 2 9 15 10 17 16 . 
2 13 9 14 20 16 8 7 1 18 11 . 3 6 5 10 17 19 12 . 
19 3 10 4 . 14 2 13 15 12 1 7 9 5 16 17 8 . 20 6 
11 19 12 16 2 9 14 . 8 5 20 4 10 17 15 . 1 6 18 13 
6 15 17 7 . 20 13 18 2 16 8 5 14 1 10 9 . 11 3 19 
17 10 . 11 4 15 9 20 14 3 13 6 8 7 . 16 19 1 2 12 
8 7 3 17 5 12 15 6 20 . . 19 2 13 14 18 16 4 10 1 
4 5 7 8 10 3 12 16 6 . 18 13 19 9 . 20 14 15 11 2 
20 . 13 19 18 10 1 12 7 9 3 17 15 16 8 2 5 14 . 11 
