20
12 1 10 2 3 16 . 14 9 20 7 17 11 8 4 . 13 6 19 15 
4 19 . 6 2 . 12 9 5 7 15 3 18 13 20 10 11 1 14 8 
9 20 5 8 12 14 1 17 3 11 . . 6 10 16 19 4 2 15 18 
17 12 14 5 10 3 13 . 8 9 . 15 4 16 19 7 18 11 1 6 
18 13 6 11 16 9 . 10 14 . 17 12 5 19 7 1 8 15 2 4 
8 10 2 20 9 13 3 . 18 . 6 4 15 14 11 16 7 19 17 12 
14 18 1 . 7 15 10 6 19 13 12 11 8 17 3 2 5 . 20 9 
7 . 18 13 19 4 14 15 2 10 16 20 3 9 5 . 17 8 12 1 
3 5 9 17 14 6 16 8 12 15 1 2 7 . 18 20 19 . 13 11 
. 2 12 7 4 11 6 19 20 8 14 . 16 3 15 17 9 5 18 10 
20 15 13 9 6 1 7 2 . 5 18 16 19 . 12 14 10 3 8 17 
6 17 7 . 18 10 15 12 1 19 8 13 9 5 . 4 14 16 11 20 
1 6 11 18 15 . 17 7 . 4 5 8 12 20 14 3 2 9 16 13 
5 . 8 19 1 7 2 3 6 18 11 10 13 12 17 9 . 20 4 14 
10 9 15 12 . 2 4 11 7 16 19 18 14 6 1 13 . 17 3 5 
19 8 4 1 . 20 11 18 16 14 3 9 2 15 6 5 12 13 . 7 
16 14 . 15 5 12 9 4 11 17 20 19 10 7 . 8 1 18 6 2 
11 4 19 14 20 18 8 . 17 6 10 5 1 2 9 15 3 12 7 . 
. 7 20 10 13 5 19 1 15 12 4 6 . 18 8 11 16 14 9 3 
15 3 17 4 11 8 18 16 13 2 9 14 . 1 10 12 6 7 . 19 
