20
16 1 . 3 18 15 . 17 12 10 4 5 9 6 . 8 20 . . 7 
7 11 12 4 . . . 5 1 . 14 . 10 20 15 9 2 18 8 13 
. . 13 10 6 17 20 19 16 8 7 2 . 9 . 15 . 1 12 11 
12 16 17 20 4 19 3 . . . 5 . 8 14 2 6 10 15 18 . 
5 15 . . 13 2 7 10 . 4 1 12 17 18 3 16 6 . 14 . 
. 10 . 13 . 20 9 3 8 11 2 4 16 . 6 17 . 12 19 1 
8 9 4 19 14 16 6 . 3 17 12 15 11 2 10 . . . . 5 
1 18 . 11 20 9 2 4 . . 17 3 14 12 7 . . 19 15 8 
10 . 19 . 2 . 13 9 17 15 20 11 . 1 . 14 16 8 5 3 
. 14 5 . 1 11 4 . 9 18 . 13 15 19 12 7 17 . 16 6 
15 . 10 18 . . 8 . 4 14 19 20 6 7 9 1 12 16 . 2 
11 2 18 12 . 3 5 . . 1 6 16 . 8 13 19 9 7 10 . 
9 . 1 14 15 4 17 12 10 6 . 8 5 . 20 . 11 2 7 . 
. 6 9 . 11 18 . 14 15 . . 10 1 4 16 13 3 20 2 17 
13 17 3 16 . 1 . 7 19 20 . . . 10 11 12 8 6 4 15 
17 13 7 . 12 14 15 8 6 19 . . 20 11 . 4 18 9 . 16 
3 8 14 17 16 10 18 13 7 2 9 . . . . 11 19 5 20 . 
. . 20 15 8 5 . 16 2 12 11 14 . . 17 18 4 3 9 10 
4 12 . 1 9 7 10 20 . . 16 19 13 . 8 . 15 17 6 14 
2 20 16 7 10 . 19 6 13 9 15 18 3 17 14 . . . . 12 
