20
12 . 10 2 . 16 5 14 9 20 7 17 11 8 4 . 13 . 19 . 
. 19 16 . 2 . 12 9 5 . . 3 18 13 20 10 11 1 14 8 
9 20 5 8 12 14 1 17 3 11 . 7 . 10 . . 4 2 15 . 
17 12 . 5 10 3 . 20 . 9 . 15 4 16 19 7 18 11 1 . 
18 13 . 11 16 9 . 10 14 3 17 . 5 19 7 . 8 15 2 . 
8 10 2 20 9 13 3 . 18 1 6 . 15 14 11 16 . . . 12 
14 . 1 . 7 . 10 . 19 13 12 11 8 17 3 2 . 4 20 9 
. . 18 13 19 4 14 . 2 10 . 20 . 9 5 6 17 8 12 1 
. 5 9 17 14 6 16 8 12 . . . 7 . 18 20 19 10 13 11 
13 2 12 7 . 11 6 19 . . 14 1 16 . 15 17 . 5 18 10 
20 15 13 9 6 1 7 2 4 . 18 . . 11 12 14 10 . . 17 
6 17 7 3 18 10 15 12 1 19 8 13 9 . . . . . 11 20 
1 6 11 . 15 19 . . 10 4 5 8 12 . 14 . 2 9 16 13 
. 16 8 19 . . 2 3 . 18 11 10 . 12 17 9 15 20 4 14 
10 . 15 12 8 . 4 . 7 16 19 . 14 6 1 13 . 17 3 5 
19 8 . 1 . 20 . 18 16 14 3 9 2 15 6 5 12 . . 7 
16 14 . 15 . . 9 4 11 . 20 19 10 7 . 8 1 18 6 2 
11 4 . . 20 18 8 13 . 6 10 5 1 . 9 15 3 12 . 16 
. . 20 10 13 5 . 1 15 12 4 6 . 18 . 11 16 14 9 3 
15 3 17 . 11 8 18 16 . 2 9 14 20 1 . 12 6 7 . . 
