20
5 11 12 7 2 . 8 15 6 1 . . 3 9 10 14 . . 16 18 
1 13 5 12 10 . . 17 2 . 11 . 19 20 . 4 8 16 14 7 
. . 11 8 12 14 13 4 5 10 18 17 1 . . 6 19 3 . 2 
15 . 18 11 14 1 . . 8 13 6 16 2 3 9 10 . 5 . 17 
14 6 1 . 13 2 10 . 11 4 19 . 8 17 16 . . 18 12 3 
9 16 20 18 8 12 3 13 . . 4 1 . 14 5 2 17 . . 19 
8 . 3 13 19 11 . 9 . 12 15 10 6 4 . 18 14 2 . 1 
. 5 4 1 . 20 2 8 14 . . 12 18 13 3 . 15 10 19 9 
11 18 17 4 5 13 6 . 1 19 . . 10 8 2 . 12 9 . 15 
. 2 6 20 17 15 7 . . 9 13 19 . 10 11 8 3 . 5 12 
3 1 . . 11 19 . 5 4 14 12 9 . 6 15 16 13 . 7 10 
. . 14 16 20 9 19 18 . 2 8 3 . . 13 5 11 17 1 6 
18 19 9 17 . 6 . 20 12 . . 14 15 2 8 1 10 11 . 16 
12 . . 5 . . 17 10 3 11 7 2 20 1 6 15 . 8 18 13 
17 8 7 10 15 . 11 12 13 3 1 18 9 . . 19 6 . 2 . 
4 15 . . 16 8 14 6 9 . 2 7 5 . 12 . 1 13 17 11 
13 20 . . . 18 1 11 . 5 10 8 . 19 4 17 2 12 9 14 
. 17 2 . 18 7 12 14 20 16 3 4 13 . 1 . 5 . 10 8 
7 . . 9 4 10 16 2 19 8 17 . 14 15 . 12 . 1 11 5 
2 10 16 14 . . 15 . 17 18 . 11 7 12 19 13 20 6 8 . 
