25
7 23 14 9 . 3 . 25 1 19 13 . 22 2 8 4 17 24 20 12 16 11 15 18 21 
2 20 24 12 4 8 1 17 15 11 23 9 . 7 25 16 6 5 . 21 19 14 13 3 22 
6 . 19 15 2 17 22 . 14 23 10 25 24 . 13 8 20 7 1 18 12 4 9 21 3 
3 17 25 10 6 1 14 23 8 . . 20 2 . 16 13 18 4 12 24 22 5 19 7 9 
12 9 21 . 24 10 2 16 . 22 3 . 11 25 18 14 8 6 4 19 23 17 20 5 15 
24 15 2 21 14 6 7 20 11 4 16 23 3 22 10 . 25 8 5 17 . 12 1 13 . 
20 . 8 19 16 4 24 5 21 1 2 3 7 9 15 22 11 . 17 13 6 25 12 23 18 
4 14 3 13 17 9 25 . . 16 22 . 19 8 7 15 12 23 2 6 11 20 18 10 5 
. 4 20 17 7 16 9 18 19 3 24 15 8 23 2 5 14 21 6 10 25 1 11 . 13 
25 13 7 . 9 2 21 6 18 14 11 22 16 19 12 20 3 17 15 23 10 . 5 4 1 
21 22 16 14 8 11 18 . 4 . 7 12 20 1 6 17 9 19 13 2 24 10 25 15 23 
11 8 15 22 1 19 12 4 2 18 20 7 17 6 23 3 . 25 . 9 5 24 . 16 10 
5 7 13 23 11 20 15 2 22 6 25 19 12 17 21 . . . 8 14 18 9 4 1 16 
8 . 11 2 12 21 16 . 23 9 5 17 4 14 1 7 15 10 24 3 . 13 22 6 25 
10 6 18 3 13 . 19 12 20 15 14 24 21 4 11 23 2 16 . 1 17 22 8 9 7 
15 11 17 20 10 18 23 9 3 2 19 14 5 21 . 1 4 13 22 . 7 16 6 25 12 
14 24 . 16 25 7 4 10 6 13 . 5 9 12 20 21 19 11 . 15 1 3 2 8 17 
13 2 1 11 3 15 6 8 12 17 9 18 23 16 . 25 7 20 10 5 4 19 . 24 14 
16 1 6 25 23 22 13 15 . 10 8 4 14 18 5 9 21 . 19 7 3 2 24 . 11 
19 5 9 4 18 . 3 21 10 25 12 8 . 15 17 11 1 22 16 20 2 7 23 14 24 
17 25 5 8 . 12 20 24 13 7 1 16 18 10 19 . 23 9 11 4 14 15 3 22 2 
9 19 . 6 22 . 11 13 5 12 4 1 15 20 3 2 24 18 7 25 21 23 16 17 . 
1 3 4 18 15 23 5 7 16 24 21 10 25 . 14 12 22 2 9 . 8 6 17 19 20 
18 12 23 7 20 24 . 22 25 8 6 11 1 3 9 19 5 15 14 16 13 . 10 2 4 
23 21 12 5 19 25 8 14 9 . 17 2 13 24 4 10 16 1 3 22 15 18 . 11 6 
