25
1 . 23 25 3 13 22 9 12 18 10 2 16 17 8 4 14 11 . 21 . 6 24 5 15 
15 25 . 10 19 3 5 8 1 16 12 23 6 2 20 7 . 17 11 18 24 9 14 21 4 
22 7 8 . 9 . 11 12 13 14 2 17 24 5 18 10 15 19 . 3 23 16 25 . 21 
20 4 3 2 25 21 17 7 . 12 16 11 5 10 14 9 19 . 24 8 1 23 15 18 6 
12 19 6 . 11 14 13 10 15 8 5 21 7 1 23 . 16 18 3 20 25 4 22 9 2 
14 3 20 7 . . 9 15 10 24 6 22 25 11 16 19 21 8 23 13 2 18 1 4 17 
16 23 . 15 6 10 8 . 4 21 11 25 14 7 5 2 12 22 20 1 17 . 18 13 . 
10 15 22 8 5 11 7 19 17 23 . 14 13 . 25 3 18 16 1 6 4 2 9 24 20 
4 24 . 16 23 18 . 25 3 20 15 7 21 22 19 1 8 2 14 17 12 13 10 . 9 
19 6 24 . 18 9 25 17 2 3 20 . 15 23 21 14 4 10 7 22 5 1 16 8 11 
. 13 16 19 10 8 2 1 6 15 9 4 23 3 24 . 11 25 21 12 14 22 . 7 5 
5 17 2 4 20 15 19 11 21 10 24 9 3 8 7 6 25 . . 16 13 14 23 22 18 
. 11 25 14 2 6 . 13 9 22 19 24 4 18 3 16 5 12 15 7 10 17 20 23 1 
6 21 15 18 24 16 4 2 25 1 7 20 . 9 10 . 17 14 22 . 8 12 13 3 23 
11 16 14 6 21 24 10 23 5 9 18 19 2 20 . 25 . 15 13 4 22 7 8 1 12 
17 22 18 11 14 19 1 . 16 . 23 15 9 24 13 8 10 4 2 5 20 25 21 12 3 
7 14 17 9 4 23 15 18 . . 25 3 12 19 1 22 13 5 6 24 16 21 11 20 10 
23 1 21 24 . 22 20 5 14 4 3 10 17 . 11 . 6 . 25 2 18 8 7 19 13 
24 . 1 5 7 17 16 22 20 11 . 13 8 4 6 23 2 3 18 15 21 10 12 25 19 
9 5 12 23 22 4 14 21 19 17 1 16 18 6 15 13 7 24 8 10 11 20 3 . 25 
3 12 11 22 8 2 23 14 18 25 13 5 1 21 . 17 20 6 16 9 15 . 19 10 7 
2 18 7 12 13 20 24 4 11 5 22 . 10 25 9 21 1 23 17 19 3 15 . 16 14 
13 10 19 3 17 7 12 16 23 6 8 1 20 14 2 . 24 21 5 25 . 11 4 15 22 
25 8 10 21 1 12 . 20 24 19 4 18 11 13 22 15 23 7 9 14 6 . 2 . . 
21 2 4 1 16 25 18 24 7 13 17 6 . . 12 11 9 20 10 23 19 3 5 14 . 
