25
24 10 1 9 7 2 8 22 19 16 17 3 14 21 5 . 23 15 . 4 6 . 13 18 25 
1 13 19 6 9 . 2 18 . 3 23 14 7 5 8 24 21 22 16 12 . 15 4 17 11 
7 15 . 21 23 . 13 9 12 5 6 20 25 24 18 16 . 11 2 14 4 3 19 10 8 
8 23 . 1 4 . 16 17 11 13 21 . 5 18 3 12 20 6 15 7 2 10 14 . 19 
. 17 18 25 21 4 10 3 6 11 16 24 12 15 19 1 2 . 20 22 7 13 8 9 23 
22 11 8 13 10 18 20 14 4 25 5 6 24 17 7 23 15 16 . 1 21 9 3 . 2 
3 7 25 20 2 23 14 4 15 8 10 . 1 6 24 22 18 17 5 9 16 12 11 21 . 
21 . 13 . 20 15 18 1 25 17 9 12 11 10 4 2 16 7 24 6 23 19 22 8 14 
9 21 . 23 11 14 5 . 16 2 19 13 22 8 17 15 25 3 6 20 10 18 12 1 7 
19 3 15 17 16 . 12 20 13 4 11 5 8 23 14 . . 10 18 . 1 2 24 6 22 
15 9 20 4 3 6 . 19 22 . 2 16 10 14 25 21 24 1 8 23 17 11 5 13 12 
5 1 6 7 13 12 22 15 . 23 14 18 21 . 2 3 10 8 25 16 19 24 17 11 20 
23 14 21 16 18 10 24 . 7 22 . 15 2 19 13 4 8 9 11 17 3 1 20 25 5 
2 8 24 14 22 20 4 10 5 19 . 17 6 12 15 . 3 13 . 18 11 21 1 23 16 
. 20 10 2 6 9 11 5 23 7 8 21 4 1 22 18 13 12 3 19 24 . 25 14 15 
13 . 22 . 25 7 23 12 17 6 4 11 3 16 9 19 5 21 1 . 14 8 15 20 24 
25 12 3 8 24 17 15 23 18 10 22 2 13 20 1 5 6 4 7 . 9 14 . 19 21 
4 6 23 12 . 16 21 8 3 14 24 9 19 2 11 7 17 20 10 13 22 . 18 15 1 
20 22 2 11 17 13 9 16 1 . 3 . 15 25 12 14 19 18 23 5 8 7 6 24 4 
17 4 5 15 . 22 1 7 20 24 18 8 23 11 6 13 9 . 14 10 25 16 21 2 3 
11 25 14 19 15 5 . 2 21 . 1 7 16 . 23 17 4 24 13 8 12 22 10 3 18 
18 19 12 24 14 3 25 11 2 . 20 22 . . 10 8 1 23 4 21 5 6 7 16 17 
6 2 7 22 1 8 19 13 24 12 25 23 17 3 . 20 11 14 21 15 18 5 9 4 . 
12 24 16 18 19 11 17 25 . 9 15 1 20 7 21 10 14 2 22 3 . 4 23 5 6 
10 16 11 5 8 19 3 . 14 1 13 4 . 22 20 6 12 25 17 24 15 23 . 7 9 
