25
3 19 25 8 21 7 4 20 6 14 13 1 . 16 23 5 9 24 10 17 11 . 12 18 22 
. 12 15 1 5 13 18 10 11 8 16 2 19 . . 17 7 9 6 21 20 23 22 3 25 
9 3 4 . 2 15 25 12 20 19 10 8 6 5 11 21 . 7 13 1 16 22 24 23 18 
19 1 17 9 6 10 . 24 22 18 11 15 21 7 25 13 8 20 2 5 12 14 23 . 16 
5 17 22 . 12 11 7 18 21 23 3 14 25 15 20 10 16 1 4 6 13 24 8 . 9 
11 23 18 4 10 9 16 19 8 . 14 20 . 12 5 3 2 21 17 15 25 13 7 22 1 
16 . . . 1 4 22 25 15 3 . 18 12 24 17 14 10 13 9 8 23 2 11 7 6 
7 6 14 21 22 23 12 . 17 10 15 3 4 . 16 1 25 5 8 11 18 19 . 9 24 
12 . 23 22 . 17 . 6 19 11 4 13 7 9 3 2 21 8 20 18 24 25 1 15 14 
8 2 13 15 25 16 24 21 14 20 23 10 3 . 19 22 6 18 7 4 . 5 17 1 12 
4 22 16 25 8 3 19 17 13 . 6 . 1 10 24 7 18 2 21 23 15 12 14 11 20 
1 16 7 24 . 12 15 4 23 13 17 22 5 8 14 25 11 . . 2 19 20 21 10 3 
10 24 11 17 14 1 9 15 3 2 22 . 8 23 . 20 4 19 25 12 5 21 13 16 . 
13 7 . 16 . 19 8 14 24 5 12 23 11 25 21 18 22 15 3 20 2 9 10 6 4 
2 . 20 . 11 6 14 8 10 24 1 9 18 17 13 15 3 25 22 16 21 7 . 12 19 
21 11 24 6 3 8 13 1 . 7 9 16 20 19 . 12 15 4 . 14 10 17 25 5 2 
6 21 9 7 24 . 1 11 2 22 25 12 17 18 10 4 13 23 . 3 8 16 5 20 15 
22 18 5 3 15 20 2 23 16 25 24 7 13 6 1 11 12 10 14 . 4 . 19 21 17 
. 8 3 19 4 22 11 9 25 16 20 21 15 13 7 23 . 14 12 10 6 1 2 17 5 
23 9 12 13 20 18 6 16 7 1 21 19 14 . 2 . 5 11 15 22 17 10 3 25 8 
17 15 8 11 7 . . 2 9 4 5 25 22 3 12 19 23 . . 13 1 6 18 14 10 
25 14 19 18 23 5 10 3 1 17 2 24 9 21 15 . 20 12 16 7 22 4 6 13 . 
15 25 10 12 19 2 17 . 5 21 18 4 23 20 6 16 1 22 11 24 . 3 9 8 13 
20 13 2 10 18 25 23 5 4 12 . 17 16 22 9 6 14 3 1 . 7 11 . 24 21 
14 4 6 20 13 . 21 22 12 15 7 11 10 1 8 9 19 17 5 . 3 18 16 2 23 
