25
12 23 19 9 18 13 5 20 17 6 24 10 2 4 25 21 14 11 15 . 22 . 7 8 1 
7 17 14 10 22 21 6 1 15 11 . 9 19 8 24 4 2 3 25 18 13 . 20 5 23 
3 22 9 . 1 10 23 . 18 19 11 25 5 24 13 14 . 20 2 15 12 4 6 7 8 
13 25 16 5 3 4 15 18 . 7 14 . 21 9 1 10 24 12 20 11 8 17 22 19 6 
. 6 3 8 . . 11 10 25 14 4 18 20 17 21 9 13 22 19 2 5 23 24 1 15 
10 18 5 . 11 24 22 23 20 8 19 . 4 25 17 12 9 6 14 13 1 3 16 15 21 
9 1 18 2 14 23 10 25 8 . . 11 15 19 16 3 6 21 . 22 4 5 13 24 12 
24 13 15 6 . 20 18 . 4 23 5 3 8 22 12 2 10 16 11 19 21 7 1 25 17 
21 3 23 11 2 14 1 5 6 22 12 4 9 . 15 7 20 19 24 16 10 18 8 17 . 
20 14 1 . 10 16 2 15 22 18 7 24 25 12 11 . 19 9 8 5 17 21 . 6 13 
8 2 21 19 20 11 4 6 23 9 1 12 18 7 5 25 16 17 22 . 24 15 10 . 3 
11 10 7 14 23 9 12 13 . 17 15 22 . 20 . 8 21 5 3 1 18 6 25 16 . 
23 12 20 . 25 18 13 2 21 1 6 19 16 5 4 22 8 7 9 17 . 24 15 . 14 
15 21 6 12 17 22 8 7 9 . 3 16 14 23 20 11 . . 4 25 19 10 5 18 24 
1 . 2 22 8 17 25 19 13 15 21 5 3 11 7 6 4 14 10 12 23 9 . 20 16 
. 7 12 13 21 8 16 9 24 2 22 . 11 6 19 20 5 15 . 23 . 25 17 4 10 
2 8 . 20 4 15 9 . 14 5 . 1 17 10 6 24 22 23 18 21 16 19 12 11 7 
4 15 . 16 13 25 17 21 3 10 18 7 22 14 . 1 12 24 23 8 6 20 19 2 5 
14 11 25 1 16 3 7 8 12 24 2 17 . . 18 5 15 10 6 9 20 22 4 23 19 
19 9 17 18 5 1 20 24 11 16 10 8 12 15 3 13 7 . 21 6 . 2 23 14 22 
25 19 24 23 15 5 . 12 10 21 13 20 6 3 8 16 18 1 . 4 7 11 2 22 9 
17 16 4 15 . 2 . . 5 25 20 6 7 1 23 19 3 8 12 10 14 13 11 9 18 
22 . 8 17 6 . 24 4 16 3 9 13 10 18 14 15 23 25 5 7 2 1 21 12 11 
. 4 22 25 19 6 3 17 7 12 23 15 1 2 10 18 11 13 . 24 9 8 14 21 20 
6 5 10 24 12 7 19 11 1 . 8 21 . 16 22 17 25 18 13 20 15 14 9 3 2 
