25
3 . 25 8 21 . 4 20 6 14 13 1 2 16 23 . 9 . 10 . 11 . 12 18 22 
. 12 15 1 5 13 18 10 . 8 . 2 . . 4 17 7 9 6 21 20 23 . . 25 
9 3 4 . . 15 25 12 20 19 10 8 6 5 . 21 17 7 13 . 16 22 . . . 
. 1 . 9 6 10 . 24 22 . 11 15 21 7 25 13 . 20 2 5 12 14 23 . 16 
5 . 22 . 12 11 . 18 21 . 3 14 25 15 20 10 16 . 4 . 13 24 8 19 9 
. . 18 4 10 9 16 19 . 6 14 20 . 12 5 . 2 21 17 15 25 . 7 22 1 
16 20 . 5 1 4 22 25 15 3 . 18 12 24 17 . 10 . . 8 23 2 11 . 6 
7 6 14 21 22 . . . . . 15 3 4 2 . 1 25 5 8 11 18 19 20 9 24 
. . 23 22 16 17 . . 19 11 4 . 7 . 3 2 21 8 20 18 24 . 1 15 14 
8 2 . 15 . 16 24 21 14 20 23 . 3 . 19 22 6 18 7 4 . 5 17 1 . 
4 22 16 25 8 . 19 . 13 . 6 5 1 10 24 7 . 2 21 . 15 12 . 11 . 
. 16 7 . . 12 15 4 23 13 17 . 5 8 14 . 11 6 18 2 . 20 21 10 3 
10 24 11 17 . 1 9 . 3 2 22 . 8 23 18 20 4 . . 12 5 21 . 16 7 
13 . . 16 17 19 8 . 24 5 12 23 . 25 . 18 22 . 3 20 2 9 10 6 4 
. 5 . . 11 6 14 8 10 . . 9 18 17 13 15 3 25 22 16 21 7 . 12 19 
21 11 24 6 3 8 13 1 18 . 9 16 . 19 . 12 15 4 . 14 . 17 25 . 2 
6 21 9 7 . . 1 11 2 22 25 . . 18 10 4 13 23 . 3 . 16 5 20 15 
22 18 5 3 15 20 . 23 . 25 24 7 . 6 1 11 . 10 14 . 4 . 19 21 17 
. 8 3 19 4 22 11 9 25 16 20 . 15 13 . 23 24 14 . 10 . 1 2 17 . 
23 9 12 13 . 18 6 . 7 1 21 19 14 . 2 24 . 11 15 22 17 . . 25 . 
17 . 8 . 7 21 20 2 9 4 5 25 22 3 12 19 . . . 13 1 6 . 14 10 
25 14 19 . 23 5 10 3 1 17 . 24 9 21 15 . . 12 16 . 22 4 6 . . 
15 25 10 12 19 . 17 7 . 21 18 4 23 20 . . 1 22 11 24 . 3 9 8 . 
20 13 2 . 18 25 23 5 . 12 . 17 16 . 9 6 14 3 1 . 7 11 15 . 21 
14 4 6 20 . 24 . 22 12 . . 11 10 . 8 9 . 17 5 25 3 18 16 2 23 
