25
24 10 1 9 7 2 . 22 . 16 17 3 . 21 5 . 23 15 . 4 . 20 13 18 25 
1 13 19 . 9 25 2 . 10 3 23 14 7 5 8 24 . 22 16 12 . . . 17 11 
7 . 17 21 23 . 13 9 12 . 6 . 25 24 . . 22 11 2 . 4 3 19 10 8 
8 23 9 1 4 . . 17 11 . . 25 . 18 3 12 20 6 15 7 2 10 14 . 19 
14 17 18 25 21 4 10 3 6 . 16 24 12 . 19 . 2 . 20 22 7 . 8 . 23 
22 . 8 13 10 18 20 . . 25 5 6 24 17 7 23 15 16 . 1 21 9 . 12 . 
. 7 25 . 2 23 . 4 15 8 . 19 1 6 24 22 18 17 . 9 16 12 11 21 . 
. . 13 3 20 . 18 1 25 17 . 12 11 10 4 2 16 . 24 . 23 19 22 8 14 
9 21 . . 11 14 5 . 16 . 19 13 . 8 17 15 25 3 6 20 . . 12 1 7 
. 3 . 17 16 21 12 20 . 4 11 . 8 23 14 9 . 10 18 . 1 2 24 6 22 
15 9 20 4 3 . 7 19 22 . 2 . 10 14 . 21 24 1 8 . 17 11 5 13 . 
5 1 6 7 13 12 22 . 9 23 14 18 . . 2 . . 8 25 16 . 24 17 11 20 
. 14 21 16 18 10 24 6 7 22 . 15 2 . . 4 8 . 11 . 3 1 20 25 . 
2 8 24 14 . 20 4 10 5 19 7 17 6 12 . 25 3 13 . 18 11 . . . 16 
. . . 2 6 . 11 5 23 7 . 21 4 1 22 18 13 . 3 19 24 17 25 14 15 
. 18 . 10 25 7 23 12 17 6 4 . 3 16 . 19 . 21 1 2 14 8 . 20 24 
25 12 3 . . 17 . 23 18 10 22 . 13 20 1 . 6 4 . 11 9 14 16 . 21 
4 6 23 12 5 16 21 . 3 14 24 9 19 . 11 7 . . 10 . 22 . . 15 1 
20 22 2 . . 13 9 . . 21 3 . 15 25 12 14 19 . 23 5 8 . 6 24 4 
17 . 5 15 12 22 1 7 . . 18 8 23 11 6 . . 19 14 10 25 16 21 2 . 
11 25 14 19 . 5 6 2 21 20 1 7 16 . . 17 4 . 13 . . 22 10 3 18 
18 19 12 24 14 3 . 11 2 15 20 . 9 . . 8 1 23 4 21 . 6 . 16 17 
6 . 7 . . 8 19 13 24 12 . 23 17 3 16 20 11 14 . 15 18 5 9 . 10 
12 24 . 18 . 11 . 25 8 9 15 1 . 7 21 . 14 2 22 3 13 4 23 . 6 
10 16 . 5 8 . 3 21 . 1 13 4 . 22 20 6 12 25 17 24 . 23 2 7 . 
