25
1 20 23 25 3 13 22 9 . 18 10 . 16 17 8 4 . 11 . 21 . . 24 5 15 
15 25 13 10 19 3 . . . 16 12 . 6 2 20 7 . 17 . 18 24 9 14 21 4 
22 7 8 20 9 . . 12 13 14 2 17 24 5 18 . 15 19 4 . 23 . 25 6 . 
20 . 3 . 25 21 17 7 22 12 16 11 5 10 14 9 . . 24 8 1 23 15 . . 
12 . 6 17 . . 13 10 . 8 5 . 7 . 23 . 16 18 3 20 25 4 22 9 2 
14 . 20 7 12 . 9 . 10 24 6 22 . 11 . 19 21 8 23 13 2 18 1 . 17 
16 23 9 15 6 10 . . 4 . 11 25 14 7 . 2 . . 20 1 17 19 18 13 24 
10 15 . 8 5 11 7 19 17 23 . 14 13 . . 3 18 . 1 6 4 . 9 24 20 
. 24 5 16 23 18 . 25 3 20 15 . . . 19 . 8 2 14 17 12 13 10 11 9 
19 6 . 13 18 9 25 17 2 . . . 15 23 21 . 4 10 7 22 5 1 16 . 11 
. 13 . 19 10 8 2 1 6 . 9 4 23 3 24 . 11 25 21 12 . 22 . 7 5 
5 . 2 4 20 15 19 11 . . 24 9 3 8 7 6 25 . . . 13 14 23 22 18 
. 11 . 14 2 . . 13 9 22 19 24 4 18 3 16 5 . 15 7 . 17 20 23 1 
. 21 15 18 . 16 4 2 . 1 . 20 . 9 10 5 17 14 22 . 8 12 13 3 23 
11 16 14 . 21 24 10 . 5 . 18 19 2 20 . 25 . 15 13 4 22 7 . 1 12 
17 22 . 11 . 19 1 . 16 7 23 15 9 24 . 8 10 4 . 5 20 25 21 12 . 
7 14 17 . . 23 15 18 . . 25 3 12 19 1 22 13 5 6 24 16 . 11 20 . 
23 1 21 24 . . 20 5 14 4 . 10 17 . 11 12 6 9 25 2 18 . . 19 . 
24 . . 5 7 17 16 22 20 . 14 13 . . 6 23 2 3 18 15 21 . 12 25 19 
9 5 12 23 22 . 14 . 19 17 1 16 18 . 15 13 7 . 8 . 11 20 . . . 
3 12 11 . 8 . 23 14 18 25 . . 1 21 . 17 20 6 . 9 15 24 19 10 7 
. 18 7 . . 20 24 4 11 5 . 8 . 25 9 21 . 23 17 19 3 15 6 16 14 
13 . 19 . . 7 12 . 23 6 8 1 20 14 2 18 24 . 5 . 9 . 4 . 22 
25 8 10 21 . 12 . 20 24 19 4 18 11 13 22 . 23 7 9 . 6 5 . . 16 
. . 4 1 16 . 18 24 7 13 17 6 22 15 12 . 9 20 10 23 . 3 . 14 8 
