25
7 23 . 9 . 3 10 25 1 19 13 . 22 2 8 4 17 24 20 . . . 15 18 21 
2 . 24 . 4 8 1 17 15 11 . 9 . 7 25 16 . 5 18 21 19 14 . 3 22 
6 16 . 15 2 17 22 . 14 23 10 . 24 5 13 8 . 7 . 18 12 4 9 . 3 
3 17 . 10 6 1 14 23 8 . . 20 2 11 . . 18 4 12 24 22 5 19 . 9 
. 9 21 1 24 10 2 16 . . 3 13 . 25 18 14 . . . 19 23 17 20 5 15 
. 15 2 21 14 . 7 20 . 4 16 23 3 . 10 18 . . 5 17 9 12 1 13 . 
20 10 8 19 16 4 . 5 . 1 . . 7 9 15 22 11 . 17 13 . 25 12 23 18 
4 14 3 13 . . 25 1 . . 22 21 19 . . 15 12 23 2 6 11 20 18 . 5 
22 4 . . 7 16 9 . 19 3 24 15 8 . 2 5 . 21 6 10 . 1 11 . 13 
25 13 7 . 9 2 21 6 . 14 . 22 . . 12 20 3 17 . 23 . 8 5 4 1 
21 . 16 . . 11 18 . 4 5 7 12 20 1 6 17 9 . . . 24 10 25 15 23 
. . 15 22 1 19 12 4 2 18 . . 17 6 23 3 13 25 21 9 5 24 . 16 . 
5 7 13 . 11 20 15 2 22 6 25 19 12 17 . . 10 3 . 14 . 9 4 . 16 
. . . 2 12 . 16 19 . 9 5 . 4 14 1 7 15 10 24 3 20 13 22 6 25 
10 6 18 3 . 5 19 12 20 15 14 24 21 4 . . . 16 . 1 17 . 8 9 7 
15 11 17 20 . . 23 . . 2 19 14 5 21 24 1 . 13 22 8 7 16 6 25 . 
14 . 22 16 25 7 4 10 6 . 18 . . 12 . 21 19 11 23 15 . 3 2 8 17 
. 2 1 11 3 15 6 8 12 17 . 18 23 16 22 . 7 20 . . 4 . 21 24 14 
. 1 . 25 23 22 13 15 17 . 8 4 14 . . 9 21 12 19 7 3 2 . 20 11 
19 . 9 4 18 13 . 21 10 25 12 8 6 15 17 11 1 22 16 20 2 . . . . 
17 25 5 8 21 12 20 24 13 7 1 16 . 10 . . 23 . 11 4 . . . 22 2 
9 19 10 6 22 14 11 . 5 12 4 1 . 20 3 2 24 18 7 . 21 23 . 17 . 
. 3 4 . 15 . 5 7 16 24 21 10 25 . 14 . 22 2 9 . 8 6 17 19 20 
18 12 . 7 20 24 . . 25 . 6 11 1 3 9 19 5 . 14 16 13 . 10 2 4 
23 21 12 5 . . . 14 9 . 17 2 13 24 . 10 16 1 3 . 15 18 7 11 6 
