25
12 . 19 9 . 13 5 . . . 24 10 2 4 25 21 14 11 15 . 22 16 7 8 1 
. 17 14 . 22 21 6 . 15 11 16 9 19 8 24 4 2 3 25 . 13 . . 5 23 
3 22 . . 1 10 23 16 18 19 . 25 . . 13 14 . 20 2 15 12 4 6 7 8 
13 . 16 5 . 4 . 18 . 7 14 23 . 9 1 10 24 . 20 11 8 17 22 19 6 
16 6 3 8 7 . 11 10 25 14 4 18 20 . . . . 22 19 2 5 . 24 1 15 
10 18 . . . 24 . 23 20 8 19 2 4 25 17 12 9 6 14 13 . . 16 15 21 
. 1 18 . 14 23 10 25 8 . . . 15 19 16 . 6 21 . 22 4 . 13 24 12 
24 13 15 6 . . 18 14 . 23 5 3 8 22 . 2 . 16 11 . 21 7 1 25 17 
21 3 23 11 2 14 1 5 6 22 12 . 9 . 15 . 20 19 24 16 10 18 . . . 
20 14 . 4 . 16 2 15 22 18 7 24 25 12 11 . 19 9 . 5 . 21 3 6 . 
8 . 21 19 20 11 4 6 23 9 1 . . 7 5 25 16 . 22 14 24 . 10 . 3 
11 . 7 14 23 9 12 . . . 15 22 . 20 2 8 21 5 3 1 . 6 . 16 4 
. . . 3 25 18 13 . 21 . 6 19 16 5 4 22 8 7 9 17 11 24 15 . 14 
15 21 6 12 17 22 8 . 9 13 3 . 14 . 20 11 . 2 . 25 19 10 5 18 . 
1 . 2 22 8 17 25 19 13 15 21 5 3 . 7 . 4 14 . . 23 9 . 20 16 
. 7 12 . 21 . . 9 . 2 . 14 11 6 19 . 5 15 1 23 3 25 17 4 10 
. 8 . 20 4 15 . . 14 5 25 . 17 10 6 24 22 23 . 21 16 19 12 11 7 
4 15 11 16 13 25 17 21 3 . . 7 22 14 9 1 . 24 23 . . 20 . 2 5 
14 11 25 . 16 . 7 8 12 . . 17 13 21 . 5 . 10 6 9 20 22 4 23 . 
. 9 17 . . 1 20 24 . 16 10 8 12 15 3 13 7 4 21 6 25 2 . . 22 
25 19 24 23 15 5 14 12 10 21 13 20 6 . 8 16 18 . . . . . 2 22 9 
17 16 4 15 24 . 21 22 . . 20 6 7 1 . 19 3 8 12 10 . 13 11 . 18 
22 20 8 17 6 19 24 4 16 . . 13 10 18 . 15 23 . 5 7 2 1 . 12 . 
5 4 22 25 19 6 . 17 7 12 23 . . 2 . 18 . . 16 24 9 8 14 21 20 
6 5 . 24 12 7 . 11 1 4 8 21 . 16 22 . 25 18 . 20 15 14 . . 2 
