50
6 44 . 27 18 35 14 38 34 12 33 24 . 50 . 1 39 21 19 23 10 5 46 42 40 22 48 2 32 29 45 . 13 43 11 30 20 9 37 15 25 8 17 49 47 . 41 7 4 36 
40 29 13 19 5 25 16 46 22 . 32 17 37 21 10 38 27 . 50 1 28 15 9 18 7 23 47 24 6 20 41 33 26 44 39 11 . 4 . . 43 31 12 2 35 14 48 45 3 8 
. 49 26 12 . 17 48 7 46 24 39 15 23 . 50 5 16 40 9 27 34 10 . 32 22 6 30 44 35 3 42 21 38 36 2 20 25 33 14 13 31 43 . 4 8 45 18 37 29 1 
12 36 . . 21 43 39 10 28 6 45 32 33 13 42 18 38 8 29 16 22 . 26 4 17 3 27 19 49 15 30 40 34 37 46 41 2 24 11 31 23 47 20 . 25 48 1 . 7 50 
. 16 8 48 34 . 4 3 47 23 30 50 15 44 20 33 7 28 . . 41 46 49 12 19 1 11 43 24 37 36 18 31 29 35 32 22 25 2 27 40 26 9 10 45 6 17 . 5 14 
36 4 1 49 27 50 15 . 32 37 . 33 24 22 19 7 45 14 46 35 8 18 30 40 38 47 42 39 21 10 23 2 9 28 3 34 26 41 . . 17 48 11 6 12 . 44 31 20 13 
29 41 5 31 4 13 19 30 48 . 47 39 46 . 25 12 36 6 32 8 42 37 21 . 34 . 49 18 11 44 33 10 14 9 . 16 40 43 15 50 7 3 24 1 17 23 28 2 38 20 
. 20 11 . . 7 23 36 14 25 16 35 5 34 30 50 9 2 3 38 44 27 31 39 12 28 17 37 26 13 19 4 8 24 . 40 49 6 . 18 10 1 21 45 29 15 22 42 46 41 
20 32 3 43 7 8 11 42 17 46 34 26 25 6 . 10 5 36 49 18 29 45 23 19 . . 37 30 . 28 . 35 1 22 21 12 39 16 40 24 48 15 33 50 38 2 13 9 27 47 
24 6 36 45 42 38 37 22 9 28 26 10 13 11 23 3 32 27 2 34 50 17 41 8 29 31 44 20 33 39 21 5 19 16 . . 48 46 12 . 47 35 49 . 15 . 7 14 43 40 
2 19 17 . 6 16 18 13 11 5 44 20 29 30 15 . 46 50 48 39 12 38 47 7 3 33 9 45 4 . 28 1 43 34 8 49 37 . 41 14 35 36 42 24 22 10 31 27 25 . 
16 26 24 21 . 10 5 . 6 9 7 . 14 33 4 31 12 42 13 40 45 48 27 29 39 18 . 11 23 38 37 8 35 17 20 36 46 44 34 30 15 22 32 28 41 49 3 47 50 . 
41 5 37 20 16 9 3 18 . 17 . 13 22 8 24 28 49 29 11 48 39 34 19 38 4 35 14 . 15 . 7 31 44 47 45 2 6 12 26 46 . 50 43 42 36 27 32 33 30 10 
3 33 50 24 40 . 41 45 1 26 23 25 47 46 13 . . 20 21 5 17 44 42 9 14 36 4 27 38 49 31 15 30 10 37 29 11 . 18 19 16 12 28 22 6 43 . 34 32 7 
45 2 49 7 15 5 33 25 8 16 4 23 30 14 34 . 19 . . 32 18 35 . 21 28 48 43 26 47 46 44 13 40 50 17 22 10 29 38 39 41 9 37 12 . 1 6 20 42 11 
11 12 35 4 36 30 32 21 3 50 49 48 45 20 . 16 18 9 . 47 43 1 28 34 42 8 19 13 17 6 2 44 . . 10 7 27 22 25 29 26 40 23 41 . 37 39 15 24 5 
21 31 10 18 24 49 30 12 7 19 5 . 38 29 17 2 11 48 8 9 37 32 4 6 46 26 50 34 27 14 . 41 16 25 36 35 1 15 . 40 42 45 3 . 33 13 20 28 . 22 
10 9 30 39 . 36 . 19 16 29 28 21 . 1 40 17 22 13 20 43 . 8 33 26 27 38 24 7 48 5 6 49 32 3 12 50 4 23 45 25 34 . 31 46 14 44 15 35 18 37 
26 . 46 42 35 32 22 6 . 7 38 5 17 16 9 43 24 49 23 4 25 29 . 37 . 34 1 8 20 2 47 28 36 40 30 48 18 39 44 3 11 27 14 19 10 33 45 . 21 12 
32 50 19 40 26 6 2 47 12 45 1 8 42 27 . 13 17 38 7 . 49 43 39 25 . 41 35 9 10 31 18 14 . 20 24 15 5 37 29 23 30 33 22 44 . 11 21 46 34 4 
43 7 2 13 38 34 46 5 44 8 48 45 21 17 11 32 . 35 41 30 33 23 29 50 6 16 12 10 . 22 . . 18 49 4 39 31 47 36 20 24 14 25 15 40 . 9 1 28 27 
27 . 29 25 48 20 31 11 18 33 43 3 50 49 37 24 4 23 28 41 35 16 . 46 . 44 13 36 2 47 5 7 39 21 15 1 14 10 30 6 8 42 . 40 32 9 38 22 . 19 
25 22 . 6 50 . 10 14 26 30 11 43 36 31 47 8 2 12 27 42 . 39 38 49 13 46 18 17 3 19 16 32 15 4 1 . 7 40 33 37 28 5 48 29 20 34 . 24 41 44 
17 30 6 26 33 . 8 40 49 11 10 7 1 12 14 . 44 4 5 . 13 42 3 16 36 37 29 . 43 21 . 27 28 31 48 47 23 18 9 2 45 25 46 32 50 35 24 19 22 38 
44 42 . 30 39 28 21 16 41 . 27 22 40 7 6 29 8 26 31 10 5 33 48 13 11 2 46 . 50 34 49 36 . 18 14 . 12 45 1 9 3 20 35 38 24 17 19 25 37 32 
35 43 42 10 22 33 24 32 . . 37 38 12 2 29 9 23 25 26 31 4 36 44 48 20 19 39 15 30 41 17 47 11 7 50 . 13 . 6 34 5 . 8 3 27 46 49 16 40 18 
42 46 20 34 10 44 47 . 40 49 41 11 26 28 12 14 1 . 24 50 21 . 45 36 5 43 8 31 9 35 25 22 37 33 27 18 . 7 16 4 19 2 38 17 . 39 30 32 13 3 
18 25 21 29 11 40 36 8 30 39 2 4 44 15 41 46 . 17 37 45 7 50 32 3 49 9 33 38 . 23 27 48 10 12 31 24 . . 13 43 6 16 1 20 5 22 14 26 . 42 
. 1 . 23 29 21 17 33 19 35 20 12 7 48 2 37 31 45 22 13 . 47 40 41 . 25 5 28 46 18 32 9 6 14 44 3 15 49 . 42 50 30 27 26 11 38 10 4 39 34 
9 39 33 . 31 14 43 50 38 15 35 40 34 45 22 25 21 10 . 49 30 . 12 27 47 29 28 16 18 36 . 11 . 42 19 37 41 20 7 26 44 24 5 23 2 32 46 13 8 17 
23 11 25 46 8 27 9 17 13 38 14 . 32 42 48 44 3 33 15 20 31 2 43 . 30 24 6 50 . 16 22 37 12 45 41 5 35 26 10 21 49 . 7 18 28 36 40 39 . 29 
38 34 41 44 2 . 1 4 25 40 24 14 9 18 8 47 10 19 30 33 3 26 7 35 43 20 45 . . 42 15 12 22 . 23 27 32 28 17 48 46 37 . 11 49 29 5 21 36 39 
46 40 32 28 9 29 20 23 33 44 . 31 19 . 27 49 26 . 25 11 15 22 34 . 37 10 . 5 1 48 14 42 7 38 13 43 45 50 47 8 2 39 30 16 18 4 12 36 6 35 
22 35 48 17 25 45 . 1 39 31 19 37 27 5 26 34 47 43 44 . 6 40 36 28 21 4 3 . 8 . 11 46 29 23 32 9 24 2 50 10 38 49 41 13 30 20 42 . 16 15 
50 10 38 22 1 18 27 28 20 2 . 19 31 36 39 23 15 41 16 7 47 9 6 . 33 13 21 49 42 24 8 25 5 35 40 44 . 17 3 32 . 46 45 48 . 12 4 11 26 43 
49 . 31 . 45 11 . 35 37 42 18 29 . 40 7 4 30 44 1 22 46 13 50 33 23 32 20 47 41 43 3 34 24 15 28 14 . 19 27 38 36 10 2 9 39 26 25 8 17 6 
30 3 4 35 46 1 34 15 . 32 8 49 39 . 18 45 40 7 12 29 16 . 14 10 2 42 23 22 13 25 48 50 41 27 38 19 33 5 20 17 37 6 26 36 21 . 47 44 31 . 
31 15 23 50 14 4 28 . 35 41 12 9 . 37 . 42 29 16 34 6 27 21 18 11 44 7 . 3 25 30 40 45 17 32 47 33 38 8 22 36 13 19 39 43 46 24 . 48 1 49 
5 14 34 47 43 26 38 49 10 . 50 6 3 9 46 15 25 39 45 2 1 28 22 23 32 40 31 12 36 8 24 20 . . . . 42 48 4 41 18 21 44 37 7 30 11 29 35 16 
4 17 40 2 30 48 . 27 43 36 13 42 28 23 49 11 20 5 47 12 14 41 10 24 25 . 34 35 29 26 50 38 46 39 7 6 19 31 32 44 22 18 . 8 1 21 . . 9 33 
37 18 14 16 28 12 25 . 31 48 9 41 10 3 32 36 33 46 . 17 19 24 20 . 8 11 26 1 22 27 39 . 4 2 . 42 43 38 5 47 29 23 15 21 13 7 50 40 49 30 
7 . 16 36 23 37 6 41 5 22 31 . 35 26 43 48 50 1 10 19 . 3 2 14 24 39 38 21 45 . 20 30 49 8 . 13 9 42 46 11 12 32 47 33 44 18 34 17 15 25 
34 . 7 1 49 . 13 26 45 14 3 36 6 32 21 19 37 18 43 44 . 31 25 2 9 12 15 48 40 33 38 . 50 5 22 46 17 30 8 . 39 29 4 27 42 41 16 10 11 28 
15 27 18 41 37 22 44 39 4 3 . 2 8 25 1 . 14 24 40 46 38 20 35 5 10 . 7 29 12 17 9 43 23 48 16 31 50 13 19 28 . 11 6 34 26 47 . 49 33 45 
14 8 27 37 17 41 . 20 15 10 6 30 18 39 28 22 43 . 4 25 32 7 16 47 35 49 2 46 34 . 29 19 42 1 5 26 3 36 21 33 9 38 13 . 48 40 23 12 44 . 
1 37 22 38 12 24 26 34 42 47 15 16 2 19 35 40 6 32 33 3 11 30 8 20 18 17 36 23 14 . 46 29 25 41 49 28 44 27 31 45 . . 10 . 9 5 43 50 48 . 
. 38 12 14 3 19 49 24 29 18 46 47 43 4 16 41 13 22 17 37 48 . 1 31 15 . 32 40 39 9 35 23 45 6 42 8 21 . 28 7 20 44 36 5 34 50 2 30 . 26 
48 24 39 8 . 15 40 37 2 21 22 46 . 41 3 6 28 47 18 36 26 19 13 43 1 5 16 14 7 50 10 17 20 . 9 38 30 32 35 . 33 . 29 25 4 42 27 23 45 31 
19 47 9 15 13 46 29 31 27 20 36 . 4 . 45 35 41 34 42 26 24 . . 44 50 21 22 32 5 11 12 39 2 30 25 10 28 3 23 16 1 17 . 7 43 8 33 6 14 48 
39 48 47 11 . 3 35 9 . 4 17 28 41 10 33 30 34 37 38 . 23 12 5 15 45 50 40 42 44 32 13 . 21 . 6 25 8 1 49 22 27 7 18 14 19 31 29 43 2 46 
