50
42 26 12 22 30 18 41 4 32 . 36 31 . 10 45 50 9 47 2 48 16 46 13 21 11 28 35 25 37 1 49 7 8 43 23 14 27 17 20 44 . 38 . 40 39 3 24 5 . 33 
32 46 10 4 . 13 21 39 22 44 17 3 23 41 2 12 28 . 8 11 35 . 18 37 43 47 20 29 42 . 33 49 45 26 1 30 25 . 19 5 31 7 24 36 34 48 27 9 40 16 
47 . 9 35 39 42 . 44 6 21 32 30 40 8 . 34 4 41 23 33 25 13 10 17 36 22 5 28 3 24 20 15 2 49 16 29 26 43 7 12 38 . 19 50 27 14 1 31 18 . 
11 . 46 . 13 . . 7 18 3 14 . 25 49 19 26 20 28 16 10 22 17 12 43 34 6 36 35 32 37 15 1 39 21 30 8 4 2 9 31 29 44 5 33 42 27 38 40 45 47 
4 10 20 47 32 7 . 14 19 . 49 26 3 42 38 30 39 46 24 1 40 31 11 9 17 13 28 41 12 . 21 35 29 48 33 34 2 15 16 43 37 . 27 . 44 22 23 18 6 25 
46 31 36 . . 1 27 38 8 30 6 2 48 13 12 24 32 4 29 28 11 33 15 45 23 39 10 37 35 34 17 . . 42 25 19 41 3 21 . 20 9 43 7 14 49 18 22 47 44 
35 15 32 41 38 31 47 50 30 10 21 46 27 . 43 4 12 11 25 . 17 42 39 20 13 16 6 40 28 5 . 36 44 29 18 7 14 33 1 . 3 49 26 23 48 19 8 . 22 37 
30 22 . 36 19 5 12 . 23 13 33 . 46 45 6 49 43 48 17 29 7 34 37 50 10 . 18 14 25 15 16 3 9 40 11 21 42 28 . 39 41 31 2 4 26 38 44 20 27 8 
19 35 50 30 26 36 25 37 17 1 41 12 14 3 20 38 . 16 7 9 42 45 34 23 8 27 43 49 4 6 32 . 24 13 29 40 . 10 39 21 . 33 22 2 47 18 . 46 31 28 
5 37 26 48 24 6 14 30 . 29 4 20 35 9 41 16 27 23 33 36 32 21 19 7 . 2 11 12 . 40 50 28 43 34 46 22 17 42 18 13 49 10 3 47 . 8 39 45 25 . 
14 49 25 37 18 48 34 8 47 11 16 29 . 46 10 20 17 2 38 43 24 32 1 27 . 44 30 23 39 9 . 26 35 36 12 45 3 21 40 28 22 15 50 . 7 . 5 13 4 42 
48 41 31 . 6 15 19 12 2 43 1 18 33 16 50 9 45 36 34 37 47 . 35 25 28 32 26 10 29 13 3 . 46 39 . 38 8 4 14 27 21 30 7 42 5 . 17 11 44 22 
. 27 22 25 33 16 45 . 9 14 10 8 37 19 36 1 40 . 12 47 30 7 20 46 32 . 44 48 13 4 2 29 5 50 17 42 23 38 31 . 28 35 49 6 11 21 41 34 39 24 
. 8 7 10 9 46 4 26 13 5 23 28 30 22 44 2 50 27 42 . 49 15 43 16 38 . 3 17 18 41 48 31 32 14 . 6 . 39 35 24 19 29 21 37 25 45 11 47 34 20 
24 . 21 5 31 19 28 6 48 26 . 49 39 . 37 44 3 38 1 22 43 11 33 41 46 42 8 20 7 47 25 34 23 . 45 50 35 16 30 18 27 17 14 15 4 2 10 29 13 . 
8 42 1 46 16 34 22 33 . 12 18 13 . 7 24 48 31 9 6 4 45 . 32 40 27 5 37 39 21 35 36 38 11 . 19 49 15 14 41 23 43 47 . 3 10 28 26 17 50 30 
. 29 19 . 23 49 30 42 33 22 13 11 32 1 31 8 35 . 5 38 48 28 3 26 44 21 16 15 47 46 24 43 18 4 50 27 . 40 37 36 . 2 39 14 20 9 12 10 7 6 
34 39 44 18 35 . 32 . 14 15 . 24 10 6 7 . 2 33 48 8 5 19 41 13 1 46 47 . 30 22 45 23 12 11 9 16 50 27 42 17 40 4 20 49 38 29 28 25 43 21 
10 19 14 21 41 . 50 29 37 7 27 36 . 15 5 28 25 31 49 42 . 43 22 1 3 33 32 18 24 16 39 46 26 35 34 . 38 13 23 45 4 12 44 48 . 30 40 8 20 2 
40 . 4 16 7 29 8 34 41 24 28 27 15 43 48 33 13 50 30 31 39 3 23 . 37 20 45 . . 17 6 42 10 5 . 44 1 47 26 35 11 19 9 32 18 46 25 38 36 49 
18 25 . 29 17 . 39 5 28 41 44 1 8 . 4 47 23 7 15 19 3 50 40 36 45 48 9 . 26 12 14 2 38 22 42 20 30 34 13 6 46 24 11 21 32 31 33 43 . 35 
29 28 34 32 12 17 13 27 10 6 45 5 38 21 30 11 49 44 40 23 . . 25 39 50 8 . 46 41 18 7 22 3 20 48 . 31 24 2 37 26 43 36 16 1 4 . 33 9 15 
13 5 . 26 36 25 . . 46 17 22 7 45 37 32 42 29 24 28 14 10 35 48 19 47 . 31 27 15 8 1 6 20 38 39 23 21 44 43 4 18 41 30 12 16 11 34 50 . 9 
28 7 . 6 . 24 49 19 43 42 8 15 22 30 18 . . 20 14 16 29 37 9 48 4 45 25 34 17 33 31 5 21 44 36 32 10 46 38 3 23 . 40 26 2 35 50 39 12 13 
44 30 23 11 8 27 20 24 39 40 48 16 12 31 1 . 22 32 13 21 18 25 49 33 19 17 34 2 5 29 35 . 4 . 47 43 46 41 28 50 45 6 . 10 36 . 37 15 26 7 
25 16 43 33 48 23 36 13 11 9 12 38 41 . 21 7 . 39 44 35 4 27 2 8 . 29 24 1 20 . 22 50 28 19 10 26 6 . 5 46 34 32 47 31 17 40 30 42 3 14 
. 21 16 34 . 39 10 35 15 23 25 32 2 47 49 6 . 3 41 44 50 38 42 18 24 43 4 13 9 31 29 17 14 30 20 36 19 7 . 1 8 40 48 45 . 5 46 26 28 12 
33 47 40 28 29 12 7 32 . 19 42 . 5 23 26 10 34 6 27 24 31 41 50 38 20 30 49 36 45 48 9 11 22 . 35 25 44 . 3 2 14 18 17 43 21 15 13 1 46 . 
36 14 41 19 46 28 6 17 21 48 38 9 18 33 15 29 1 43 20 . 27 30 . . 40 7 2 42 31 49 44 45 . 47 8 10 37 12 25 11 13 39 34 22 50 24 32 4 . 23 
31 13 18 15 43 40 46 22 36 50 . 45 49 25 3 32 38 26 47 34 20 12 16 . 21 23 1 7 27 28 42 33 17 6 2 . 9 19 . 48 . 11 41 44 8 10 4 14 29 5 
22 18 17 7 44 35 3 9 24 31 34 10 6 40 . . 5 1 . 49 28 16 29 14 33 12 39 45 . 21 . 8 30 15 37 48 36 25 4 42 32 20 46 38 23 50 2 27 41 26 
7 38 15 8 . 20 42 46 45 28 29 39 17 14 34 40 26 37 . 3 . 22 44 35 2 9 . 24 36 11 5 47 6 25 43 18 12 48 49 32 10 23 13 27 33 1 . 16 30 31 
43 17 45 13 40 9 26 41 12 4 30 48 34 50 . 37 46 . 39 25 1 44 38 49 . 10 21 . 2 19 8 20 7 31 . 11 29 23 47 14 15 42 18 28 22 6 35 36 24 32 
17 32 42 43 49 26 11 23 25 . 9 4 50 29 16 13 8 21 3 30 . 18 27 15 12 34 . 22 19 14 37 41 40 28 . 39 48 1 36 7 2 45 . 24 35 47 20 6 5 10 
38 50 29 2 1 47 31 48 27 46 39 . 13 28 42 5 36 45 37 18 12 . 7 32 9 35 15 26 . 44 . 21 34 10 4 3 24 22 8 19 33 25 6 41 43 20 16 49 17 . 
3 . 27 39 15 4 38 21 5 18 . 25 1 17 29 22 19 40 10 7 8 2 36 . 48 41 14 50 23 20 26 32 49 33 44 31 45 35 6 47 12 16 28 . 13 . 9 30 42 46 
12 44 6 3 34 21 1 20 35 25 47 43 16 . 28 46 . 49 22 13 2 8 17 31 29 . 48 19 10 7 18 39 . 23 5 4 32 30 27 40 50 26 37 9 45 41 . 24 11 38 
2 3 39 9 4 45 18 11 42 8 31 . 21 5 . 25 16 30 19 20 38 26 28 22 35 50 . 6 14 23 40 48 41 32 27 . 43 49 46 34 24 . 10 1 12 7 36 37 15 17 
23 1 49 . 42 22 24 16 7 27 . 17 43 20 39 21 37 34 45 2 26 5 . 28 25 38 40 4 50 3 12 19 13 18 32 15 47 31 11 10 30 14 33 . . 36 29 48 8 41 
9 11 2 14 20 30 23 49 40 . 15 21 36 12 22 17 18 13 31 . 34 24 4 10 42 26 50 43 16 32 46 27 48 41 7 1 5 6 . 8 47 . . 25 28 44 45 3 33 19 
39 36 48 23 45 2 9 3 26 20 50 41 . 11 8 . 7 22 43 . 37 49 30 12 15 40 38 32 6 42 10 18 33 24 21 28 16 29 . 25 1 5 4 . 31 13 47 44 14 27 
49 20 38 1 47 3 2 28 34 35 5 19 7 39 23 27 44 42 26 41 . 4 24 11 18 37 13 9 48 . 43 14 . 8 15 12 40 36 17 . 25 22 45 30 29 16 6 21 . 50 
50 2 33 49 11 . 29 47 . 16 7 23 9 44 17 15 24 10 36 5 21 39 . 6 41 18 12 . 34 30 4 37 25 1 28 46 20 32 45 . 48 27 42 13 40 43 19 35 38 3 
15 43 35 31 2 50 17 10 20 49 24 33 42 26 9 18 41 12 21 40 23 14 . 4 39 19 . 30 38 36 11 13 47 . 6 5 7 45 22 16 44 . 32 34 46 . 3 28 1 29 
37 4 8 12 21 38 15 18 29 . 20 40 28 48 35 45 10 17 46 27 . 36 47 24 14 31 41 44 33 26 23 25 19 7 . 9 13 . 50 30 42 . 1 5 3 39 49 32 16 43 
20 40 28 50 25 33 35 . . 39 19 22 44 34 . 43 6 29 . 32 15 1 46 42 26 11 23 5 8 . 47 30 37 27 13 24 49 18 10 38 36 21 16 17 41 12 31 7 48 4 
6 48 24 38 10 44 43 2 16 47 37 42 26 4 25 23 14 19 32 50 13 9 . . 7 1 17 11 46 39 . . 36 45 41 33 28 5 15 49 35 3 8 20 . 34 22 12 21 18 
16 34 . 42 37 8 44 31 49 32 3 6 11 2 40 39 21 . 18 46 36 20 14 47 . 15 33 38 . 25 28 4 27 17 24 13 22 . 48 41 7 50 12 29 19 26 43 23 10 45 
. 6 30 17 28 43 16 25 . 36 11 47 24 38 13 31 42 14 35 15 33 10 45 5 . 4 7 3 40 27 19 12 1 46 26 2 39 20 44 29 . 8 23 18 49 32 48 . 37 34 
45 33 13 27 3 32 . 15 1 37 2 34 4 35 46 36 30 8 . 6 14 48 21 44 5 25 22 47 49 43 38 10 . 9 31 41 18 26 12 20 16 28 29 . 24 17 . 19 23 11 
