50
8 . 17 7 35 11 34 16 40 13 26 30 43 . 25 28 24 2 14 19 29 47 . 45 49 36 . 15 9 39 42 22 . 5 27 44 23 50 12 48 41 18 21 32 20 10 31 4 38 37 
46 22 41 15 38 33 44 42 45 43 50 37 34 32 23 29 4 9 26 31 6 17 13 . 7 47 21 5 14 25 27 11 2 28 16 . 8 12 . 10 19 . 40 20 49 24 35 . 1 3 
4 36 11 23 18 39 47 10 . 33 . 14 35 40 34 17 31 50 13 25 7 22 . 32 43 48 3 27 49 6 46 42 29 30 1 21 26 16 15 38 20 . 8 9 19 37 2 . 12 44 
19 18 20 37 12 17 23 41 31 44 30 40 9 2 6 . 38 . 45 8 46 . 32 29 16 1 13 22 10 7 11 50 24 . 47 27 3 25 21 42 5 48 43 39 36 33 . 34 26 4 
48 42 16 6 5 36 43 18 10 46 47 22 . 33 50 35 14 12 27 15 4 9 38 2 30 24 39 . 3 32 17 44 25 23 34 . . 29 40 8 26 45 . 13 11 20 7 19 37 31 
32 46 39 18 20 26 . 36 28 19 5 34 38 17 35 25 9 45 . 16 41 . 31 1 15 14 22 33 4 40 37 2 21 42 44 6 50 . 13 12 . 47 27 43 8 7 29 3 11 10 
41 6 22 31 . 43 12 40 50 48 13 23 5 42 30 33 47 34 . 11 . 8 4 44 14 37 27 28 46 . 10 38 7 . 49 16 35 3 25 24 18 19 1 26 2 21 9 32 39 36 
28 40 43 35 31 50 36 . 7 4 . 41 45 27 18 47 33 30 29 46 26 37 39 42 24 3 . 2 48 . 5 14 13 21 15 49 1 20 44 17 12 11 10 6 34 . 38 9 19 16 
9 23 42 24 22 16 14 43 6 17 . 4 10 34 31 20 8 21 19 13 49 28 40 26 12 . 5 3 41 46 15 36 . 45 18 2 . 39 11 33 . 25 32 1 47 48 50 37 30 35 
33 14 5 22 25 6 39 3 34 40 38 7 16 . 42 43 27 11 4 1 32 46 15 21 10 . 44 19 . 41 12 28 8 47 20 37 9 30 24 18 49 . 45 35 48 2 23 . 36 13 
49 11 50 2 1 . 46 13 29 30 27 39 47 43 22 4 . 26 40 21 9 19 37 . 32 31 15 36 12 5 34 33 35 44 38 42 45 14 . 28 16 23 3 17 10 8 25 . 20 48 
36 16 32 13 . 31 33 25 47 6 3 35 29 44 41 23 19 10 9 30 8 1 45 50 . 42 2 . 18 28 26 48 27 38 24 7 49 34 17 37 40 20 14 22 12 . 5 11 4 . 
22 37 3 14 39 25 29 24 9 15 32 48 36 13 4 7 45 6 41 33 . 23 27 11 . 49 50 38 8 42 19 16 26 10 . 30 20 . 46 . 2 21 44 47 35 1 18 43 34 40 
34 . 9 48 32 13 27 6 . 7 1 10 30 47 26 39 35 17 46 18 40 3 2 22 8 19 16 25 45 23 49 21 36 . 43 20 33 11 5 . 15 38 29 28 42 14 44 31 24 . 
25 50 . 21 . 9 38 23 18 27 2 47 41 19 7 42 . 22 24 3 11 40 . 13 37 15 4 48 34 . 39 32 20 35 14 5 30 6 10 45 43 8 26 16 31 28 1 17 46 12 
1 29 46 19 21 4 6 30 43 22 . 32 42 24 33 . 5 25 23 27 48 49 12 20 17 28 40 35 36 37 . 18 14 8 11 9 39 10 . 13 38 50 16 44 7 47 . 15 2 26 
7 47 26 1 9 18 17 39 20 10 19 33 6 37 15 12 . 32 42 . 2 44 8 34 22 45 28 46 29 13 41 5 48 43 21 4 24 31 3 14 . 40 . 25 16 . 11 27 49 30 
40 . 25 4 6 38 8 35 5 18 11 15 24 22 32 48 42 3 44 9 10 . 26 39 47 . 14 1 20 . 16 37 46 12 41 17 28 19 36 7 50 34 31 23 29 49 30 21 43 . 
14 34 49 12 23 35 4 38 . 45 20 . 46 31 17 8 48 43 11 37 21 18 47 10 26 9 1 7 40 30 25 13 32 29 . 19 . 33 50 44 6 15 41 36 24 22 . 42 28 39 
37 9 7 34 16 5 15 20 38 49 10 2 31 36 3 . 43 39 1 24 30 12 14 23 25 26 17 . 28 44 21 29 19 . 35 22 47 32 . 50 13 41 6 48 . 11 33 8 42 46 
17 8 31 30 14 . 20 45 15 24 21 3 28 1 11 50 . 44 22 2 23 48 18 41 19 . 7 13 5 49 . 43 10 36 40 12 16 37 38 27 35 4 33 46 26 25 6 39 . 42 
6 . 44 45 43 48 . 17 27 . 16 42 3 50 24 40 32 18 37 49 33 7 46 30 35 4 . 34 21 2 20 10 11 31 25 39 19 47 1 36 14 12 13 5 38 9 26 23 . 8 
35 24 28 . 40 . 32 . 30 2 25 . 20 7 9 16 12 15 34 43 5 21 23 46 48 10 42 45 11 26 18 . 17 27 37 14 29 13 47 19 39 36 4 3 41 38 49 22 33 1 
29 3 . 28 27 20 21 37 17 . 15 44 39 12 14 22 30 . 7 5 13 34 43 25 36 18 49 11 50 19 8 40 31 26 . 32 10 . 2 6 47 16 46 42 23 4 48 35 9 41 
12 26 . 8 17 37 42 7 35 . 36 45 50 4 13 11 3 19 38 14 18 32 1 49 29 39 48 31 . 21 . 15 30 6 2 23 40 43 28 34 46 33 . 41 9 27 16 44 5 25 
42 25 38 33 48 15 50 . 21 26 46 . . 3 27 30 1 20 36 12 28 45 11 47 34 8 32 44 17 16 22 39 23 37 . 13 6 41 43 2 29 31 . 49 4 40 19 10 18 9 
50 4 13 9 37 32 31 28 25 41 7 29 17 35 . 46 2 24 15 20 16 39 . 5 27 44 19 12 . 47 40 8 34 48 22 18 36 26 23 3 11 49 30 . 6 45 43 38 14 21 
38 48 40 16 13 34 18 33 . 23 4 19 12 . 20 10 17 28 5 7 22 42 6 14 9 41 37 8 25 36 . 35 50 24 26 47 11 . 39 30 45 3 2 27 . 31 32 29 44 49 
5 49 1 41 24 3 26 50 . 25 18 8 44 39 45 . 16 36 21 10 . 13 30 31 11 27 23 47 42 38 33 46 12 34 19 . 22 7 4 9 32 6 17 29 . 15 20 28 48 43 
20 28 27 29 . 7 41 . 49 21 33 38 32 9 40 13 6 16 25 34 14 36 10 19 1 . . 24 2 31 4 23 . 39 30 15 37 42 35 46 44 43 12 45 17 26 22 5 50 18 
31 10 8 49 34 21 30 . 19 50 48 43 . 20 29 . 22 . 2 23 42 41 16 36 . 5 9 18 24 14 28 27 15 17 32 38 44 35 33 25 4 7 39 11 3 46 37 1 40 47 
44 2 33 38 4 10 19 29 46 34 45 . 23 41 49 36 28 1 . 26 47 . 25 24 31 6 43 14 39 18 48 . . 15 8 11 5 17 22 21 37 30 42 7 13 35 12 40 16 32 
18 5 12 27 28 14 1 47 23 8 24 49 7 30 38 21 15 42 39 . 20 6 34 . 13 29 31 32 43 4 44 3 9 2 33 36 46 48 41 . . 35 22 19 40 . 45 16 25 11 
39 41 34 10 26 . 25 46 11 . 35 50 15 5 19 18 40 38 47 4 . 29 22 . 42 21 24 16 6 27 3 30 49 9 17 . 48 2 31 1 7 13 23 14 28 44 36 20 32 33 
30 20 19 46 . 29 . 22 13 9 43 18 . 48 10 41 26 . 28 38 12 5 35 6 45 25 33 50 44 24 31 17 39 7 42 34 . 8 16 49 23 1 36 2 32 3 4 47 27 14 
. 32 35 . 41 49 3 34 12 31 23 25 . 28 2 1 44 7 16 47 . 4 17 38 21 22 20 . 15 48 6 26 . 50 46 10 18 36 9 39 8 29 5 33 14 13 27 30 45 19 
23 13 30 47 7 22 2 21 33 16 37 1 8 6 43 32 25 . . 42 31 10 44 17 4 20 36 . 35 34 38 49 45 11 3 28 12 18 19 40 24 26 50 15 39 5 . 46 . 27 
. 21 37 . 47 12 13 9 39 11 28 46 4 16 44 19 7 23 32 17 1 . 48 15 2 35 38 29 26 3 30 41 33 14 . 25 . 40 49 22 31 5 18 8 27 34 24 50 10 20 
. 39 14 40 33 19 45 15 32 5 12 28 25 23 . 31 18 41 . 29 44 2 9 48 3 38 35 10 16 43 13 . 42 22 50 26 4 1 37 47 21 . 49 24 30 36 8 7 6 17 
10 19 15 43 36 8 9 4 44 47 6 21 40 38 37 34 50 48 33 22 25 11 24 27 41 16 26 17 30 12 1 31 28 32 23 . 7 49 . 29 3 42 . 18 5 39 13 2 . . 
2 44 6 5 19 46 . 11 4 3 . 36 27 26 8 37 20 14 18 41 50 31 28 16 40 12 34 49 32 . 24 1 22 33 10 45 17 21 48 23 25 9 47 . . 30 42 13 15 7 
13 45 . 39 15 28 37 2 42 14 17 5 1 49 47 9 21 31 12 . 27 16 50 4 38 46 . 26 . 10 23 20 43 19 36 3 25 44 32 35 22 24 11 30 33 . 34 41 8 6 
43 1 18 . 42 2 7 44 3 39 8 6 48 . . 38 11 4 30 32 15 26 49 35 23 40 12 20 . 50 14 45 5 . 28 24 31 22 27 16 34 10 9 37 46 41 47 33 17 29 
. 35 4 26 10 40 . 27 41 36 44 11 13 . 16 14 39 49 31 6 24 30 19 28 . 34 46 23 38 9 . 47 37 3 48 33 2 45 20 43 1 32 7 12 25 42 17 18 21 22 
3 7 . 20 45 42 16 26 22 32 49 12 19 11 . 24 10 46 8 28 36 27 . 40 33 43 30 37 13 1 2 . 38 4 29 35 14 9 6 15 17 44 34 21 50 18 . 48 31 23 
16 . 29 17 49 23 24 19 26 . 14 9 2 18 39 5 36 40 10 45 3 38 21 8 20 33 11 6 1 22 35 . . 46 31 43 13 27 7 41 . 37 48 50 44 32 15 25 47 34 
27 31 23 3 2 . 22 49 8 38 9 26 33 10 21 44 37 5 6 36 39 35 20 . 28 17 45 30 47 11 50 7 18 25 4 29 34 15 42 . 48 14 19 40 . 16 46 12 . 24 
21 17 45 32 30 27 11 31 16 35 34 13 18 14 48 26 . 47 . 39 38 25 7 3 44 2 10 42 37 20 36 19 6 1 9 50 41 24 8 . 33 46 15 4 22 12 40 . 23 . 
47 38 21 11 50 . 49 1 48 12 42 17 22 25 . 6 13 8 3 . 34 15 36 33 46 23 29 40 27 35 32 24 16 18 39 41 43 . 26 20 9 . 37 31 45 19 10 14 7 5 
. 43 2 . 8 1 10 14 36 42 40 20 37 45 12 49 46 27 35 . 19 50 33 9 . 30 47 39 23 17 7 4 41 16 13 31 32 . 29 11 28 22 25 34 15 6 21 24 3 38 
