50
. 14 39 15 30 36 42 21 12 49 20 17 16 40 22 2 45 11 31 44 . 46 . 25 . 9 32 47 41 8 38 5 28 24 34 6 4 48 1 37 3 29 7 43 10 26 13 19 27 . 
7 25 40 36 12 43 41 24 1 27 46 4 44 31 14 35 . 38 16 49 11 22 30 45 39 34 17 3 50 29 . 9 18 . 6 . 21 23 26 5 20 10 32 15 8 2 . 37 47 28 
29 42 9 2 19 22 26 23 33 50 35 20 24 47 30 . 38 44 17 25 37 27 48 43 1 32 31 5 . . 8 18 36 12 41 49 10 21 16 7 6 . 34 13 40 39 11 . 3 45 
13 12 24 21 25 . 3 32 19 2 42 38 46 30 8 18 11 36 5 22 16 . 15 1 26 20 37 10 40 4 45 49 . . 43 35 48 . 41 29 47 7 6 17 34 31 27 50 23 14 
37 15 49 . . 3 . 41 4 30 17 9 29 5 45 12 31 21 34 6 14 28 26 19 47 39 33 16 2 10 1 50 42 43 18 27 38 32 23 . 13 25 48 20 24 7 40 22 . 11 
32 8 36 1 47 12 38 35 43 . 30 23 33 . 49 22 40 . 48 16 42 25 13 44 9 27 5 11 . 31 . 26 37 6 19 2 7 41 10 15 17 50 45 34 3 20 29 28 46 18 
48 5 11 41 7 19 29 8 40 18 12 49 10 9 25 . 44 47 28 2 34 13 . 24 35 . 45 50 30 27 32 23 21 4 . 1 33 17 14 38 46 . 42 22 6 15 26 36 39 3 
26 35 46 20 44 16 4 17 10 31 8 27 . 18 28 34 39 32 21 3 41 47 24 22 7 12 25 . 48 . 43 . 50 23 2 36 . 5 9 30 14 1 19 40 29 38 45 42 33 37 
43 19 8 45 1 30 50 44 . 10 49 6 . 48 26 7 13 27 3 . 36 34 39 37 2 . 20 31 28 11 . 24 40 15 33 41 47 9 17 35 42 5 38 14 46 29 16 32 12 21 
20 40 6 . 33 24 23 11 30 8 4 3 21 2 1 16 25 22 39 . 48 15 14 32 36 38 47 45 42 50 9 17 . 34 37 29 . 10 31 19 . 27 44 41 5 46 43 13 26 49 
15 . 14 30 46 37 5 13 34 43 . 19 25 21 40 26 28 4 47 35 . 42 16 29 48 23 6 33 17 . 27 7 2 3 32 12 44 38 11 20 45 39 18 9 36 . 31 24 10 50 
33 17 10 23 36 26 20 38 18 41 2 14 37 28 44 25 . 6 42 50 . 43 . 13 30 16 11 19 5 32 29 34 46 40 9 3 15 7 . . 48 21 39 35 31 27 12 49 24 22 
27 45 22 25 31 7 12 33 5 42 43 . 15 14 24 20 50 1 26 32 29 39 . 47 10 35 13 9 36 44 11 19 17 . . 16 41 6 49 34 37 4 46 3 18 23 . 48 38 8 
28 11 26 35 22 8 7 19 31 6 36 16 14 . . 38 . 33 . 9 . 1 21 34 25 41 48 30 47 23 39 3 24 37 12 50 49 42 27 44 10 18 20 45 17 4 5 2 32 13 
40 . 16 12 32 38 9 37 . 13 27 34 11 . 48 36 35 5 33 45 25 50 17 18 15 14 1 28 20 41 49 42 23 29 . 46 19 24 43 47 4 6 22 2 . 3 44 31 21 39 
19 3 44 10 . 13 31 18 45 35 1 33 50 43 12 39 32 24 38 27 15 49 23 2 17 7 22 34 46 26 . 28 11 14 25 20 40 47 30 6 . 42 9 29 . 36 4 21 5 . 
36 49 42 40 28 4 17 . 50 39 25 7 48 23 33 6 37 10 24 . 3 2 22 31 38 21 44 8 . . 16 47 27 1 35 18 20 45 46 43 32 . 41 5 26 30 14 34 19 9 
. 13 43 37 15 33 46 . 21 34 38 29 22 42 41 . 3 30 . 39 4 16 5 50 45 11 23 40 19 20 28 27 48 26 17 14 9 18 6 25 49 12 1 7 35 32 . 44 31 47 
38 29 34 11 17 . 21 30 49 32 . 39 5 33 . 50 16 45 7 46 43 . 47 28 24 3 12 2 27 22 44 41 10 8 1 19 . 20 25 26 36 9 13 4 42 14 15 18 40 23 
11 44 21 32 26 . 22 20 28 48 . 47 . . 36 37 41 7 2 1 46 45 27 35 12 25 38 29 18 6 40 4 30 17 3 23 39 8 24 31 5 19 49 33 . 34 10 15 43 16 
30 41 27 26 49 21 19 14 35 16 . . 38 4 47 43 5 42 12 48 24 3 29 9 34 15 10 20 32 2 33 37 8 25 . 31 46 1 44 18 50 . 11 36 . 28 22 17 7 6 
22 47 33 7 13 28 . 3 38 . 21 48 19 46 5 9 30 16 20 8 2 17 36 10 49 50 18 37 26 . 34 29 32 42 14 24 11 39 4 45 23 43 35 . 12 . 6 25 41 31 
31 9 . 3 2 42 25 39 20 14 47 21 13 29 17 27 19 41 30 40 8 32 43 23 37 10 . 4 . 7 26 16 6 48 49 5 45 . 15 . 12 33 50 28 11 18 36 38 35 46 
21 37 30 4 9 . 33 34 15 20 45 32 49 24 39 28 8 40 18 47 31 6 41 36 42 2 26 27 22 5 17 48 12 . 23 43 1 13 29 14 7 . 3 10 19 . 25 . 44 35 
44 48 31 24 6 18 14 43 16 45 23 13 17 27 21 42 . . . 38 32 20 . 3 46 5 30 35 49 47 41 1 34 50 11 4 25 28 . 22 19 40 37 8 39 12 9 26 29 36 
34 20 3 50 11 29 48 40 . 5 10 12 47 41 . 17 9 26 14 . 22 44 4 . 19 6 28 1 8 36 46 . 13 35 39 38 31 49 18 2 27 30 25 37 7 45 33 23 42 32 
5 2 45 . 37 35 30 42 17 47 29 36 43 10 . 4 46 28 40 41 7 14 44 38 13 24 21 . 16 39 23 . 25 49 15 34 32 12 20 11 33 8 27 18 50 . 3 1 9 26 
18 34 19 17 21 9 27 10 13 29 48 24 20 49 15 30 22 35 4 31 28 . 7 . 5 46 16 41 38 37 50 8 3 45 47 25 12 2 . . . 32 26 42 44 11 39 43 6 1 
1 26 . 42 5 49 16 45 46 37 34 44 35 . 23 14 48 15 27 29 9 . 32 8 11 . 40 21 12 19 20 6 31 33 36 17 30 3 22 13 38 2 24 39 47 41 50 10 4 . 
10 . . 22 14 47 . 4 44 9 5 . 3 36 38 48 17 23 13 19 1 31 12 49 40 . 41 32 24 18 21 35 15 30 26 7 27 11 45 16 28 34 2 50 20 42 46 8 37 29 
6 46 37 47 29 10 . 50 25 4 32 41 23 44 34 24 18 3 35 20 19 . 8 30 16 45 14 43 11 42 13 33 1 36 22 39 17 27 2 . 31 26 12 . 15 48 38 . 28 5 
41 28 . 19 . 45 32 9 47 . 24 11 30 20 4 1 12 50 25 33 6 18 31 27 44 26 36 13 10 35 15 22 49 39 42 40 . 34 3 21 29 14 . 46 37 16 7 5 17 2 
9 23 47 31 4 . 18 12 2 36 6 22 40 45 . 33 21 46 29 28 20 38 50 16 41 1 . 42 35 43 5 10 26 7 27 11 37 14 8 3 39 49 15 32 48 . 19 . 34 17 
42 7 20 39 23 41 2 . . 28 50 18 27 6 9 . 24 34 11 37 30 29 35 26 21 44 . 15 1 46 47 32 33 31 45 48 3 36 40 10 25 13 17 19 16 43 . 12 22 38 
47 33 29 8 20 40 45 31 6 . 16 42 34 7 27 23 15 . 1 5 18 41 49 11 22 30 3 . 37 25 12 . 39 32 44 28 26 19 35 50 43 24 . 38 2 10 21 9 48 4 
16 38 . 13 10 1 47 48 11 12 14 37 32 3 2 29 27 . 19 21 50 4 6 46 . 36 15 17 45 24 18 40 9 5 30 . 34 26 39 42 8 44 . 25 22 49 35 41 20 7 
. 31 7 18 24 34 13 2 3 33 44 45 . 1 29 47 43 49 22 26 27 19 9 12 32 8 35 6 14 17 10 39 . 21 40 37 42 16 38 48 15 41 23 . . 5 28 4 50 30 
24 . 50 14 39 5 8 29 . 40 11 26 9 13 20 3 6 19 45 7 10 30 42 17 18 . 27 48 15 16 2 44 43 38 31 . 23 4 . 46 1 28 33 49 21 47 41 35 25 34 
14 30 4 49 40 31 15 46 41 21 . 10 2 32 50 11 1 39 23 17 26 8 19 5 . 37 9 7 . 45 36 25 38 44 20 . 28 43 . 12 34 16 29 24 27 35 47 33 18 42 
12 27 2 . 48 50 . 22 32 3 19 15 1 37 43 8 7 . 46 14 44 10 25 39 33 40 42 38 13 21 24 45 47 11 . 9 18 31 34 28 . 35 4 16 49 17 23 20 30 41 
. 16 12 27 45 17 11 25 48 22 15 1 31 26 32 40 2 43 . 18 38 21 37 33 20 19 7 23 39 9 6 30 . 10 29 8 5 50 42 49 41 3 14 . 28 13 34 . 36 24 
. . 15 29 3 2 28 27 23 38 33 46 41 12 37 19 36 25 . 42 47 48 11 . 8 18 43 39 31 34 7 20 16 9 24 44 14 35 5 1 22 45 30 . 32 21 49 6 13 40 
8 1 35 44 34 11 10 5 39 7 28 30 4 16 18 49 42 48 6 24 . 33 2 . 43 31 . . 25 38 22 21 41 47 50 45 36 . 32 27 9 46 40 12 23 37 17 3 14 15 
3 18 13 38 43 27 35 16 7 44 31 . 39 17 11 45 26 12 . 36 21 24 34 15 23 42 8 25 33 14 30 46 . 22 10 47 29 . 28 4 . 48 5 6 1 9 32 40 49 20 
45 21 5 33 41 23 40 47 27 1 7 25 26 35 42 32 34 8 36 . 39 37 46 48 . 49 2 . 43 3 31 . 4 20 38 30 50 15 13 17 24 22 28 44 9 19 18 29 . 10 
39 24 17 9 . 6 43 26 42 19 22 5 8 11 35 . . 20 37 34 . 12 45 41 4 48 46 36 7 49 3 2 29 27 28 13 16 40 50 32 44 31 . 30 38 33 1 47 15 25 
. 4 28 . 16 25 39 7 36 11 18 8 . 19 3 41 20 37 32 30 5 26 10 6 31 29 49 24 9 13 35 38 14 46 48 15 2 . . 40 21 17 47 23 43 22 42 27 1 12 
49 43 38 16 . 32 24 . 8 26 40 31 12 34 7 13 23 9 50 4 17 36 28 42 29 47 39 44 3 30 . 15 5 18 46 10 22 25 37 41 35 20 . 48 33 1 2 45 11 . 
25 32 41 43 50 15 37 . 9 17 3 35 28 22 6 44 47 18 49 10 33 5 38 7 14 13 29 46 34 48 42 12 45 19 8 . . 30 21 23 11 36 16 31 4 40 . 39 2 . 
35 6 32 5 42 20 34 28 29 . 26 2 7 38 10 15 49 13 9 43 12 11 3 . . 17 . 18 23 33 48 36 22 . 4 21 8 46 19 39 30 47 31 1 14 24 37 16 45 44 
