50
7 44 31 26 32 23 20 47 14 19 28 46 24 . 18 39 29 16 . 50 8 34 6 43 1 48 42 4 . 38 13 30 11 25 49 9 36 12 . . 37 41 40 17 33 22 2 15 27 45 
9 29 . 46 40 25 5 33 42 6 10 34 . 35 27 36 49 13 18 15 1 11 32 14 22 30 12 16 45 44 . 26 43 38 23 17 21 39 28 . 19 8 50 31 24 41 4 47 7 . 
46 10 38 12 1 11 36 . 23 41 4 15 43 9 8 . 6 3 29 35 17 25 . 31 18 39 5 34 14 40 28 7 21 13 47 42 49 37 48 . 50 30 20 45 2 . 22 32 26 27 
. 48 43 7 37 33 41 28 10 31 15 21 40 13 32 46 5 24 39 4 34 1 22 30 6 8 38 35 50 11 26 20 9 36 . 29 14 . 3 12 44 . . 25 19 17 23 16 49 42 
33 36 . 34 28 . 27 39 22 . 46 48 32 . 31 42 50 . 20 14 19 24 10 26 9 35 23 40 7 4 16 45 15 30 25 21 2 13 18 11 3 17 12 43 37 49 44 6 47 38 
30 22 46 41 35 38 6 . 8 . . 43 12 11 9 37 36 47 49 5 . 4 48 24 17 16 31 23 21 39 32 27 26 34 1 2 13 29 20 45 42 40 . 18 25 10 15 7 14 28 
32 7 41 47 9 29 11 23 . 10 5 . 31 . 17 49 43 34 22 13 38 42 25 6 15 45 30 . 3 37 33 44 12 24 28 46 19 21 35 26 16 27 39 1 14 8 . 20 2 4 
28 12 24 . 16 42 33 14 30 38 32 36 45 6 50 22 26 39 27 37 29 . 3 2 7 15 41 13 5 34 40 . 10 21 35 25 47 20 17 18 9 49 31 . 11 4 19 . 1 8 
47 43 . 45 48 7 39 17 28 25 12 30 18 33 1 15 9 42 . 23 13 36 34 21 . 2 . 6 32 24 44 8 35 10 50 20 40 31 46 27 49 22 26 41 3 29 11 38 19 . 
49 5 13 14 . 15 42 24 32 21 47 2 37 45 35 30 22 1 36 19 25 . 33 7 . 46 29 27 20 8 . 10 17 48 39 41 16 34 6 9 38 31 . 4 44 12 3 11 40 23 
17 34 15 9 20 32 3 49 37 11 50 33 42 22 5 . 38 28 4 8 . 47 26 46 43 31 18 25 24 . 45 36 29 39 2 . 1 19 23 7 13 21 41 27 10 40 48 14 44 . 
15 37 29 1 44 41 9 38 12 5 22 10 33 43 20 . 24 2 6 26 40 16 18 48 27 21 46 . . 25 14 50 47 49 . . 3 8 36 23 39 35 7 11 30 32 45 17 28 13 
29 25 49 6 34 26 47 7 4 33 30 1 13 39 40 45 28 23 17 41 37 21 43 35 48 . 2 15 12 . 27 31 42 46 18 . 8 24 50 3 36 44 11 22 . 19 5 . 32 9 
4 45 47 48 14 1 . 43 35 26 7 24 . 19 15 11 39 31 5 49 44 29 42 10 . 50 . 22 41 3 20 2 16 28 37 32 9 33 38 13 40 18 17 12 34 . 25 30 23 36 
27 28 42 32 29 50 46 1 41 17 . 18 14 44 6 43 . 25 31 30 47 2 11 19 34 . 10 . 36 48 21 38 20 15 24 49 5 40 4 37 7 12 13 8 23 45 16 39 . 22 
43 27 3 8 19 17 . 15 45 49 21 . 16 23 33 32 10 26 37 46 42 20 39 12 . 28 44 1 13 36 . 35 40 31 48 14 34 . 22 30 6 50 9 47 4 5 7 18 38 29 
. 15 28 44 11 . 34 32 9 45 23 20 30 42 4 6 31 35 48 43 7 37 24 3 13 25 49 5 33 2 47 22 1 27 10 18 39 26 40 17 . 36 . 14 46 . 38 19 29 12 
39 . 19 38 2 20 10 41 5 18 36 37 9 15 47 16 7 6 . 34 . 3 . 23 21 42 11 8 . 14 12 29 50 43 32 4 24 35 26 49 27 46 33 13 17 28 1 31 22 25 
13 47 22 11 46 45 37 3 33 50 2 7 . 32 28 29 . 17 1 44 5 . 31 8 40 18 9 20 26 27 24 39 . 42 12 35 38 49 16 43 25 19 48 21 . 14 34 23 30 10 
20 31 50 24 4 8 16 25 21 15 6 13 47 18 29 35 . 36 44 45 2 . 49 22 3 17 7 . 48 28 34 11 . 23 30 12 37 . 9 40 5 14 32 38 41 26 10 42 46 1 
36 38 30 27 17 35 15 42 34 16 11 5 20 29 . 18 8 49 12 2 4 33 40 1 32 47 . 50 46 41 39 25 37 19 7 26 . 45 31 10 14 23 22 28 13 6 . 21 . 43 
40 4 18 23 38 . 26 9 29 1 . 16 35 7 2 19 42 15 21 25 30 32 . 13 31 . . 49 17 12 8 46 24 11 22 27 20 14 34 44 28 10 37 39 5 33 50 45 36 3 
19 14 6 18 26 27 30 31 . 4 35 . 50 5 13 48 34 38 25 . 11 15 36 17 23 49 33 12 9 22 . 21 28 47 29 . 45 44 37 32 24 20 1 46 43 42 8 3 39 40 
24 . 34 . 30 13 1 10 36 20 16 . . 41 21 9 3 43 28 7 12 5 27 32 42 37 25 2 22 45 29 14 18 4 19 50 46 48 39 33 11 38 44 6 40 47 35 . 31 17 
14 26 21 17 13 10 25 46 . 22 . 27 44 49 16 24 . 40 33 20 18 8 5 . 38 4 37 42 31 19 1 15 . 9 36 23 48 28 29 35 41 32 3 30 50 7 12 34 6 47 
1 32 39 33 25 3 . 13 47 14 18 45 41 20 49 40 44 29 46 10 . 27 4 50 30 43 36 38 15 26 11 . 23 22 6 34 17 9 12 19 31 28 2 . 8 35 42 24 . 16 
12 9 10 20 31 39 49 45 25 27 1 42 . 38 36 21 48 33 43 . 22 13 . 41 16 19 28 47 34 17 35 4 32 50 . 7 . 3 44 8 2 37 30 29 6 24 26 46 18 5 
25 33 11 28 18 19 . 30 16 34 45 50 22 47 14 5 15 8 10 21 . 44 2 36 39 23 17 32 29 7 6 43 3 . 4 37 . 38 49 31 1 26 46 35 27 48 40 . 24 20 
44 11 32 2 42 12 18 37 17 7 29 31 34 8 46 . 16 4 41 47 23 22 1 40 20 10 14 . . 15 50 . 39 5 26 6 27 30 45 28 48 43 36 9 49 3 13 33 35 . 
26 . 20 3 7 48 . 29 1 47 19 11 5 37 38 50 45 . 2 36 43 30 8 42 12 27 34 33 6 10 9 41 46 35 40 28 22 4 24 16 23 39 15 44 18 . . 49 17 32 
31 . 36 16 45 37 14 . 46 24 3 38 28 30 11 20 17 . 7 27 39 35 15 18 4 . 40 21 23 13 10 12 5 1 33 19 25 42 32 34 . 29 8 49 22 2 47 9 41 44 
38 24 33 29 . 44 50 12 7 46 27 6 4 31 41 47 30 22 34 32 35 23 13 37 45 5 1 36 40 . 43 18 49 14 . 39 26 11 . 25 20 48 42 19 9 . 17 28 3 15 
11 42 35 49 8 28 17 2 27 39 14 . 38 24 . 7 20 . 13 3 31 40 50 4 29 12 15 48 1 23 19 37 36 45 21 22 33 16 . 41 30 25 34 5 47 46 . 26 10 18 
16 18 44 42 6 36 4 35 . 32 31 28 15 26 24 27 37 12 40 9 10 14 21 29 33 . 47 17 11 30 25 49 48 7 . 43 50 5 41 22 . 2 23 3 . 34 39 1 8 19 
. 50 1 35 33 49 23 20 44 28 26 4 27 16 19 13 40 32 42 48 24 7 12 47 14 29 43 46 39 9 37 3 34 17 38 . . 41 5 2 . 45 6 36 31 30 21 25 15 . 
50 16 26 39 21 22 7 8 31 23 13 44 10 40 12 34 27 20 . 1 49 6 14 38 36 41 . 28 4 43 30 32 19 . 5 24 18 25 . 46 17 . 47 15 29 11 33 37 48 2 
. 46 23 19 3 4 35 22 40 48 42 49 39 . 7 14 33 . 15 38 20 18 9 27 50 24 45 43 37 31 5 13 30 8 41 44 28 . 1 36 47 . 25 32 12 21 29 2 16 26 
42 49 16 21 41 . 43 18 . 40 37 22 17 25 26 1 47 19 35 39 45 38 20 . 44 32 13 10 30 29 46 34 7 . 11 3 31 15 8 48 4 24 5 2 36 23 27 50 . 14 
6 . . 36 12 14 31 4 3 35 44 9 29 17 39 10 25 7 8 . 41 49 37 . 47 33 50 45 27 18 23 . 22 20 13 15 43 1 30 42 26 11 21 40 32 38 46 48 34 24 
21 35 12 31 5 18 45 11 19 37 8 3 . 2 43 41 1 30 23 17 16 10 38 49 25 9 27 44 47 . . 40 13 32 46 33 6 22 . 29 34 . 4 24 26 20 28 36 42 39 
35 39 17 . 24 34 21 26 20 9 38 12 6 48 10 28 23 50 . 22 27 19 . 25 49 13 8 3 2 46 36 42 45 18 44 30 41 43 11 . 33 . 14 37 1 31 32 29 5 7 
45 3 4 . 22 40 38 21 11 42 49 29 7 28 . 8 2 46 32 . 14 9 44 34 41 20 19 30 16 6 17 23 25 12 43 5 35 50 47 . 15 1 . 26 48 36 18 27 13 33 
3 13 48 50 47 16 22 5 18 2 24 8 26 . . 44 32 37 19 12 15 45 . . 35 36 20 11 28 49 42 17 41 6 31 1 4 7 25 14 29 33 38 10 39 43 30 40 . 34 
5 41 9 22 . . 28 . 24 36 40 19 23 12 45 26 46 27 14 6 3 . 30 . 8 7 39 31 18 1 49 33 38 29 17 11 32 47 15 4 21 42 10 16 20 13 37 35 25 50 
10 17 25 30 36 47 32 19 38 . 34 23 46 14 3 2 21 44 50 . 26 39 7 20 28 22 16 9 43 5 48 24 31 40 15 45 . . 27 1 35 13 29 33 42 37 . 4 11 49 
37 20 45 13 27 30 44 6 15 12 48 35 8 36 42 25 41 5 . 29 46 50 17 39 24 40 26 7 10 . 22 . . 2 3 47 11 23 19 38 32 16 28 34 21 18 49 . 4 31 
8 1 40 4 39 31 19 36 43 30 . 14 25 46 22 3 18 21 38 11 33 26 29 16 10 34 24 41 . 47 2 6 44 . 42 13 . 32 7 50 45 5 27 . 28 15 9 12 20 35 
48 8 7 37 49 46 40 27 50 . 39 47 19 3 25 23 . 45 11 24 32 17 41 15 2 44 22 29 38 16 31 28 4 . 9 36 30 10 33 21 . 34 18 . 35 1 20 5 43 6 
. 2 5 25 23 6 29 . 26 43 20 17 3 34 . 31 13 10 24 33 28 12 35 11 . 1 32 37 8 42 4 9 27 44 16 40 7 36 21 47 22 15 49 50 . 39 14 41 45 46 
23 30 . 5 15 24 2 40 49 . 25 39 1 4 34 . 12 18 26 42 36 31 28 33 37 11 21 14 19 32 38 47 . 16 45 48 29 46 13 6 10 3 35 . 7 9 43 22 50 41 
