50
7 . 31 26 32 23 20 . 14 19 28 46 24 . 18 39 29 16 . 50 . 34 6 43 1 48 . 4 35 38 13 30 11 25 . 9 36 . . 5 37 41 40 . 33 . 2 . . 45 
9 . 37 46 . 25 5 . 42 6 10 34 . 35 27 . 49 . 18 15 1 11 32 14 22 30 . 16 45 44 . 26 43 . 23 17 21 39 . 20 19 8 50 31 24 41 . . 7 . 
46 10 38 12 1 11 36 . 23 . 4 . 43 9 8 33 . 3 29 . 17 25 19 31 . 39 5 . . . 28 7 21 13 47 42 49 37 48 . . 30 . 45 . 44 22 32 26 27 
2 48 43 . . . 41 28 10 31 . 21 40 13 32 46 5 24 . . 34 1 22 30 6 8 38 35 50 11 . . 9 . . 29 14 18 . 12 44 47 . . 19 17 23 16 49 42 
. 36 8 34 28 . 27 39 22 29 46 48 . 1 31 42 . . 20 14 19 24 10 26 . 35 23 40 7 4 16 . 15 . . 21 . 13 18 . 3 17 . 43 37 49 44 . 47 38 
30 . 46 41 35 38 . . 8 . . 43 12 11 . 37 36 47 49 . 50 4 48 24 17 16 31 23 21 . 32 27 26 . 1 . 13 29 . . . 40 19 18 25 10 15 7 14 28 
32 7 . 47 9 29 11 23 48 10 5 . 31 50 17 . 43 34 22 . 38 . 25 6 15 45 30 . . 37 33 . 12 24 28 . 19 21 35 26 . . . 1 14 8 36 20 2 4 
. . 24 43 16 42 . 14 30 38 32 36 45 6 50 22 26 39 27 37 . . . 2 7 15 41 13 . 34 . . 10 21 35 25 . 20 17 18 9 . 31 23 11 4 19 . 1 8 
47 43 . 45 . 7 . 17 28 . 12 30 18 . 1 15 9 42 16 23 13 36 34 21 . . . . 32 24 44 8 35 10 50 20 40 31 . . 49 22 26 41 3 29 11 38 19 . 
49 5 . 14 50 15 42 24 . . 47 . 37 . 35 30 22 . 36 . 25 . 33 7 26 . 29 27 20 8 18 10 17 48 39 . 16 34 6 9 38 . . 4 44 12 3 11 40 23 
17 34 . 9 20 32 3 . 37 11 50 33 42 . 5 . 38 28 4 . 6 47 . 46 . 31 . 25 . . . 36 29 39 2 16 1 19 23 . 13 21 41 27 10 40 48 14 44 . 
. . . 1 44 41 9 38 . 5 22 10 33 . 20 4 24 2 6 26 40 16 18 48 27 21 46 . 42 . 14 . 47 49 34 . 3 . 36 23 39 35 7 . 30 32 45 17 . 13 
29 25 . . 34 26 47 7 4 . . . 13 . 40 45 28 . 17 41 37 21 43 . 48 . 2 15 12 20 27 31 42 46 18 38 8 24 . . 36 44 11 22 . . 5 10 32 9 
4 45 . . . 1 8 43 35 26 7 24 21 19 15 11 39 31 . 49 44 29 42 10 . 50 . 22 41 3 . 2 16 28 . 32 . 33 38 13 40 . . 12 34 . 25 . 23 36 
27 28 42 32 . . 46 1 . 17 9 18 14 44 6 43 35 25 31 30 . 2 11 19 34 . 10 . 36 48 21 . 20 15 . 49 5 40 4 37 . 12 13 . 23 45 . 39 . . 
43 . 3 8 . 17 . 15 45 49 21 . 16 23 33 32 10 . 37 46 42 20 39 12 11 . 44 . 13 36 . . 40 . 48 14 . 2 22 30 6 50 9 . 4 5 . 18 38 29 
. 15 28 . 11 . 34 32 . 45 23 . 30 42 4 . 31 35 48 43 7 37 24 3 13 25 . 5 33 . 47 22 1 . 10 . . . 40 17 8 36 16 14 46 50 38 19 29 . 
39 40 19 38 2 20 10 41 5 18 36 37 9 15 47 16 7 6 . . . 3 45 . . . 11 8 44 14 . 29 50 . . 4 24 . 26 49 . 46 33 13 17 28 1 31 22 . 
13 47 22 11 46 45 37 3 33 50 2 7 36 32 . 29 4 17 1 44 . . . 8 . 18 . 20 . . 24 39 6 42 . . 38 49 16 43 . 19 48 21 15 14 . 23 30 . 
20 31 50 . 4 8 16 25 21 15 6 13 . 18 . . . 36 44 45 . . 49 22 . 17 7 39 . . . 11 . 23 30 12 37 27 9 40 5 14 32 38 41 26 10 42 46 1 
36 . 30 27 17 . . 42 34 . . 5 20 29 48 . 8 49 . 2 4 . 40 1 32 47 . 50 46 41 39 25 37 19 7 26 44 . 31 . 14 23 . 28 13 6 24 21 9 43 
40 4 18 23 38 43 26 . 29 1 41 16 35 . 2 19 42 15 21 25 30 32 . 13 31 . 48 49 . 12 8 46 . . 22 . 20 14 34 44 28 . . 39 . 33 . 45 36 3 
19 . . 18 . 27 . 31 2 4 . . 50 5 13 48 34 38 25 16 11 15 36 17 23 49 33 . 9 22 7 21 28 47 29 10 . 44 37 32 . 20 1 . . 42 8 3 . 40 
24 . 34 15 30 13 1 . . 20 . 26 . 41 21 9 . 43 28 7 12 5 27 32 . 37 25 2 22 45 . . 18 4 . . 46 48 39 33 11 38 44 6 40 47 35 . 31 . 
14 26 21 17 13 10 25 46 39 22 . 27 . 49 16 24 . . 33 20 18 8 5 45 38 4 . . 31 19 1 15 2 9 36 23 48 . . 35 41 . . . 50 . 12 . 6 47 
1 32 39 . 25 3 . 13 47 14 . . 41 20 49 40 . 29 46 10 21 27 . 50 30 43 36 38 15 26 11 5 . 22 . 34 17 . 12 19 31 . 2 . 8 35 42 24 . 16 
12 . 10 20 31 . 49 45 25 27 1 42 11 38 36 21 48 . . 40 . 13 23 . . 19 28 47 . 17 35 4 32 . . . 15 3 44 8 2 37 30 29 6 24 26 46 18 5 
25 33 11 . 18 19 12 30 . 34 45 . 22 47 14 . 15 8 10 21 9 44 2 . . 23 17 32 29 7 . . 3 . 4 37 . 38 . 31 . 26 46 35 27 48 40 13 24 20 
44 11 . 2 42 12 . 37 17 7 29 31 . 8 46 38 16 4 . . 23 22 1 40 20 10 14 24 25 15 . . . 5 26 6 27 30 . 28 48 43 36 9 . . . . 35 21 
. 21 20 3 . . . 29 1 47 . . . 37 . 50 . . 2 36 43 30 8 42 12 27 34 33 . 10 9 41 . 35 40 28 22 . 24 16 23 39 15 44 18 25 31 49 17 32 
31 6 36 . 45 37 14 . 46 . 3 38 28 30 . 20 17 48 7 27 39 35 15 18 4 . 40 . 23 13 10 12 . 1 33 . . 42 . 34 43 29 8 49 . 2 47 9 . 44 
38 . 33 29 10 44 50 12 . . 27 6 . 31 41 47 30 22 34 32 35 . . 37 45 . 1 36 40 21 43 18 . 14 8 39 . 11 . 25 20 48 . 19 9 . 17 28 . 15 
11 42 35 49 8 28 17 . . 39 14 32 38 . . 7 20 9 . 3 31 . 50 4 29 12 15 48 1 23 19 37 36 45 21 22 33 16 43 . 30 25 . 5 . . . . 10 18 
16 18 44 42 6 . 4 35 13 32 31 28 15 26 . . 37 12 40 . 10 14 . 29 33 . 47 17 11 30 25 . 48 7 . 43 . . 41 22 46 . 23 3 . 34 39 1 8 19 
. 50 1 35 33 49 23 20 44 . 26 . 27 . 19 . . 32 42 48 24 7 12 47 . 29 . 46 39 9 37 3 34 17 38 . 10 41 5 2 . 45 6 36 31 30 . . 15 . 
50 16 26 39 21 . 7 8 31 23 13 44 . 40 12 34 . 20 . 1 49 6 . 38 36 41 . . . 43 30 32 19 3 . 24 18 25 . 46 17 9 47 15 . 11 33 37 . 2 
. 46 . 19 . 4 35 22 . 48 42 . 39 . 7 14 33 11 15 38 . 18 9 27 50 24 45 43 . 31 5 13 30 8 41 . 28 . 1 . . 6 25 32 12 . 29 2 16 26 
42 . . 21 41 . 43 18 6 . 37 22 17 . 26 1 47 19 35 39 45 38 . 28 44 32 13 10 30 . 46 34 7 33 11 3 31 15 . . 4 24 5 . . 23 27 50 . 14 
6 19 2 36 . 14 31 4 3 35 44 9 29 17 . 10 25 7 8 . . . . . 47 . 50 45 27 . 23 16 . 20 13 15 43 1 30 42 26 11 21 40 . . 46 48 34 24 
21 35 12 . 5 18 45 11 . 37 8 3 . . . 41 1 . 23 17 16 10 38 . 25 9 27 44 47 . . . 13 32 . 33 6 22 14 29 34 . 4 24 26 20 28 36 . 39 
35 39 . 40 24 34 21 . . 9 38 12 6 48 . 28 23 50 47 22 27 19 16 25 49 13 8 3 2 . 36 42 . . 44 30 41 . . . . . 14 37 1 31 32 29 5 7 
45 3 4 . 22 40 38 21 11 42 49 29 7 28 . . . 46 32 . 14 . 44 . 41 20 19 30 16 . 17 23 25 12 43 5 35 50 47 . 15 1 . 26 48 . 18 27 . . 
3 13 48 50 . 16 22 5 18 2 24 . 26 . 23 44 32 . . 12 . 45 46 . 35 . . 11 28 49 42 17 41 6 31 . 4 . 25 14 29 33 38 . 39 43 30 40 21 34 
. 41 9 22 43 . 28 34 24 . . 19 23 12 45 26 46 . . 6 3 48 30 44 8 7 39 31 18 1 . 33 . 29 17 11 32 47 15 . 21 42 10 . 20 . 37 . 25 50 
. 17 25 30 36 47 . 19 38 8 34 23 . 14 3 2 21 44 . . . . 7 . 28 22 16 9 43 5 48 24 31 . 15 45 . . 27 1 35 13 29 33 42 37 . 4 . 49 
. 20 45 . 27 30 . . 15 12 48 35 8 36 42 25 41 5 9 . . 50 17 . 24 . 26 . 10 33 . . . 2 3 47 11 23 19 38 . . 28 34 21 18 49 . 4 31 
. . 40 4 39 31 19 36 43 30 17 14 25 46 22 . . 21 38 11 33 26 . 16 10 34 . . . 47 2 6 44 37 42 13 . . 7 50 45 . 27 . 28 15 . . 20 35 
48 8 7 37 49 . 40 27 . . . 47 . 3 . 23 14 45 11 24 32 . 41 . 2 44 22 29 . 16 31 28 . 26 9 36 30 10 33 21 12 34 18 42 35 1 20 5 43 . 
18 2 5 25 . 6 . . . 43 . 17 3 34 30 31 13 10 24 33 28 12 . . . . 32 37 8 42 4 9 27 44 16 40 7 36 21 47 22 15 49 50 . . 14 41 45 46 
. 30 27 . 15 24 2 40 49 44 25 . 1 4 34 . . . 26 42 36 31 28 33 37 11 21 . 19 32 38 47 8 16 45 48 . 46 13 6 10 . 35 20 7 9 . . 50 . 
