100
. . 36 . 11 2 32 . 39 61 52 16 92 28 53 12 . 13 . . 94 7 49 . 40 3 58 95 74 4 38 54 . 8 82 6 18 . . 98 57 . 50 63 79 99 88 45 70 . . 83 24 14 9 20 73 72 . 91 31 76 86 22 . . 41 44 66 34 56 69 19 . 43 21 23 29 35 75 . . . 87 90 . 93 96 80 62 59 48 100 . 77 . 51 . 27 46 
. 79 22 28 53 62 75 8 78 33 34 . 68 . . . 14 . . 57 99 2 67 . 17 44 18 92 32 . 82 . 100 . 71 95 . . 59 41 27 66 39 43 13 61 87 12 40 4 24 65 36 77 96 93 76 . 69 73 30 . 23 58 70 1 . . 85 63 50 7 10 52 . . 81 35 . 3 38 64 37 84 . 26 . 54 . 15 . 19 80 9 86 94 29 . 98 56 
91 25 58 46 29 94 68 51 17 97 73 22 . 93 55 . 65 34 96 79 95 14 43 80 . 5 . 36 59 90 13 . . 75 69 24 . . 6 1 . 42 81 33 83 37 30 38 100 50 53 85 . 62 74 . . 70 7 27 61 . 35 23 19 . 4 82 3 71 41 . 11 . 99 18 39 56 44 40 60 . . . . 57 64 . 9 16 . 98 . . 67 . 28 2 20 76 
. 35 64 30 9 90 72 . 41 34 85 17 7 81 86 77 . . 43 . 31 92 40 . 45 15 . 47 79 . . 62 19 18 96 68 74 93 . . . 2 . 26 46 80 23 8 58 53 82 32 69 . 24 . . 97 1 57 87 94 5 73 98 88 . 55 39 . 36 76 89 28 100 6 . . 21 10 95 . 20 . 66 54 56 75 13 . 12 60 50 42 . . 4 11 59 48 
45 95 . 36 . 20 13 . 29 84 82 90 33 . 54 69 1 12 37 92 40 35 28 . 46 98 11 25 10 . 2 65 . . 77 99 53 83 . . . . 94 56 . 97 8 16 78 64 57 . 43 . 58 39 . 73 . . 96 18 59 70 74 . 91 . . 68 63 61 24 . 71 . 60 51 34 66 15 44 23 75 55 67 17 85 79 26 27 22 . 86 5 21 . 3 81 32 
2 30 . 27 79 87 56 59 14 . 65 54 . 35 7 . 45 . 80 19 25 . 83 21 . 58 92 . . 57 94 8 34 . 4 32 42 73 64 84 69 88 . 17 . 63 . 70 . 96 98 28 . 9 23 29 95 68 . 18 33 44 . 81 36 43 60 71 53 49 97 41 74 . 76 . 26 55 20 . 61 13 89 82 . . 15 66 . 90 . 99 91 47 . 22 10 72 52 67 
82 38 . 15 63 91 71 35 . 17 . 19 24 40 23 29 89 43 85 55 34 10 . 9 . 46 21 . . 8 . 45 . 87 49 67 16 47 . 73 . 90 86 98 . . 75 79 53 . 59 14 88 83 99 . 27 64 12 60 41 62 65 13 . 61 31 57 . 25 . 70 58 . 26 80 . 76 39 32 . 92 . 37 51 97 100 . 44 81 93 . 30 6 68 95 78 66 69 . 
. 2 12 68 . 46 82 56 . . 39 . . 90 30 75 53 11 . 49 80 74 62 . 34 . 60 67 92 . 96 7 52 . 43 61 1 95 . 54 . 69 83 44 41 25 31 35 77 . 76 . 23 4 85 86 71 . 26 94 3 32 . 15 93 91 19 13 70 84 59 . . 63 . 79 100 89 10 78 . . 97 . 9 24 47 . 45 37 14 38 36 29 22 27 65 99 21 . 
4 87 98 . 39 51 81 5 55 70 95 56 . 75 85 24 . 35 . 67 15 52 79 73 49 89 7 45 . 17 . 41 23 13 38 59 . 54 . 14 65 74 . 99 27 6 20 18 16 . . 19 . 90 . 58 . . . . 34 . 66 47 2 100 78 94 . . 68 10 44 29 . 50 32 . 91 25 26 43 8 96 72 11 28 9 36 . 80 30 63 71 . 77 60 82 12 . 
. 61 97 63 100 . 4 . 52 47 99 . 79 . 32 5 . 2 . 91 86 81 45 77 . 67 34 57 . 56 98 6 30 . 83 44 24 49 . 76 20 96 . 78 . 43 1 73 95 9 7 . 22 85 54 92 21 46 40 33 90 66 . 12 25 17 62 48 . 38 31 . 50 35 68 . 27 . 72 84 59 39 . 93 58 16 18 29 70 60 . . 41 26 . 11 . 71 51 . 
96 22 84 45 . . 40 75 16 . 19 59 18 10 11 57 62 39 49 20 29 90 98 47 76 . 66 61 24 . 70 . 56 48 34 50 72 . 14 4 . . 7 . 71 53 5 . 37 43 44 . 87 12 64 42 69 2 . 100 26 23 51 92 79 85 27 . 67 33 . 80 . . 65 . 38 . 58 13 73 . 15 . 89 32 77 . 30 1 55 17 9 . 6 . 8 94 . 78 
. . 65 43 91 . . 89 86 67 54 40 . 42 92 93 32 99 9 50 55 29 85 12 . 49 . 74 . 64 53 96 58 23 27 . 25 44 63 94 . . 79 70 21 78 61 19 33 76 10 . 81 . . . 7 45 36 . 8 . . 56 . 59 34 14 41 16 77 28 48 100 97 73 87 88 71 47 18 . 57 13 . 98 . 20 69 72 68 5 . 82 60 62 . . 11 22 
. 66 59 61 . 27 99 . 60 42 41 26 40 58 28 73 . 20 24 88 98 . . 11 70 . 52 96 97 22 35 . 86 94 . 9 8 64 3 . 39 21 . 12 75 . 85 . 87 63 33 . 65 54 7 90 . . 4 10 32 . 80 84 55 68 1 74 51 93 . 81 92 5 25 . 16 45 . 57 72 . 44 71 47 . 53 69 67 . . 29 23 37 . 46 56 50 30 19 
73 64 49 77 . 42 52 1 . 92 78 37 74 30 59 4 97 21 . . 63 39 47 . 56 . . 54 . 99 75 82 90 20 . 16 17 70 44 43 28 6 11 23 29 79 . 40 65 88 . 96 94 . 93 . 60 5 15 2 98 . 8 83 91 76 . . 34 31 86 3 12 . 62 . . . 80 51 57 58 . 81 10 . 68 50 19 69 . 41 7 66 61 55 32 14 . . 
53 . 51 76 . 15 . 83 22 31 61 55 34 37 79 44 . 4 95 68 5 . . . 1 6 . . 47 81 23 . . 58 73 . . 60 28 38 8 27 20 . 63 45 77 2 24 78 . 48 85 40 12 46 94 92 . . . 35 41 17 . 57 9 69 80 13 19 18 39 98 33 66 54 87 . . 84 71 . . 52 . 91 49 93 74 97 72 26 96 30 . 7 75 62 88 
55 41 . . 23 79 90 92 89 63 56 . 99 . 98 66 . . 21 . . 83 14 86 38 69 70 51 . 84 47 . . . . 22 33 75 19 6 94 93 8 58 2 . 54 . 32 42 16 37 . 29 97 77 26 4 80 53 82 88 31 . . 45 52 67 95 . 100 39 . 7 36 57 73 24 11 74 5 50 68 76 61 15 10 . 62 25 44 . . 17 . . 20 48 91 28 
. . 86 . 40 45 14 77 . 5 15 62 97 13 4 38 11 . 47 . 61 41 60 66 90 . 1 53 . 83 12 . 92 73 . 98 . 24 65 19 33 17 29 . 31 70 . 78 . 89 . 75 . 63 . 84 . 43 39 95 10 20 26 93 22 35 . 37 68 . 99 54 7 25 44 23 94 67 32 79 . 2 28 56 81 49 34 . . 3 82 6 . 50 21 85 . 59 64 74 
. 29 . . 33 . 49 4 28 39 60 74 59 57 70 14 18 83 15 40 16 . 21 . . 53 . 52 73 72 . 24 77 80 93 26 . 62 84 2 32 86 . 76 34 . . 20 89 68 3 17 . . . . 91 31 37 44 85 22 45 . 95 . 88 . . 82 58 36 87 . 69 . 75 94 23 71 64 51 99 12 67 90 1 5 . 97 19 13 27 8 . 79 41 61 47 10 
76 27 37 3 . 36 . . 11 55 93 12 95 51 97 64 77 79 . 32 92 73 . 14 5 . . 100 41 . 66 34 26 31 . 15 39 86 10 30 81 40 89 85 25 20 43 . 2 52 . 60 82 . 90 65 70 63 . . 99 72 91 . 53 . . . 83 19 . 50 . 56 38 . 44 . 96 68 9 29 16 . . 13 62 6 21 59 . 84 48 87 17 . 42 18 33 7 
62 76 . 48 60 85 87 . 64 26 46 2 100 50 29 . . 47 88 30 6 69 4 16 . 81 33 31 . 71 44 61 32 39 10 96 36 22 91 55 93 51 24 . 78 28 . 43 63 . . 34 . 45 . . 25 66 67 56 52 59 58 42 . . . . 9 80 . 97 84 23 . 86 57 . . 49 83 94 82 . 77 . 95 21 . 20 79 8 3 90 98 40 92 12 74 . 
100 17 81 56 42 98 70 . 37 24 . 88 44 69 52 . 95 . 38 46 82 . . 67 . 93 87 86 19 . . 27 53 78 9 28 54 . 73 91 77 57 . 13 . 31 29 . . 72 5 10 7 47 21 . 2 60 6 . 25 . 3 11 76 65 50 4 61 35 96 79 22 . . 97 68 26 . . 99 62 43 . 34 14 90 . 15 32 . . 66 84 20 63 74 41 94 39 
46 74 42 . 43 83 12 87 . . 10 45 3 27 38 94 . 23 90 82 . 51 6 78 . 26 76 . 80 . 71 95 67 24 8 . 22 99 61 . 100 11 . . . 84 62 . 56 36 66 25 40 75 41 96 64 91 44 . . . 55 . 17 58 . 85 69 . 79 . . 33 39 19 20 63 86 . 14 16 88 68 2 72 65 52 98 . 31 7 29 59 . 54 35 47 34 53 
44 . 56 7 51 26 98 31 90 30 . . 65 43 6 28 87 . 58 64 100 91 13 88 77 66 . 1 27 . 33 21 70 35 60 . 96 84 8 . 53 10 32 55 54 41 42 71 36 . 67 99 74 49 80 . 89 82 52 . . 25 81 3 . 46 . 18 78 . 15 . 79 12 . . 9 11 85 . 24 19 . . 40 75 23 . 16 47 2 . 97 63 57 92 . 73 76 . 
28 . 53 95 . 7 100 . 92 82 25 85 . 48 14 33 20 . . . . 1 27 81 10 . 39 3 36 . . . 43 72 18 84 2 . 80 16 99 77 . . 17 51 35 . 38 24 83 . 64 78 50 . 63 13 73 22 59 . 44 . 71 6 11 79 76 96 42 75 . 69 93 91 29 90 56 5 40 31 34 49 . . 4 70 12 88 87 68 61 32 . 45 89 21 . 55 
98 33 48 79 81 39 5 54 80 89 20 70 41 45 51 13 23 69 83 87 32 . . 55 12 88 15 90 56 34 . 1 21 92 7 . 100 . . 24 . 38 17 11 43 . . 59 75 27 . . 67 72 2 73 28 . . . 74 . 57 50 97 96 . . 60 40 76 63 3 64 29 30 58 47 31 53 66 . . 62 . 36 46 61 4 85 . 82 42 49 . . 94 37 . . 
17 99 45 40 10 14 44 94 56 43 32 . . 22 74 58 73 78 46 75 23 25 84 6 . 96 42 30 53 51 19 59 31 26 35 . 29 28 12 . . 79 . 81 70 54 41 87 48 77 52 . 72 86 . 91 . 65 93 1 100 . . 85 62 33 . 90 89 . 49 20 . 50 5 . 80 . 24 95 34 . 76 55 38 . . 4 3 . 98 . 15 16 37 13 . 60 . . 
36 . . 91 . . 78 47 65 64 12 34 . 33 57 41 71 80 13 . . . 53 1 . 79 . . 67 . 74 4 82 96 . 86 90 66 20 100 16 73 48 37 11 95 68 15 54 97 . 21 76 7 . . 85 51 62 50 . 17 10 52 88 84 94 40 58 22 87 9 25 81 2 69 55 . 18 . . . 27 98 46 99 . . 29 . 6 92 70 14 28 56 23 . 45 61 
12 . 61 97 73 24 . 46 54 . 51 92 6 11 25 16 75 65 100 39 . 63 20 48 89 29 83 87 4 . . 99 3 9 58 . 59 . 53 . 22 56 28 . 74 . 27 . 52 . 14 68 . . 62 72 84 71 70 77 37 7 21 . 13 44 55 . . 76 . 88 5 30 15 . . 32 93 33 90 96 . 60 91 . 35 47 . 42 86 95 38 80 82 . 85 78 19 43 
81 . . 92 22 54 . . . 56 40 57 30 . 19 86 2 49 8 83 12 66 80 53 . 84 85 94 . . 52 25 46 89 . 82 . 67 90 99 . 3 34 38 . 91 . 4 21 . 45 27 50 96 . 32 . . 42 87 18 36 68 95 16 28 24 97 . 1 43 23 . 15 13 17 . 93 100 48 71 98 75 47 76 6 61 . . 29 . 69 59 65 26 31 9 64 . 72 
56 82 6 41 . 35 59 86 10 76 89 91 27 85 . 100 67 . 55 . 18 . . 39 13 43 37 23 15 2 69 73 . 32 16 . . . 93 53 19 54 98 5 40 . 34 . 81 12 42 31 44 57 1 . . 7 60 . 97 . 90 . 26 48 64 78 84 94 72 4 . 36 75 70 17 71 . 14 . . 29 . 99 62 33 . 66 63 46 88 92 74 47 52 49 . . 51 
22 81 27 90 68 60 33 . 40 44 97 21 77 62 17 . . 84 . 8 9 38 74 95 100 51 . 58 39 93 26 92 6 71 88 2 83 . 72 . 80 . . . 28 . 36 . 30 94 56 70 1 37 45 11 50 . . 52 . . 12 54 86 49 . 3 96 98 . 47 91 18 4 41 10 48 . 7 . 87 . . . 43 55 15 99 5 42 75 24 69 89 73 76 . 67 . 
33 52 96 24 57 59 85 63 . 9 11 . . 100 2 15 36 8 . . 53 5 32 61 . . 30 76 28 . 78 81 . 12 25 62 89 . 45 . . 97 4 . 87 50 . 42 . 60 99 18 26 74 6 94 58 . 51 75 20 90 17 41 44 80 70 77 86 64 . 71 49 66 . 38 43 34 98 . . 23 72 . 56 3 92 . . 67 84 73 55 . 31 65 68 40 7 . 
19 . 95 69 82 49 21 37 61 . 90 . 81 60 89 47 64 31 23 10 41 50 16 65 67 33 79 . 86 46 40 12 24 45 80 3 15 . 1 62 34 . 43 . . . 96 . 92 . 17 72 75 . 4 98 93 78 57 51 . 14 . 63 42 29 97 . . . 44 . 59 91 66 68 . 99 87 26 55 52 73 48 100 5 . 28 . . 74 27 77 . 94 . 84 . 38 9 
. . 54 4 50 32 23 . . 25 . 72 15 . 18 68 31 87 34 86 84 26 90 . 69 . 62 66 21 7 . 22 9 52 . 93 64 . . . 49 81 37 96 . 3 76 6 1 56 94 61 58 92 36 . . 42 78 . . 45 2 100 73 19 8 59 17 . 85 5 55 . 83 29 33 12 74 88 41 27 51 11 . . 16 . 14 . 28 47 40 79 65 99 13 . 80 97 
87 . 47 . . . 9 58 19 . 22 50 12 26 77 92 88 . 44 65 . 46 57 33 23 61 53 72 78 48 11 93 29 54 . 34 27 . . 7 24 . 6 . 55 . 71 28 94 . 97 . 86 16 66 59 40 74 . 13 91 56 15 67 38 39 . 80 49 . 95 98 73 89 . 10 36 79 68 20 . 76 63 85 82 2 3 35 . 64 . 51 . 62 70 69 18 32 . 37 
. 7 16 . 38 82 . 88 18 23 . 86 . 41 . . . 22 1 66 42 . 25 99 44 . . 63 9 77 85 70 . 95 37 81 55 17 . 39 92 32 57 59 4 72 40 96 74 28 . 5 79 . 84 67 24 . . 14 21 60 62 76 . 31 53 73 43 11 47 64 56 65 3 36 98 . 50 91 78 . . 58 13 68 . 33 27 . 52 34 12 19 69 . 80 . 71 49 
32 51 . 11 80 74 65 73 94 69 . . 61 9 95 . . 70 50 3 49 . 52 . 41 . . 16 30 53 77 . 45 . 76 19 . 42 54 44 37 . 36 71 62 100 58 25 88 33 28 . 68 13 18 . 92 98 . 6 . 43 14 . 23 . 84 87 97 78 38 . . 31 24 55 96 20 4 21 56 12 26 64 . 66 . 46 7 40 17 . 79 93 . 60 22 34 57 1 
8 1 71 . 28 67 . 40 87 90 29 64 31 70 . . . 42 76 6 24 48 . . 16 68 . . . 50 4 77 57 7 . 58 91 63 . 79 97 49 2 . . 93 21 65 60 . . 55 33 38 51 99 15 . . 98 84 81 . 72 59 . 3 . 5 . 27 22 83 88 17 32 41 61 25 35 43 . 85 46 39 20 86 11 34 . 18 62 19 30 56 66 . 52 78 12 
6 3 . 59 64 100 43 72 47 28 27 20 . 84 1 36 81 74 19 2 . . . . 99 60 61 26 83 52 . 50 76 22 70 48 23 33 58 51 38 . . . 18 67 12 . . 57 62 . 4 73 94 79 9 11 82 16 39 . 30 7 . 37 80 25 98 . 46 . . 75 32 56 97 8 53 . 93 88 86 92 . . 71 . 68 . 95 40 . 45 29 87 . 17 24 42 
35 77 89 39 . 30 . 53 . . 70 36 21 64 . 67 . 85 5 . 43 . 71 . 7 8 68 59 2 91 10 76 33 61 65 . 62 25 15 32 12 26 . 75 1 16 50 47 90 31 74 42 97 17 37 55 100 . 13 69 14 87 . . 3 . 98 . 29 52 57 . 27 24 9 . . 83 . 54 46 34 18 19 23 51 . 94 86 99 . 63 . . 81 44 . 79 60 92 
83 85 10 88 5 65 61 79 75 . 57 28 . 47 . 97 56 . 51 . 13 72 38 . 36 78 . . 37 32 95 64 . 44 22 . . 80 . 90 . . 54 77 91 46 45 24 6 55 . . 39 41 98 89 . 53 27 81 . 49 1 . 100 18 92 26 40 3 20 . 42 67 . 62 71 14 84 94 17 93 59 . 48 9 8 68 2 50 . 87 16 4 . 19 63 31 . 86 
92 . 68 81 14 50 22 74 8 . 80 48 2 20 40 30 84 . 54 47 58 15 65 . 95 73 31 49 11 38 21 9 97 . 94 5 10 35 34 . 59 . 51 61 . . 53 63 85 71 41 . . 82 . 33 46 69 16 26 88 19 25 99 . . 87 43 57 . 60 . . . 37 76 72 52 27 39 . 90 32 . 44 29 . . 75 . 56 79 . 78 45 24 . 6 4 100 
34 92 75 58 6 12 36 96 . 27 . . 1 . 73 46 . 28 74 31 . 70 7 . 42 . 26 24 . . 39 5 61 91 95 21 3 87 . . 85 . 63 25 . 88 . 56 50 13 84 15 . 97 52 . 62 48 98 79 . 2 33 90 30 32 . 54 16 45 23 49 77 51 . . 14 44 43 . 37 89 . 65 11 38 . 71 78 82 22 81 . 40 35 53 57 80 55 29 
. 47 87 . 92 . 39 . 2 48 4 . 11 65 . 53 52 86 . . 81 18 75 98 58 50 22 55 84 44 . 78 35 . 14 60 19 . . 89 83 . 59 . 82 . . 74 28 46 63 3 90 99 . . 10 8 100 . 15 51 95 . 21 36 71 29 31 . 45 72 68 1 42 94 5 13 69 85 54 80 62 77 . . 9 25 24 . 37 70 56 57 . 20 6 38 49 91 
94 75 62 23 . 63 24 50 33 29 77 99 45 59 . . 55 . 56 95 22 . 61 68 20 80 93 . . 15 87 71 16 . 28 72 81 10 70 . 52 18 82 . . . 44 3 97 . 60 79 . 66 11 21 . 76 34 49 . 84 53 4 8 . 2 . 25 30 12 17 13 43 92 65 86 40 . 36 47 6 . 51 . . 5 . 88 27 48 39 14 100 41 78 . 7 . 35 
. 53 3 62 20 . . 68 . . 67 75 83 17 . 40 26 27 30 35 10 61 76 4 54 . 95 . 38 69 73 . 96 . 50 92 . 100 37 45 . . 99 28 47 71 . . 43 . 77 97 59 39 32 23 65 . 48 72 36 98 64 16 41 5 18 66 33 7 2 . 15 74 . 9 24 . 88 . 94 8 70 . 57 . 79 12 81 13 85 55 78 . 11 42 . 90 89 6 
27 . . 35 86 92 51 13 . 32 81 18 47 . . 2 9 . 60 . . 19 41 40 98 37 4 . 90 73 . . 99 6 91 . 30 48 62 59 . 14 22 29 . 75 3 39 . 85 . . 42 68 77 15 38 57 96 20 . 10 46 43 64 79 95 45 71 61 88 31 80 93 28 . 7 65 33 82 70 . . . 12 94 74 8 . 87 11 . 25 24 97 50 83 . 100 66 
50 5 77 9 97 48 96 . 68 . 59 31 10 15 . 87 86 . 41 13 73 36 34 . 6 . 98 83 . 28 92 58 63 . 12 66 93 65 71 61 . 44 25 8 94 11 32 60 . . 55 20 30 56 76 1 33 52 . 54 53 85 27 26 24 . 75 17 . 51 . 37 . . 64 42 22 23 90 . . 69 3 . 70 84 . . . 39 40 45 . 18 2 57 79 74 46 . 
78 . . 49 72 . 16 27 51 . . 67 89 12 34 96 . 56 . . 33 53 22 23 47 92 28 . 61 86 . 87 . 42 75 . 37 . 43 . 29 52 55 35 38 . 94 5 9 90 . 7 19 46 26 71 88 1 14 63 69 . . 20 . 97 65 . . 48 3 . 17 41 10 84 99 91 57 31 32 . 98 79 50 83 39 18 82 30 . 58 95 85 13 80 81 . 77 25 
31 50 73 . 30 69 . 60 57 86 . 9 4 72 67 . 100 18 17 41 19 34 37 29 . 70 97 65 . 14 . 26 13 68 74 79 75 15 36 92 98 . 62 48 . 23 33 . 39 6 87 78 21 44 . 82 11 . 59 28 24 27 84 . 54 . 63 8 1 66 . 94 99 . 20 45 49 16 . 90 35 47 55 . 95 12 32 . . . 81 . 89 . . . 46 56 96 71 
70 97 74 . . 86 15 . 63 1 83 84 16 . 35 17 24 81 75 14 47 . 8 . . 40 69 . . . . 42 . . 3 53 26 . 67 60 68 19 93 89 77 56 10 88 . 48 91 33 92 43 31 49 . 54 18 96 79 41 100 . 61 38 72 5 23 6 7 59 . 76 . 22 64 36 . 98 . 57 80 52 . . 94 37 73 58 . 66 13 51 27 . 87 28 50 20 
. 12 . . 27 76 86 91 73 . . 5 84 44 63 37 . 45 97 56 50 43 35 49 . 65 . 6 81 29 3 . 87 . 32 20 4 72 . . . 60 . . 53 52 26 93 34 70 78 11 99 . 40 . 31 . 38 15 . 67 13 82 . 14 61 2 8 92 30 89 . 90 19 24 28 66 41 77 98 95 42 21 . 23 36 51 18 55 16 . . 88 83 59 54 . 9 96 
51 . 33 . . . . 61 . . . 80 19 . 81 43 3 55 20 28 96 31 92 26 65 56 86 . 42 63 . 32 25 40 . 37 68 13 23 5 95 15 21 18 35 89 24 . 79 54 39 41 48 10 22 7 45 88 49 . . 73 83 44 . 77 74 1 11 67 . 93 . . 70 12 . . 47 46 75 38 36 . 98 50 . 2 59 84 58 . 69 27 99 30 . 9 97 85 
7 . 17 82 75 84 . . 50 95 6 . . 71 . . 10 93 77 . 85 . 99 72 43 1 . . 44 11 29 37 . 66 . 38 69 18 97 68 9 . 5 30 65 62 51 . . 15 100 63 56 . 79 . 23 83 3 . 58 86 52 19 . 13 54 16 . 24 . 25 33 46 57 34 12 70 48 8 42 61 31 90 36 . 80 60 28 . 73 4 76 91 40 49 14 67 . 94 
85 39 . 78 96 . 95 48 71 4 16 47 73 . 44 84 50 9 25 45 93 98 68 94 24 . . . . 41 42 88 15 69 29 74 67 11 92 . 86 . . . 20 38 . 54 . 62 61 . 91 34 43 66 55 10 33 40 . 58 . 79 87 26 49 100 46 99 70 19 6 97 59 7 . . 37 . . . 30 32 35 . 83 3 90 . 51 . 60 1 12 14 36 81 . . 
61 68 . 22 78 23 7 . 58 40 17 63 . 36 10 72 5 60 . 59 70 96 42 74 . 82 75 . 66 45 67 90 . 79 11 46 . 50 35 18 14 24 41 51 76 13 49 26 84 20 95 88 . 87 29 30 77 . . . 71 55 28 31 47 86 33 93 21 27 . . 2 . 52 . 85 4 73 1 . . 12 . 16 34 . 19 54 53 . 89 . 44 64 100 . . . 99 
71 . 7 . 46 21 . 42 49 . . 1 98 80 91 . . . 68 24 11 55 81 52 . . 14 82 29 89 79 28 . 70 . 23 9 96 85 26 5 48 . . . 8 . 17 . 41 31 56 . . 57 18 87 44 95 . . 3 76 69 10 2 86 50 6 73 34 30 90 58 47 93 40 54 . 60 12 75 33 4 22 100 . 32 61 94 13 78 83 36 . 39 67 25 . 63 
11 32 . 37 93 5 . 41 67 . 98 14 57 7 87 83 79 48 69 16 . . 10 60 . 99 20 70 34 59 . . 47 . 85 33 95 . 42 78 91 76 49 9 . 40 18 80 64 . 50 . 12 31 . 8 . . 58 29 19 39 22 . 6 52 . 15 27 21 61 13 . 53 63 82 90 81 17 . 100 72 74 94 54 30 . 55 35 68 88 . . . 1 89 . 65 84 2 
41 100 44 80 71 57 10 3 7 68 87 6 . 4 . 21 . . 70 93 . . 1 63 48 . . 88 40 13 17 52 12 . 89 31 . 43 . . 15 55 16 94 26 . 9 64 . 91 90 23 54 . 69 36 . . . 34 42 . 96 8 82 51 28 39 . 32 22 95 66 47 . 99 . . 38 . 19 20 78 2 . 76 58 72 65 11 67 53 18 35 84 5 33 85 83 59 
23 9 88 99 24 29 . 30 6 100 2 . 39 . 62 70 48 82 33 26 74 . . 35 21 59 47 11 55 25 . 43 69 49 31 . 84 19 83 56 7 67 78 . 72 . 17 76 45 32 27 . 95 . 10 12 34 79 8 . 22 52 89 . 68 . 90 . 15 75 66 . . 61 91 20 . 58 54 . 92 40 50 . . 60 13 41 94 38 57 93 . . 14 . 96 16 85 . 
. 63 46 55 . . 6 71 97 19 36 . 94 . 64 9 . 77 16 99 51 23 15 62 25 21 . 98 65 78 91 68 49 41 86 12 . 53 . 42 75 . 66 32 . 87 . . 7 100 81 44 27 . 17 4 37 . 20 89 93 79 39 . 80 34 30 76 56 90 1 11 85 59 . 54 92 3 . . 31 48 45 50 69 35 . 67 . 73 . 61 57 . 8 82 43 10 . . 
37 15 93 . 8 41 84 18 43 . . . 90 97 13 78 12 . . . 2 . 19 79 91 48 9 56 94 35 60 89 . 88 . 4 . . 27 66 44 83 33 34 59 . 14 95 . 30 6 . . 76 75 25 82 . 85 39 67 92 . 51 . 47 68 49 32 53 . . 98 96 . . 65 62 61 100 81 63 58 72 80 45 40 36 42 52 7 . 22 11 10 28 69 54 . 17 
. 58 28 34 59 . 60 17 95 52 18 100 64 53 . . 99 66 81 15 88 57 93 92 82 55 19 43 . 67 62 10 20 11 36 . 45 76 . . 23 . 68 73 61 . 74 37 . 7 80 46 . 79 27 16 51 89 . 5 44 33 24 96 . 42 40 . 54 . 26 14 72 . 48 35 21 . 77 30 . 85 38 22 31 . 75 39 1 71 . . 87 13 78 32 . . . 41 
49 62 . 72 47 81 . . 74 83 . . 17 63 71 88 78 94 26 85 76 9 59 22 . 52 . . . . 56 31 28 99 21 . 79 6 75 96 46 23 . 40 15 . 67 50 13 18 37 51 66 42 19 5 20 61 30 86 73 . . . 65 27 . 33 48 12 11 92 . 82 60 39 . 68 95 16 . 36 1 69 . . 98 43 . . 45 . 93 2 32 97 100 53 90 54 
72 19 34 6 . 71 89 84 53 15 76 . 70 . . 79 93 58 31 48 21 32 . 37 63 16 43 29 60 39 50 . 66 86 26 18 . 88 17 83 30 82 . 22 97 5 38 . . 67 49 . 28 69 . 13 1 25 . 61 . 9 . 35 . 55 14 . . 85 8 96 36 78 40 87 52 80 64 . 2 . 92 99 . 73 . . 57 95 100 46 45 56 42 . 47 68 65 . 
15 . 57 1 74 13 34 . 36 60 88 24 71 76 66 . 43 14 7 54 . 68 29 41 72 85 3 80 20 . 97 38 95 16 64 . 49 26 39 81 . 47 61 93 32 27 73 84 82 44 . 86 55 . 100 . . 67 10 46 . 69 48 . 50 25 . 12 19 4 . . 52 17 . . . 59 2 . 23 22 53 89 . 40 . 98 31 33 . . 5 94 79 91 99 . 37 30 
95 . 40 57 . 80 94 45 . 91 42 8 86 . 47 34 98 46 63 33 . 54 39 36 28 64 90 . 68 . 100 79 17 85 81 56 . 74 88 10 87 71 . 83 51 32 . 97 . . 29 1 11 22 65 . . 9 5 78 . 26 61 89 . . 48 35 59 . . 66 53 20 58 16 . 73 76 . 52 37 19 30 84 25 12 92 96 6 . 50 75 72 24 . . 13 . 62 
63 . 38 31 36 9 54 6 32 51 37 . . 92 . . 82 . 93 29 . 95 . 27 3 13 100 28 7 75 80 53 48 . 99 52 . 98 33 70 64 8 . 16 12 69 90 68 42 1 25 87 62 23 . 2 96 30 41 84 5 24 71 65 60 74 43 88 . . . . 35 11 72 81 . . 59 22 67 79 . 61 15 . 49 . . 56 66 . 34 20 4 26 . 76 17 . 
16 6 29 87 44 99 31 . . 94 30 . 67 61 88 7 69 89 18 58 . 11 91 50 19 . 24 20 64 96 28 17 . 60 68 51 21 . 38 35 . 43 10 53 45 . 47 23 . 34 . 4 . 2 . 22 39 . . 36 55 . . 86 77 93 . 27 26 72 65 . . 14 56 . 95 84 . 37 49 78 40 63 97 70 48 80 . 92 25 . 52 75 9 76 . 98 13 81 
. 4 83 . 25 53 97 . 45 14 . 41 42 96 22 3 15 54 72 . 36 40 . . 93 12 23 89 5 20 63 . . 47 . 76 78 31 29 74 90 92 77 66 . 30 . 9 11 . 85 35 . 91 46 81 56 100 75 17 16 28 . 1 58 67 6 99 . 69 37 68 . 8 84 59 . 95 49 73 7 86 . 57 87 88 50 82 32 10 24 . 2 . . . 34 . 43 . 
38 . 99 54 3 97 . 24 . 53 . 35 5 68 . . 58 . 4 73 69 47 33 . 51 . . 8 6 79 16 11 72 29 98 65 . . 82 . . 62 42 39 89 19 81 49 61 22 . 92 15 . 78 56 30 32 . 48 94 40 . 59 96 83 . 34 93 9 13 84 100 45 27 88 74 77 14 43 . 18 . . 86 37 31 . 55 80 . . 28 67 95 41 44 91 70 64 
93 78 82 52 21 . 28 44 99 36 74 69 . 8 76 35 68 10 . . . 17 24 83 94 23 72 81 51 33 25 14 50 15 61 87 77 34 5 . 62 80 100 . 85 12 48 . . 26 2 . . 32 . . . 59 . 55 60 13 16 88 . . 79 20 . 54 89 . 9 57 98 3 4 41 . . 86 45 . 7 . 42 . 91 58 49 71 56 . 53 38 90 75 70 . 95 
. 14 . . 34 . 30 90 3 79 91 87 . . 9 . 40 . 73 11 45 85 . 18 75 35 . 77 88 37 41 94 93 . 62 43 . 46 31 . . 70 44 19 . . 69 72 . . 13 38 100 71 61 52 4 36 56 67 12 1 98 49 5 16 42 83 50 15 . 53 . 95 80 96 59 . 63 23 . 21 47 27 29 74 22 7 84 . 99 24 . 76 . 2 26 55 48 89 
47 88 69 86 15 . 27 14 91 37 . 33 13 . 24 55 8 19 59 43 28 93 58 85 83 97 96 . . 16 . . . 76 . 25 63 23 . 22 67 100 60 80 98 35 99 48 73 65 21 94 17 52 71 54 75 6 90 . 68 77 79 39 . 78 51 56 36 26 29 2 46 . . . . 38 92 44 . . 66 95 45 61 30 81 . . . 9 53 . 74 . . . 82 34 
30 31 2 44 . 77 80 99 15 . 26 68 96 . 100 18 39 53 . . 17 . . . 29 . 50 5 85 10 . 55 59 93 . 27 13 92 81 49 35 . 84 20 69 58 . 61 47 95 65 9 73 . 3 28 . . 19 21 . 8 . 32 . 75 66 . 52 23 62 . 45 70 . 60 46 74 36 83 82 4 25 33 94 91 87 40 11 43 72 . 6 . 16 38 88 57 63 . 
. 8 19 64 7 . 57 . 42 54 33 94 75 . 84 74 21 5 14 . . 82 30 100 . 38 12 . 71 36 6 . 80 65 13 63 61 . 41 31 66 59 . 10 68 86 28 1 20 3 . 50 . 58 44 78 22 . 72 24 . 83 56 98 11 70 . 92 . 88 . 45 43 87 . 95 . 85 . 9 76 . 49 26 73 93 52 99 . 89 39 90 81 60 . 96 37 97 25 . 
3 . 9 65 61 93 46 . . 22 . 49 80 . . 42 7 33 . 97 56 . 66 43 18 10 88 48 99 26 5 13 84 30 63 71 . 57 . 17 . 87 95 2 . 4 19 90 . 59 75 76 41 24 47 27 . . 86 45 1 34 29 77 37 . 100 . 55 14 . 60 38 . 67 98 . 72 . 6 8 54 83 70 92 28 . 44 20 51 . 32 . 39 62 . 12 36 31 23 
66 . 52 . 13 28 2 . 31 74 64 . . 82 . 1 . 92 . 61 . 49 95 8 73 71 94 97 18 43 30 20 11 55 . 17 98 59 . 50 3 75 76 6 16 . 63 33 4 . . 40 38 . . 24 81 80 35 85 86 65 . . 90 87 26 19 37 . . 32 29 54 78 5 . 25 . 62 21 53 96 67 27 . 45 79 91 12 9 10 88 70 44 48 58 51 . . 
20 43 23 26 65 . 83 66 21 12 28 60 14 46 27 82 25 67 . 53 90 . . . 55 11 10 78 49 97 . 19 . 100 1 . 47 85 87 64 41 39 52 . . 2 70 91 57 80 30 84 3 95 . . . 38 88 76 48 . 34 62 63 . . 75 22 . . 16 71 . 81 . . . 99 42 51 35 . . 5 33 37 13 92 9 29 54 . 58 50 86 98 77 36 31 
. 73 30 18 19 . 29 39 24 . 43 11 . 52 42 . . 88 . 5 89 84 . 32 64 34 65 41 23 66 76 . 85 53 . . 28 38 2 69 . . 67 . 90 . . 10 93 25 70 22 . 15 . 100 14 50 79 74 77 61 6 . 51 8 . 60 . 36 9 87 37 . 86 4 78 31 81 80 58 56 71 40 83 63 . . 49 91 1 35 44 12 . 3 55 33 95 13 
. 49 72 . 67 . . 12 5 . 1 15 . 21 93 22 80 75 35 42 62 58 . 28 78 63 6 69 . 95 90 83 94 . 59 64 34 . 40 77 . . 88 . 84 24 57 55 29 79 38 39 52 . . 26 47 3 . 32 54 74 19 . . 89 13 36 87 . 53 51 96 44 45 85 8 43 46 4 16 99 2 . 65 81 82 17 48 . 92 33 37 . . 10 30 . 68 . 
. 45 55 17 . 38 . 36 12 20 14 65 49 87 3 . 66 63 29 . 79 16 86 75 53 . . 42 57 . 24 72 68 90 19 . . . 77 48 89 9 80 91 50 22 93 44 76 82 32 100 . 94 13 34 98 23 84 . 28 78 . . 69 . 58 61 . . 73 8 97 92 74 83 . 5 26 . 62 11 . 88 37 39 . 1 46 31 43 71 33 . 18 47 70 . 10 27 
. 24 35 25 1 . 19 22 . 75 . 44 53 . 26 . 42 . 45 78 48 13 2 87 . 57 99 27 63 80 15 40 . 77 55 90 85 94 89 82 79 95 91 . 37 47 52 100 8 23 4 36 . . 72 . 17 39 . 88 29 . 67 34 20 . 96 98 . 60 16 56 62 . . 46 . 69 . 38 68 81 54 31 30 7 43 . 76 . 65 18 10 . 33 . 86 49 93 73 
90 72 . 42 55 . 58 26 93 . 63 52 38 . 49 54 13 3 99 89 39 77 73 . . . . 19 . 40 59 23 . 97 . 11 57 78 66 . 84 . 30 95 9 10 2 34 . . 51 24 46 33 15 6 48 47 83 82 50 100 70 28 92 98 32 81 12 20 80 . 94 16 79 25 91 1 . . 22 67 . 18 64 86 21 88 74 . 69 . . 68 53 35 62 . . . 
14 93 91 51 94 89 17 52 66 . 5 95 20 . 36 50 85 . . 81 57 97 . 44 74 30 54 60 12 47 46 39 37 . 15 . 41 79 . 33 76 64 87 24 6 90 . 21 96 98 9 2 61 . 92 70 32 62 99 25 43 . . 27 34 . . . . 28 . 58 . 40 55 . 56 7 83 . 63 3 13 73 26 8 78 65 . 45 75 49 . . . 4 71 . 1 69 
89 84 . . 45 1 79 85 . 65 21 27 . 67 37 23 74 32 . 34 71 78 64 15 22 87 77 . . 30 81 . 7 2 56 . 92 51 96 28 63 4 38 100 95 14 25 . 49 . 35 98 . 20 83 57 . 40 17 66 80 . 97 29 75 90 93 72 . . 52 42 82 19 73 61 . 10 . 24 . 55 46 86 . 47 76 58 . 41 91 44 62 . 59 8 . 69 . . 
. 54 60 . . 37 . 67 70 98 79 61 63 29 . 81 27 . 65 . . 80 50 56 14 77 48 . . 23 86 33 . 34 42 . 99 2 51 57 82 31 45 1 36 . 95 . 26 87 47 43 35 59 89 19 . 75 22 12 64 . 92 30 94 . 73 . . 5 39 40 69 49 53 15 83 . . 17 13 100 84 . 32 . 11 97 52 18 3 . 21 55 71 7 24 20 . 93 
39 67 . . 49 8 . . 98 81 31 43 72 6 15 52 16 25 61 . 83 3 9 91 57 42 41 75 77 . 18 44 14 . . 85 7 1 . 23 73 . 74 65 48 36 . . 80 29 . 13 32 27 59 37 19 17 45 97 95 99 87 2 89 10 12 . 90 58 84 100 20 . 21 . 66 92 5 56 88 . . 35 28 . 38 63 . 79 30 . 71 . . 34 . . 22 50 
57 . . 8 88 . 67 2 . 46 . 25 . 73 94 . 76 98 3 90 . . 5 13 37 . . 85 45 . 1 . 81 63 . . 48 12 11 80 26 58 40 68 24 34 64 . . . 22 62 14 . 33 17 6 27 32 92 89 96 43 74 28 30 44 91 47 29 35 78 60 99 87 . 51 . 65 69 50 41 . 9 59 . 70 10 97 77 . 86 20 95 23 . 21 39 61 15 
. 91 . 50 87 . 1 49 . 78 . . 52 98 43 71 70 90 32 94 20 44 . 31 . 62 38 84 48 9 8 66 74 46 30 13 65 . 86 36 6 16 . 79 67 82 . . . 58 . 80 83 25 . 45 . 14 28 64 56 37 88 97 40 95 76 51 63 57 92 . 21 26 54 75 35 . . . . . 93 100 41 69 81 53 22 . 34 23 . 77 19 33 39 89 . 24 
79 18 11 14 12 70 45 10 48 99 . 32 60 19 . 95 37 29 84 . 77 21 . 76 . 27 89 91 50 1 . 30 40 4 . . 44 . 68 52 96 98 71 69 . 73 . 51 23 93 54 67 9 3 . 43 . 56 . 59 . 47 78 55 . 63 35 . 38 17 75 26 . . 34 8 88 . . . 6 . 100 24 62 46 66 90 85 36 5 25 . . 58 72 16 92 87 83 
64 16 26 85 . 58 20 93 76 57 . 53 56 39 . . 90 7 67 98 4 22 . 45 71 . 8 73 33 . 51 69 . . 78 1 38 68 49 27 55 . 15 . 14 44 11 32 59 35 . 29 34 5 88 75 . 84 94 9 . 48 47 40 43 . 77 . . 95 24 52 31 . . 13 70 . 30 12 97 28 87 83 74 65 . 100 . 46 36 37 . . 54 81 2 . 79 18 
69 48 24 38 . 4 . . 26 49 84 51 . 66 . 27 . 64 52 63 44 71 72 57 68 7 40 50 . . 14 . 89 28 87 29 80 97 . 47 . 33 90 67 39 81 83 . 22 92 43 . 45 11 42 9 86 41 77 70 46 . 93 53 32 20 . 21 30 74 5 1 . 73 . 2 3 100 94 58 36 60 79 78 88 . . . 56 19 . 76 . 34 . . . 23 75 8 
42 98 25 13 69 44 . 32 59 35 . 29 82 79 61 91 . . 28 100 54 62 97 89 52 47 80 39 31 74 . . 38 81 72 55 . 40 24 88 45 46 9 84 . 33 56 22 83 . 20 . 5 21 34 50 57 . . . 78 16 75 . . 92 36 64 4 . . 6 93 77 . . 1 53 70 67 85 . . 66 63 17 41 87 10 . 94 2 49 23 . . . 30 26 60 
43 10 . . . 95 88 19 38 . 9 . 58 . . 61 6 26 . . 37 60 31 . 81 . 74 93 87 70 89 46 62 50 97 35 . 82 32 . 48 53 92 21 86 15 . 57 18 . . . 78 36 28 . 68 94 63 . 76 12 49 5 . 66 83 . 14 47 33 55 16 . 51 27 67 98 7 99 96 42 39 20 . 44 . . 41 24 8 11 54 64 90 29 25 84 23 52 
9 69 32 73 52 . 38 81 30 96 44 4 55 99 . 51 72 100 66 17 7 33 . 34 60 95 91 62 8 18 93 3 36 . . 41 88 14 25 . 74 12 . 92 64 39 . . 10 37 . . 29 . . . 5 87 23 31 2 57 85 75 84 . 59 68 . . 98 27 86 13 6 43 79 . 67 61 . . 11 16 . 80 42 48 . 22 47 97 90 . 49 . . 35 54 26 
13 96 67 16 84 88 . 28 . 59 . . 91 55 5 . 92 51 62 21 . 75 26 . 2 . 81 79 93 100 83 63 71 33 . 45 66 4 18 97 50 94 . 52 80 68 6 69 . . 58 74 31 35 . 53 12 . 64 . . 29 73 . 9 41 56 38 7 . 78 24 . 85 61 77 34 . 60 70 . 1 . 14 . 89 54 95 39 48 76 65 11 . 25 37 72 43 32 82 
86 28 39 . . 34 . 15 46 18 24 79 . 32 48 26 33 30 . 69 . 27 88 70 4 31 67 . 82 49 45 . . 64 90 83 20 3 78 13 . 63 12 72 8 74 . 98 . 17 89 16 . . 87 95 . 35 29 . 40 . . 38 81 22 . 52 75 56 . . 76 94 . 58 . 37 9 55 . 10 21 25 7 92 57 14 23 100 60 . 96 99 80 93 59 62 5 36 
54 80 41 32 31 11 18 21 23 16 49 . 88 2 12 . . 73 . 60 . . 100 17 79 76 84 68 13 . . 97 78 56 92 . 58 81 . 87 10 50 47 14 99 7 98 36 71 86 . 26 . 89 . 85 59 95 55 . . 42 63 . 4 . . 30 24 8 74 . 28 9 . 44 62 33 40 15 53 82 91 5 96 19 . 64 43 93 61 77 39 . 34 . 52 . . 70 
21 40 15 2 37 18 62 69 20 . 13 . 29 . 58 60 94 50 98 44 67 . 12 90 85 22 . . 72 92 . . 75 36 51 42 35 . 99 . 25 7 . 86 . 49 . 81 41 84 48 . 93 61 70 83 79 19 54 . 47 71 9 66 56 . 39 46 91 43 4 57 34 . 23 52 31 30 . 76 . 68 6 38 14 1 88 24 . . 53 59 8 89 . 17 73 . . . 
