15
8 10 13 . 5 3 2 6 4 11 14 . . 7 15 
10 . . 12 2 . 11 15 7 6 13 4 1 . 14 
. . 10 1 13 12 . 9 6 14 2 7 11 15 4 
. 14 15 4 . . 3 10 5 7 9 12 . 11 13 
13 11 . 3 6 5 . 12 10 15 . 8 . . 1 
4 . 9 10 1 7 5 13 11 8 6 . 15 14 . 
2 15 3 7 . 6 14 . 12 . 1 11 . . 10 
7 1 14 11 10 4 13 3 8 . . 15 9 . 2 
9 4 . 8 7 15 12 1 . . 3 13 10 5 6 
12 9 6 13 3 . 15 . 2 1 . 5 7 4 8 
. 7 5 2 . 8 6 11 1 . 4 3 13 10 12 
. 6 12 . 4 14 1 8 . 3 10 9 5 . 7 
1 8 7 . 14 11 9 2 . 13 15 10 4 12 . 
3 13 1 5 . 2 . 4 15 . . 14 . 8 9 
15 2 4 14 . . 10 7 9 5 8 . 3 . . 
