15
15 . 8 14 3 2 . 1 9 . 4 6 5 12 11 
. 1 13 . 11 12 4 3 . 9 2 7 14 15 10 
. 3 . 7 5 8 9 2 15 14 12 1 4 13 . 
. 4 15 . 13 10 . . 6 . 11 5 . 1 2 
13 15 14 4 8 . 11 6 . 2 7 10 3 . 12 
12 8 6 1 . 14 13 . 5 3 . 11 . 7 4 
8 2 1 12 15 11 . 5 4 7 . . . 10 3 
2 . . 5 14 4 1 10 7 11 . 8 . 3 9 
6 11 4 3 . 7 8 12 10 1 5 15 . 2 . 
4 13 5 11 1 3 10 7 2 . 6 . 12 . 8 
7 12 3 15 . 5 . 13 11 8 . 4 10 . . 
11 14 . 9 7 . 15 4 13 10 . 12 6 8 5 
14 . . . 12 13 5 11 3 6 1 . . 4 15 
3 5 7 . 6 15 12 8 14 . 10 9 1 . 13 
1 9 10 . . . 2 15 12 5 8 . 11 14 7 
