20
9 . . 14 1 19 8 2 20 7 13 5 18 17 . . 6 10 . 16 
5 14 2 7 15 . 10 6 17 . 19 1 12 13 9 . 8 . 3 . 
2 7 20 . 19 10 . 13 18 8 4 11 . 15 . 1 9 3 14 . 
19 . 3 . 13 5 6 . . 16 1 15 20 4 11 18 12 17 . 2 
13 . . 16 12 11 . 5 3 17 7 20 9 10 18 . 19 . 2 14 
17 1 . 18 2 3 . 12 15 13 6 16 8 . 14 . 20 . 11 4 
. 18 15 13 . . . 19 9 2 14 . 1 6 10 3 5 4 20 7 
. 9 17 4 16 . 7 20 12 . 8 18 19 11 1 10 13 6 . . 
10 8 9 19 . 4 3 . 16 20 . 6 5 12 . 15 . 1 18 13 
18 2 5 3 . . 20 . . 9 15 . 11 14 4 12 16 7 19 6 
7 17 16 9 3 . 5 . 1 . . 4 2 20 8 11 . 13 6 19 
16 20 4 . 7 15 2 3 11 . . 10 . 9 . 19 18 12 13 8 
. 11 7 2 20 6 4 1 19 12 . . 10 . 15 13 17 5 8 . 
. 5 6 . 14 8 18 11 7 10 . 17 13 . 20 . 4 19 16 12 
15 13 8 12 11 18 14 16 . . 20 7 3 19 . 17 1 . 9 . 
. 3 . 11 4 16 . 10 . 19 12 13 7 2 17 20 . 14 5 1 
6 . 12 1 . 14 17 18 2 11 5 . 4 . 13 8 7 15 . 20 
20 12 13 10 . 9 1 15 . 14 3 19 6 . 7 2 . . 4 17 
4 16 19 . 6 7 13 8 10 . 9 2 15 5 12 . . 20 . 11 
12 . . 20 5 13 11 . 8 . 10 . 16 1 19 7 2 18 17 15 
