20
7 18 14 10 15 19 . 9 . 6 . 1 16 11 13 8 . 2 5 . 
16 1 2 9 . . 10 15 5 17 6 18 . 3 4 . 7 12 . 20 
14 9 16 1 3 6 4 . 12 19 5 2 . . . 11 13 . 15 10 
12 8 11 . 7 17 . . 13 10 14 20 4 18 . 6 15 . 1 9 
. . 4 6 9 . 18 . 16 15 17 . 5 8 20 1 12 10 . 7 
10 . . 5 6 8 . 19 17 2 7 . 12 . 1 4 3 9 13 18 
. 2 . 18 . 4 20 1 9 . 10 16 17 12 11 . 6 3 7 8 
15 16 6 12 8 . 7 . . 13 19 10 . 4 3 . 2 20 9 17 
. 12 8 . 16 5 . 10 18 . 15 11 20 19 6 13 . 7 17 14 
. 4 1 15 17 7 6 5 . 20 2 . 11 10 12 3 . 13 14 . 
3 17 . . . . . 4 10 8 16 9 7 14 2 12 11 5 6 15 
18 . 19 13 . 1 11 8 3 . 4 . 6 2 9 15 10 17 16 . 
2 13 9 14 20 16 8 7 1 . 11 . 3 . . 10 17 . 12 4 
19 3 10 4 11 14 . 13 15 12 1 7 9 . . 17 8 . 20 . 
11 19 . 16 2 9 14 3 8 5 20 4 . 17 15 . 1 6 . 13 
6 . . 7 12 20 13 18 2 16 8 . 14 1 10 9 4 . . 19 
. . 5 11 4 15 9 . 14 3 . 6 8 7 18 16 . 1 2 12 
8 7 3 . . . 15 6 . 11 9 19 2 13 . 18 16 4 10 1 
4 5 7 8 10 3 12 16 . . 18 13 19 . 17 20 . 15 . 2 
20 6 13 19 . . 1 12 7 9 3 17 . 16 8 . 5 14 4 . 
