50
42 26 12 22 30 18 41 4 32 34 36 31 . 10 . . 9 47 2 48 . 46 13 21 11 28 35 25 . 1 49 . . 43 23 14 27 17 20 44 6 . . 40 39 . 24 . . . 
. 46 10 4 14 13 21 39 22 44 17 3 23 41 2 12 28 . 8 11 35 6 18 . 43 . . 29 . . 33 49 . 26 1 30 25 . 19 5 31 . 24 . 34 48 . 9 40 16 
47 45 9 35 . . . 44 6 21 32 30 40 8 . 34 . 41 23 33 25 13 10 17 36 22 . . 3 24 20 15 . 49 16 29 26 . . 12 38 46 19 50 27 14 . 31 18 . 
11 23 46 24 13 . 48 7 18 . 14 . 25 49 19 . 20 28 . 10 . 17 12 43 34 6 . 35 . 37 15 1 39 21 . 8 4 . 9 31 29 44 5 33 42 27 . 40 . 47 
4 10 . 47 . 7 5 . 19 . 49 . 3 42 38 30 . 46 . 1 40 31 11 9 17 . 28 41 12 50 21 35 29 48 33 . 2 15 16 43 . . 27 8 44 22 . 18 6 . 
46 31 36 . . . 27 . 8 30 6 . 48 13 12 . 32 4 29 28 11 33 15 45 23 39 10 37 . 34 17 16 50 42 25 19 41 . 21 26 . . 43 . . 49 18 22 47 44 
35 15 32 41 38 31 . 50 30 10 . 46 27 24 43 . 12 11 25 45 17 42 39 20 . 16 6 40 28 . . 36 44 29 18 7 . . 1 . 3 49 26 . . 19 . 2 . 37 
30 22 . 36 19 5 12 . . 13 33 35 . 45 6 49 . . 17 29 7 34 37 50 10 24 . . 25 . 16 3 . 40 11 21 42 28 32 39 . 31 2 . 26 38 44 20 27 8 
19 . 50 30 26 36 25 37 17 1 41 . 14 . 20 . . 16 7 . 42 45 34 23 . 27 43 49 4 6 32 . 24 13 . . 11 10 . . 5 33 22 . 47 18 15 46 31 28 
5 37 26 48 . 6 14 . 38 29 . 20 35 9 . . 27 23 33 36 32 . 19 7 . . . . . 40 50 . 43 34 46 22 17 42 18 13 . 10 3 47 . 8 39 45 25 1 
14 49 25 37 18 48 34 8 47 11 16 29 . 46 10 20 . . . 43 24 . . 27 . 44 . 23 39 9 . 26 35 . 12 45 . 21 40 28 22 . . 19 7 33 5 13 4 42 
48 41 . . 6 . 19 12 . 43 1 18 33 16 50 9 45 36 34 37 47 . . 25 . 32 26 10 . 13 3 24 46 39 49 38 . 4 14 27 . 30 7 42 . . . 11 44 22 
. . 22 . . 16 45 . 9 14 10 8 37 19 36 1 40 18 . . 30 7 . 46 32 . 44 48 13 4 . 29 5 50 . . 23 38 31 15 28 35 . 6 11 21 41 . 39 24 
. 8 7 . 9 46 4 26 13 . 23 . 30 22 44 2 . 27 42 12 49 15 43 16 38 . 3 . 18 . 48 31 32 14 40 6 33 39 . 24 19 29 21 . 25 . 11 47 . 20 
24 . 21 5 . 19 28 6 48 . . 49 39 32 37 44 3 38 1 . 43 11 33 41 . 42 8 20 7 47 25 . 23 . . 50 35 . 30 18 27 17 . . . 2 10 29 13 36 
. 42 . 46 16 34 22 33 . 12 18 13 . 7 . 48 31 9 6 4 45 . . . 27 5 37 39 21 35 36 38 11 . 19 49 15 14 41 . . 47 25 3 10 28 26 17 50 . 
. 29 19 45 23 49 30 42 33 22 . 11 . . 31 . 35 25 5 . 48 28 . . 44 21 16 15 47 46 24 43 18 4 . 27 34 . 37 36 . 2 . 14 20 9 12 10 7 6 
34 39 44 18 . . 32 . 14 . . . 10 6 7 3 . . 48 8 5 19 41 13 . 46 47 31 30 . 45 23 12 11 . 16 50 27 . 17 40 4 20 49 38 29 28 25 43 21 
10 19 14 21 41 . 50 29 37 7 . 36 . . . 28 25 31 49 42 . . 22 . 3 33 32 18 24 16 39 46 . 35 34 17 . . . . 4 12 44 48 6 30 40 8 20 2 
40 . 4 . 7 . 8 34 41 24 28 27 15 43 48 33 13 50 30 31 39 3 23 . 37 20 45 21 . . 6 42 10 . 14 . . 47 . 35 . 19 . 32 18 46 25 38 36 49 
18 25 37 . 17 . 39 5 . 41 . . 8 27 4 47 . . . . 3 50 40 36 45 48 9 . . 12 14 . . 22 42 . 30 34 13 6 46 24 11 21 32 31 33 43 49 35 
29 28 34 32 12 17 13 . . . 45 5 38 21 30 . 49 . 40 23 . . 25 39 50 8 . . 41 . 7 22 3 20 48 35 31 24 2 . 26 43 . . 1 4 14 33 9 15 
13 5 3 . 36 25 33 . . . 22 . . . 32 42 . 24 28 14 10 35 . 19 47 . 31 27 15 8 1 6 20 38 39 23 21 44 43 . 18 41 30 12 16 11 34 . 2 9 
28 7 . 6 . 24 49 19 43 42 8 15 22 . 18 . 47 20 . . 29 . 9 48 4 . 25 34 17 . . 5 21 44 36 32 . 46 38 3 23 1 . . 2 35 50 . 12 . 
. 30 23 11 8 27 20 24 . 40 48 16 12 . 1 14 . . 13 . 18 25 49 33 19 17 . 2 5 29 35 9 4 . 47 . 46 41 28 50 45 6 . 10 36 . . 15 26 7 
. 16 43 . 48 23 36 13 . 9 12 38 41 . 21 7 15 39 . 35 4 27 2 8 . . 24 1 20 . 22 . . 19 10 . 6 37 5 46 34 32 47 31 . 40 30 42 . 14 
. . 16 34 22 39 10 35 15 23 25 32 2 . 49 6 . . . 44 50 38 42 18 24 43 4 13 9 31 29 . . 30 20 . 19 . 33 1 . 40 . 45 37 . 46 26 28 12 
33 47 40 28 29 12 7 . 4 . 42 37 . . 26 10 34 6 . 24 31 . 50 38 20 30 49 36 45 48 9 11 22 . 35 . . . . 2 14 18 17 43 21 15 13 . 46 39 
36 14 41 19 . 28 . 17 21 48 . 9 18 33 15 29 1 . 20 26 27 30 5 3 40 7 2 42 31 49 44 . . 47 . . 37 12 25 . . 39 34 . 50 24 32 4 . 23 
31 13 . 15 43 40 46 22 36 50 . . . 25 3 . 38 . 47 34 20 12 16 . 21 . 1 7 27 28 . 33 17 6 2 37 9 19 . 48 39 11 41 44 8 10 . 14 29 5 
22 18 17 7 44 35 3 9 24 31 34 . 6 40 . 19 5 1 11 49 28 . 29 . . . . 45 43 21 . 8 30 15 37 48 . 25 . . 32 20 46 38 . 50 2 27 41 26 
7 . 15 . 50 . 42 46 45 28 29 39 17 14 . 40 26 37 . 3 . 22 44 35 2 9 19 24 36 . . 47 6 25 43 18 12 48 49 32 . 23 13 27 33 . 21 . . 31 
. . 45 . . 9 26 41 12 4 30 . 34 50 . 37 46 5 39 . . 44 . 49 16 10 21 33 . 19 8 20 7 31 3 11 29 . 47 . 15 42 18 28 22 . 35 36 24 32 
17 32 42 43 49 26 . . 25 33 9 4 50 29 16 13 8 21 3 30 . . . 15 . 34 46 22 . . 37 . 40 . 38 39 . 1 36 7 2 45 31 24 35 47 . 6 . 10 
38 . 29 2 1 47 . 48 27 46 39 14 13 28 42 5 36 45 . 18 12 23 . 32 9 35 . 26 . 44 . 21 . . 4 3 24 22 8 19 33 . 6 41 43 20 16 . . 40 
3 24 . 39 15 4 38 . 5 . 43 25 1 17 . 22 19 40 . 7 . 2 . . 48 41 . 50 . 20 . 32 49 33 44 31 45 35 6 47 12 16 28 11 . 37 9 30 42 . 
12 44 6 3 34 . 1 20 35 . 47 43 . 36 28 46 33 . 22 13 2 8 17 31 29 . 48 . 10 7 18 . 15 . . 4 32 30 27 . 50 . 37 9 45 . 42 . 11 38 
2 3 39 9 . . . 11 42 8 31 44 21 . . 25 16 30 19 20 . 26 . . 35 50 29 . 14 23 40 48 41 32 27 47 43 49 46 34 24 13 . 1 . 7 36 37 . . 
. . . 44 . 22 24 16 7 27 46 17 43 . 39 . 37 34 . 2 . 5 6 28 25 38 40 4 50 3 . 19 13 18 32 . 47 31 11 . 30 14 33 . 9 36 29 48 8 . 
. 11 2 . 20 30 . 49 40 . 15 21 36 12 22 17 18 13 31 39 . 24 . 10 42 26 50 . 16 32 46 27 48 41 . 1 . 6 . 8 47 . 35 . 28 44 . 3 33 19 
39 36 48 23 45 2 9 3 . 20 . 41 . 11 8 35 7 22 43 17 . . 30 . 15 . 38 . 6 42 10 18 33 24 21 28 16 29 . 25 1 5 4 46 . . 47 44 14 27 
. 20 . . 47 3 . 28 34 35 5 19 . . 23 27 44 42 26 . 46 . 24 11 18 37 13 9 48 10 43 14 31 8 . 12 40 36 17 . . . 45 30 29 16 6 21 32 50 
50 . 33 49 11 14 29 47 31 16 . . 9 44 17 . 24 10 . . . 39 26 6 41 18 12 8 34 30 4 37 . . 28 46 . 32 . . 48 27 42 13 40 43 19 35 38 3 
15 . . 31 2 50 . 10 20 49 24 33 42 26 9 18 . . 21 40 23 14 8 4 . 19 27 30 38 36 11 13 . . 6 5 . . 22 16 44 48 32 34 46 25 3 . . 29 
37 . 8 12 21 38 15 18 29 2 20 40 28 48 35 45 10 17 46 27 . 36 47 24 14 31 41 . . 26 23 25 . . . 9 13 11 50 30 42 . . 5 . 39 49 32 16 . 
20 40 28 50 25 33 35 45 3 39 19 22 44 34 . 43 . 29 9 . 15 . 46 . . 11 . 5 8 2 . 30 37 27 13 24 49 18 10 38 . 21 16 17 41 . 31 7 48 . 
6 48 24 . . 44 43 . . 47 37 42 26 4 25 23 14 19 32 50 13 9 . 29 7 1 17 . 46 39 . . 36 45 . 33 28 5 15 49 35 3 8 . . . 22 12 . 18 
16 34 . 42 37 . . 31 49 32 3 6 11 . . 39 21 35 18 . 36 20 14 47 30 . 33 38 1 . . 4 27 17 24 . 22 9 48 41 7 50 12 29 19 26 . 23 . . 
21 . . 17 28 43 16 . . 36 . 47 24 38 . 31 42 14 35 . 33 10 45 5 22 4 7 3 40 27 19 12 1 . 26 2 39 20 44 29 9 . . 18 49 . . 41 37 . 
45 33 13 27 3 32 40 15 . . . 34 4 35 46 36 30 . 50 6 14 48 21 . 5 25 . . 49 43 38 10 42 9 . 41 18 26 12 20 16 . 29 39 24 17 . . 23 11 
