50
6 44 . . 18 35 . 38 34 12 33 24 16 50 . 1 39 21 19 23 10 . . 42 40 22 . 2 32 . 45 . 13 43 . 30 20 9 . 15 25 8 . . . . 41 7 4 36 
40 29 13 19 5 . 16 46 . 34 32 17 . 21 10 . 27 . 50 1 28 . 9 18 7 23 47 24 6 20 41 33 26 . 39 11 . 4 42 . . 31 12 2 35 14 48 . 3 . 
28 49 26 12 . 17 48 7 46 . 39 . 23 . 50 5 16 . . 27 34 10 11 . 22 6 30 44 35 . 42 21 . 36 2 20 25 . 14 13 31 43 . 4 8 45 18 37 . 1 
12 36 . 9 21 43 39 10 28 6 45 . 33 13 42 18 38 8 29 16 22 . 26 4 17 3 . . 49 15 30 40 . 37 46 . 2 . 11 . 23 47 . . 25 48 1 . 7 . 
13 16 8 48 . . 4 . 47 23 . 50 15 44 20 33 7 . . 21 . 46 49 12 19 1 11 43 . . 36 18 31 . 35 32 22 . 2 27 40 26 9 10 . 6 17 . 5 14 
36 . . 49 27 . . . 32 37 . 33 24 22 . 7 45 14 46 35 8 18 30 40 38 47 42 39 21 10 . . 9 . . 34 26 41 . 5 17 48 11 6 12 . 44 31 20 13 
29 41 5 31 4 13 19 30 48 . 47 . 46 35 . 12 . . 32 8 . 37 21 . 34 . 49 18 11 44 33 10 . 9 . 16 40 43 15 50 . 3 24 . 17 23 28 2 38 20 
. 20 . 33 . 7 23 36 14 25 16 35 . 34 30 . 9 2 3 38 44 27 31 39 12 . 17 37 26 13 . 4 . 24 43 40 49 6 . . . . 21 45 29 15 22 . 46 41 
20 32 3 43 . 8 11 42 17 46 . 26 25 6 44 10 5 36 . 18 29 45 23 19 . . . . . 28 . 35 1 22 . 12 39 16 40 24 . 15 33 50 38 . 13 9 27 47 
. 6 36 . 42 38 37 . 9 28 . . 13 11 23 3 32 27 2 34 . 17 41 8 . . 44 20 33 39 21 5 19 16 18 . 48 . 12 . 47 35 49 . 15 . 7 14 43 40 
2 . 17 . 6 16 18 13 11 5 44 . 29 . 15 26 46 50 48 39 12 38 47 7 3 . 9 45 4 . 28 1 43 34 8 49 37 . 41 . 35 36 . 24 22 10 31 . . . 
16 26 24 21 . 10 5 43 6 9 . . 14 . 4 31 12 42 13 40 45 . 27 29 39 18 . 11 23 38 37 . 35 17 . 36 . 44 34 30 15 22 32 28 . . 3 47 50 . 
41 5 37 20 16 9 3 18 . 17 40 13 . 8 24 28 49 29 11 . 39 34 19 38 . 35 . . 15 . . 31 44 47 45 2 6 12 26 . 21 50 . 42 36 . 32 33 . . 
3 . 50 24 40 . 41 45 1 . 23 . . 46 . . 48 20 21 5 17 44 42 9 14 36 4 27 . 49 31 . 30 10 37 29 11 35 . 19 16 12 28 22 6 43 . . 32 7 
45 . 49 . . 5 33 25 8 16 4 23 30 14 34 . . . 36 32 18 35 24 21 . 48 43 26 47 46 44 13 40 . 17 22 . . 38 39 41 9 37 12 . 1 . 20 42 11 
11 12 . . 36 30 32 . 3 50 49 48 45 . 38 . 18 9 . . 43 1 28 34 42 8 19 . 17 6 2 44 . . 10 7 27 22 . 29 . 40 23 41 31 37 39 15 24 5 
21 31 10 18 24 49 . 12 7 . 5 . 38 29 . 2 11 48 8 . 37 32 4 . 46 . . 34 27 14 . 41 . . 36 35 1 15 . 40 42 45 3 47 33 13 20 28 23 22 
10 9 . 39 47 36 . 19 16 . 28 21 11 1 40 17 22 13 . 43 . 8 33 26 27 38 24 7 . 5 6 49 32 3 . 50 4 . 45 25 34 . 31 . 14 . . 35 18 37 
26 . 46 42 . 32 22 6 . 7 38 5 17 16 9 43 . 49 23 4 25 . . . . 34 1 8 20 2 47 28 36 40 30 48 18 39 44 . . . 14 19 10 33 45 . 21 12 
. 50 . 40 26 . . 47 . 45 1 8 42 . 36 . 17 . 7 . 49 43 39 25 . 41 35 9 10 31 18 14 3 20 24 15 5 37 29 23 30 . 22 44 . 11 21 46 34 4 
43 . . 13 . . 46 . 44 8 48 45 21 17 11 32 42 35 41 30 33 23 29 50 6 16 12 10 . 22 . . 18 49 4 39 31 47 36 20 24 14 . 15 . . 9 1 . 27 
27 . . 25 48 20 . 11 18 33 . 3 50 49 37 . 4 . 28 41 35 16 . 46 . 44 . . 2 . . 7 39 21 . 1 14 10 30 6 8 42 34 40 32 9 38 22 12 19 
. 22 45 6 50 23 10 14 26 30 11 43 36 31 47 8 . 12 27 42 . 39 . 49 . 46 18 . 3 . . 32 15 4 . . . 40 33 37 28 . 48 29 20 34 . 24 41 44 
17 30 6 26 . 39 8 40 49 11 . . 1 12 14 . 44 4 5 15 13 42 . 16 36 37 29 . 43 21 . . 28 . . . 23 18 9 2 45 25 . . 50 35 . 19 22 38 
44 . . 30 39 . 21 16 41 43 27 22 40 7 6 29 8 26 31 10 . 33 . 13 11 2 46 . . 34 49 36 47 18 14 . 12 . 1 . 3 20 35 . . 17 19 25 . 32 
35 . 42 10 . 33 24 32 . . 37 38 . 2 29 9 23 25 26 . . 36 44 48 . 19 39 15 30 41 17 47 11 7 50 . 13 . . 34 5 28 8 3 27 46 49 16 40 . 
42 46 20 34 . . 47 . 40 49 41 . . 28 12 14 . . 24 50 21 6 45 36 5 43 8 31 . . 25 22 37 33 27 18 . 7 16 . 19 2 38 17 23 39 30 . 13 3 
18 25 21 . 11 40 36 . 30 . . 4 44 . 41 46 . 17 . . 7 50 . 3 49 9 33 38 . 23 27 48 10 12 31 24 . . 13 43 6 16 1 20 . 22 14 26 19 42 
. . 43 . 29 21 . 33 . 35 20 12 . 48 . 37 31 . 22 13 . . 40 41 16 25 5 28 46 18 32 9 6 . 44 3 15 49 . 42 50 30 27 26 . 38 10 4 39 34 
9 39 33 . 31 14 43 50 38 15 35 40 34 45 22 . 21 10 . 49 30 . 12 27 47 29 . 16 18 36 . . . 42 19 . 41 20 7 26 44 24 . . 2 32 46 13 . 17 
23 11 25 46 8 27 9 17 . 38 14 34 . 42 48 44 3 33 . 20 31 2 43 . 30 24 6 50 . 16 . 37 12 . 41 . 35 26 10 21 49 . 7 18 . 36 . 39 . 29 
38 34 . 44 2 . 1 4 25 40 24 14 9 18 8 47 . . 30 . 3 26 7 35 43 . 45 . 16 42 15 12 22 . 23 27 32 28 17 48 46 37 . 11 49 29 5 . . . 
46 40 32 28 9 29 20 23 . 44 . 31 19 24 . 49 26 3 25 11 15 22 34 . . . . 5 1 48 14 42 7 38 13 43 45 50 . 8 2 39 . . 18 4 . 36 . 35 
22 35 48 17 25 45 . . 39 31 19 37 27 5 . 34 47 . . . 6 40 36 28 21 4 3 33 . . 11 46 29 23 32 9 . 2 50 10 . . 41 13 30 20 42 . 16 15 
50 10 38 . 1 . 27 28 . 2 29 19 31 36 39 23 15 . . 7 47 . 6 . 33 . 21 49 42 24 . 25 5 35 40 44 . 17 3 32 . 46 45 48 37 12 4 . 26 43 
. 21 31 5 45 11 12 35 . 42 . 29 . . . 4 . 44 1 22 46 13 50 . 23 32 20 47 41 43 3 34 24 15 28 14 . 19 . 38 . 10 2 9 39 26 25 8 . 6 
30 3 4 . 46 . . 15 . . 8 49 39 43 18 . 40 7 12 29 16 11 14 10 2 42 23 22 13 25 48 . 41 . 38 . 33 5 20 . 37 6 26 36 . 28 47 44 31 . 
31 15 . 50 14 4 28 . 35 41 12 . . 37 . 42 29 16 34 6 27 21 . 11 . 7 10 3 . 30 . 45 17 . 47 33 38 8 22 36 13 19 39 43 46 . 26 48 1 49 
. 14 34 47 43 26 38 49 10 13 50 6 3 9 . 15 . 39 45 . 1 28 22 . 32 40 31 . 36 8 24 20 27 19 . . . 48 4 41 18 21 . 37 7 . 11 29 . 16 
. . 40 . . 48 . 27 43 . 13 42 28 . 49 11 20 5 47 12 14 41 . 24 25 . 34 35 29 26 50 38 46 39 7 6 19 31 32 . 22 . 16 8 1 . . . 9 . 
37 . 14 . 28 . . 44 31 . 9 41 10 3 32 36 33 46 35 . 19 24 20 . 8 11 26 1 . 27 39 . . 2 34 . 43 38 5 47 . 23 15 21 13 7 50 40 49 30 
7 28 16 36 23 37 . 41 . . 31 27 35 26 43 48 50 1 10 19 . 3 2 14 24 . 38 21 45 . 20 30 . 8 . . . 42 46 11 . 32 47 33 . 18 . 17 15 25 
. 23 7 1 49 47 13 26 45 . 3 . 6 32 21 19 37 18 43 . . . . . 9 12 15 48 40 33 38 . 50 5 22 46 17 . . 35 39 29 . 27 . 41 16 10 . 28 
15 27 18 41 37 22 44 . 4 3 . 2 8 . 1 . 14 24 . 46 38 20 35 5 10 . . 29 12 . 9 . 23 48 . 31 50 13 19 28 32 . 6 34 26 47 . 49 33 . 
. 8 27 37 17 41 . . 15 10 . . 18 39 28 . 43 11 4 . . . 16 47 35 . 2 46 34 45 29 19 42 1 5 . 3 36 21 33 9 38 13 . 48 40 23 12 44 24 
. 37 22 38 12 24 26 34 42 47 15 16 . . . 40 6 32 33 3 11 30 8 20 . 17 36 23 14 7 . 29 . 41 49 28 44 27 . . 4 . 10 . 9 5 43 50 48 . 
. 38 12 14 3 19 49 . 29 18 46 47 43 4 16 41 13 22 17 37 48 . 1 . 15 . 32 . 39 9 35 . 45 6 42 8 21 11 28 . 20 . 36 . . 50 2 30 . 26 
48 24 39 8 . 15 40 37 2 21 22 46 . 41 3 6 28 47 18 36 26 . . . 1 5 . 14 7 . 10 17 . 11 9 . 30 32 35 12 . . 29 25 . . 27 23 45 31 
. 47 9 15 13 46 29 . 27 20 36 18 4 . 45 35 41 34 . 26 . . . 44 50 . 22 32 . 11 12 . 2 30 25 10 . . 23 16 1 17 40 7 43 8 . 6 14 . 
39 48 47 11 20 3 35 9 . 4 17 28 41 10 33 30 34 37 38 24 23 12 5 15 45 50 . . 44 . 13 . . . . 25 8 . 49 22 27 . 18 14 19 . . 43 2 46 
