50
8 33 17 7 35 11 34 . 40 . 26 . 43 . 25 28 . 2 14 19 29 47 . 45 49 36 . 15 9 39 42 22 . 5 27 . 23 50 12 . 41 18 . 32 20 10 31 4 38 . 
46 22 . 15 38 . 44 42 . 43 . 37 34 32 . . 4 . 26 31 6 17 13 18 7 47 21 5 14 25 27 11 2 28 . . 8 . . 10 19 39 40 . 49 24 . 36 1 3 
. 36 11 23 18 39 47 10 . . 41 . 35 . 34 17 31 50 13 . 7 22 . 32 . 48 . 27 49 . 46 . 29 30 1 21 26 16 15 38 20 . 8 9 19 37 2 45 12 44 
19 . 20 . 12 17 23 41 31 44 30 40 9 . 6 . 38 35 45 8 . . . 29 . 1 13 . 10 . 11 50 24 49 47 27 3 25 21 42 5 48 43 39 36 33 . . 26 . 
. 42 16 6 . 36 43 18 10 . . 22 49 33 50 35 . 12 27 15 4 9 . 2 30 24 39 . 3 32 17 44 25 . . 1 21 29 40 8 . . . 13 11 20 7 . 37 31 
32 . 39 18 20 26 . 36 . . . . 38 17 . . 9 45 49 16 41 24 31 1 15 14 . 33 4 40 37 . 21 42 44 6 . . 13 12 30 47 27 43 8 7 . 3 11 10 
41 6 22 . 29 . 12 40 50 48 13 23 5 42 30 33 . . 17 11 . . 4 44 14 . 27 28 46 . 10 38 7 20 49 16 35 3 25 24 . 19 1 26 2 21 . . . . 
28 40 43 35 31 50 . 32 . 4 22 41 . 27 18 47 33 . 29 . 26 37 39 42 24 3 . 2 48 . 5 14 13 . . 49 1 20 44 . . . 10 6 . 23 38 . 19 16 
. . . 24 22 16 14 43 6 17 . 4 . 34 31 20 8 21 19 13 49 . 40 . 12 7 5 3 41 46 15 . . 45 18 2 . 39 11 33 . 25 32 . 47 48 50 37 30 35 
. 14 5 . . 6 39 3 . 40 38 7 16 29 42 43 27 11 . 1 32 46 15 21 . . 44 . . 41 12 28 8 47 20 37 . 30 24 18 49 17 45 35 48 . . 26 . 13 
. 11 50 2 1 24 46 . 29 30 27 39 47 43 22 . . 26 . 21 9 19 37 7 32 31 . 36 12 5 34 33 . . 38 42 45 . . . 16 23 3 17 . 8 25 6 20 48 
36 16 32 13 . 31 33 25 47 6 3 35 29 44 41 23 19 10 . 30 8 1 45 . . 42 2 . 18 28 . . 27 38 24 . . 34 17 37 40 . 14 . . 43 5 . 4 15 
. . 3 14 . 25 . 24 9 15 . 48 36 13 4 7 . 6 41 33 . 23 27 . . 49 50 38 8 42 19 16 . 10 12 30 . . 46 . 2 21 44 47 35 1 18 . 34 40 
34 . . 48 32 13 . 6 37 7 . . 30 47 26 39 35 17 46 18 40 3 2 . 8 19 16 . . 23 49 21 . 41 43 20 33 . 5 . 15 38 . 28 42 14 44 . 24 . 
. 50 36 21 . 9 38 23 18 . 2 . 41 . 7 42 49 22 24 . 11 40 29 13 . 15 4 . 34 . . 32 20 35 14 . 30 6 10 45 43 8 . 16 31 28 1 17 46 12 
1 29 46 19 21 4 6 . 43 22 31 . . 24 33 . 5 25 . 27 48 49 12 20 17 28 40 . 36 37 . 18 14 . 11 9 39 . . . . 50 16 44 7 47 41 15 2 26 
7 . . 1 . 18 17 39 20 10 19 33 6 37 15 12 . 32 42 . 2 44 8 34 22 . 28 46 . . 41 . 48 43 21 4 24 31 3 14 36 40 38 25 16 . . 27 49 . 
40 . 25 . . 38 8 35 5 18 11 15 24 22 32 48 42 . 44 9 . 33 . 39 47 . 14 1 20 . 16 37 46 12 41 17 . 19 36 . 50 . 31 23 29 49 30 21 . 2 
14 34 49 12 23 . 4 . 2 . 20 . 46 31 . 8 . 43 11 . 21 18 . 10 26 9 1 7 40 30 25 13 32 29 . 19 27 33 50 44 6 15 41 . 24 22 . 42 . 39 
. . 7 34 16 5 15 20 . . 10 2 31 36 3 27 . . 1 24 30 . . 23 25 26 . . 28 44 21 29 . . 35 22 47 32 45 50 13 41 6 . 18 11 33 8 42 46 
. 8 31 30 14 . 20 45 15 24 21 . . 1 11 50 34 44 . 2 23 . 18 41 19 32 7 13 5 49 . 43 10 36 . 12 . 37 38 27 . 4 33 46 26 25 6 39 . . 
6 15 44 45 43 48 28 17 27 29 16 42 3 . 24 . 32 18 37 . . 7 46 30 35 4 . 34 21 2 . . 11 31 25 39 19 47 . 36 14 . 13 . 38 9 26 23 . . 
35 24 28 . 40 44 . . . 2 25 . 20 7 9 16 . 15 34 . 5 21 . 46 48 . 42 45 . . 18 6 17 27 37 14 29 13 47 19 39 36 4 . 41 . 49 22 33 1 
29 3 24 28 27 . 21 37 17 . . 44 39 12 14 22 . . 7 5 13 34 43 25 36 18 49 11 50 . 8 40 31 . 45 32 10 . 2 6 47 16 46 42 . . . 35 . 41 
12 . 10 . 17 37 . 7 35 20 36 45 50 4 . . 3 19 38 14 18 . 1 49 . . 48 31 . 21 . . 30 6 2 23 40 43 28 34 . 33 24 41 9 27 16 44 5 25 
42 25 . 33 48 15 50 5 . 26 46 24 14 3 . 30 1 20 . . 28 45 11 47 34 8 32 44 17 16 22 . 23 37 . . 6 . 43 2 29 31 . 49 4 40 . . 18 9 
50 4 . 9 37 32 31 28 25 . . . 17 35 . 46 2 24 . 20 . 39 42 5 27 44 19 12 . 47 40 8 34 48 22 18 36 . 23 3 11 49 . 10 . 45 43 . . 21 
38 48 40 16 13 34 18 33 1 23 4 19 12 . 20 10 17 28 5 7 22 42 6 14 9 41 37 8 25 . . 35 . 24 . . . . 39 30 45 3 . 27 21 . 32 . . 49 
. 49 1 . 24 3 . 50 . . 18 8 44 39 45 2 16 36 21 10 35 13 30 . 11 . 23 47 . 38 33 46 12 34 19 . 22 7 . . 32 6 . 29 . 15 . 28 48 43 
. 28 27 29 . 7 41 . 49 21 33 . 32 9 40 13 6 . 25 34 14 36 10 19 1 . . 24 2 31 4 23 47 . 30 15 37 42 35 . 44 . . 45 17 26 22 5 50 . 
31 . 8 . 34 . 30 12 . 50 . 43 . 20 29 45 22 13 2 23 42 41 16 36 . 5 9 . 24 14 28 . . 17 32 . 44 35 33 25 4 7 39 . 3 46 37 1 40 . 
44 2 33 . 4 10 19 . . 34 45 27 . 41 . . 28 . 50 . 47 . 25 24 31 6 43 14 39 18 48 9 . 15 8 11 5 17 22 . 37 30 42 7 13 35 . 40 16 32 
18 5 12 27 28 14 . 47 23 8 24 49 . . 38 . 15 . 39 . 20 6 34 . 13 . 31 32 43 4 44 3 9 2 33 36 46 48 41 . 10 . . 19 . 17 45 16 25 11 
39 41 34 . . . 25 46 . 37 35 . . 5 19 . 40 38 47 4 43 . 22 . 42 . 24 16 6 27 3 30 49 . 17 . 48 2 31 1 . 13 23 14 28 44 36 20 32 33 
30 20 19 46 . . 40 . 13 9 43 18 21 48 . . 26 . 28 . 12 . 35 6 45 25 33 50 . . 31 17 39 7 42 34 15 8 16 49 . 1 36 2 32 3 4 47 . 14 
24 32 . 42 . 49 3 34 12 31 23 25 11 . 2 . 44 . 16 47 . 4 17 . 21 . 20 43 15 48 6 . 40 50 46 10 18 36 9 39 . 29 5 33 14 . 27 30 45 . 
23 . . 47 7 22 . 21 33 . 37 1 8 6 43 32 . . 48 42 . 10 44 17 4 20 36 9 . 34 38 49 45 11 3 28 . 18 19 40 . 26 50 15 . 5 14 46 . 27 
45 21 37 . 47 12 13 . 39 11 . 46 4 . 44 19 7 23 32 17 . . . 15 2 35 . 29 26 . . 41 33 14 6 25 42 40 . 22 31 5 18 . 27 . 24 50 10 20 
11 39 14 40 33 . 45 15 32 5 12 28 . 23 . 31 18 41 20 29 44 . . 48 . 38 35 . . 43 13 34 42 22 50 . 4 1 37 47 . 27 . 24 30 36 . 7 6 17 
. 19 15 43 36 8 9 4 44 47 . 21 . 38 37 34 50 48 33 . 25 . 24 27 41 . . . 30 12 1 31 28 32 . 46 . 49 . 29 . 42 20 18 . 39 13 2 35 45 
2 44 . 5 . 46 . 11 4 . 39 36 27 26 8 37 20 14 . 41 50 31 28 16 . 12 34 49 32 . . 1 22 . . 45 17 21 48 23 25 . 47 . 43 30 42 13 . 7 
13 45 48 39 15 28 37 . 42 14 . 5 . 49 47 9 . 31 12 40 27 16 50 4 . . . . 7 10 23 20 43 19 36 3 25 . 32 35 22 . . . 33 . 34 41 8 6 
43 1 18 25 42 2 . 44 3 39 8 . . 21 . 38 11 4 . 32 15 26 49 35 . . 12 20 . 50 14 . . 13 28 . 31 22 27 16 34 . 9 37 46 41 47 33 17 29 
15 35 . 26 10 . . 27 41 36 44 11 13 8 16 14 39 49 31 6 . 30 . 28 50 34 . 23 38 . 29 47 37 3 48 33 2 45 . 43 1 32 7 12 . . 17 . 21 . 
3 7 . . 45 42 16 26 . 32 49 12 19 11 5 24 . 46 8 28 36 27 . 40 33 43 30 37 . 1 . . . . 29 35 14 9 6 15 17 44 34 21 . . 39 48 31 . 
. 30 29 17 49 23 24 . 26 28 14 9 2 . . 5 36 40 . 45 . 38 21 8 20 33 11 6 1 22 . 12 . . 31 43 13 27 . 41 42 . 48 50 44 32 . 25 47 34 
27 . 23 3 2 41 22 49 8 38 9 26 33 . 21 44 37 5 6 36 39 . 20 . . 17 45 30 47 11 50 7 . 25 . 29 . . . . . 14 19 40 1 16 46 12 13 24 
21 17 . . 30 . 11 . 16 35 34 13 . . . . 29 47 43 39 . 25 7 . 44 2 10 42 37 20 36 19 6 1 9 50 41 24 8 5 33 46 15 4 22 12 . . 23 28 
. . 21 11 50 30 49 1 48 12 42 17 22 . 28 6 13 8 . 44 34 15 36 . 46 23 29 40 27 35 . . 16 18 39 41 . 4 26 20 9 . . 31 45 . 10 14 . 5 
26 43 2 44 8 . . 14 36 . 40 20 37 45 12 49 46 27 . . 19 50 33 . 18 30 47 39 23 17 . 4 41 . 13 31 32 . 29 11 28 22 25 . . . 21 24 3 38 
