50
23 14 39 15 30 . 42 21 12 49 . 17 . 40 . 2 . 11 31 44 . . . 25 . 9 32 47 41 8 38 5 28 24 . 6 4 48 1 37 3 29 7 . 10 . 13 19 27 33 
7 25 40 36 12 43 41 . 1 27 46 4 44 31 14 35 33 . 16 49 . . 30 45 39 34 17 3 50 . . 9 . . 6 . 21 23 . 5 . 10 32 15 8 2 . 37 47 28 
. 42 9 2 19 22 . 23 33 50 35 20 . 47 30 . 38 44 17 25 37 27 48 43 . 32 31 5 4 . 8 . 36 12 41 . 10 21 16 . . . . . 40 39 11 14 3 45 
13 12 24 21 25 . 3 32 19 . 42 38 46 30 8 18 . 36 5 22 16 . . 1 26 . 37 10 40 4 45 . . 28 43 35 48 . . 29 47 7 . 17 . 31 27 50 . 14 
. . 49 . 35 3 44 . 4 30 17 9 29 5 45 12 31 21 34 6 . 28 . . 47 39 33 16 . 10 1 . 42 43 18 27 38 32 23 . 13 25 . . 24 7 40 22 . 11 
32 8 . 1 47 12 38 35 43 . 30 23 33 . 49 22 . . . 16 42 25 13 44 9 . 5 11 . . 4 26 37 6 . 2 7 . 10 . 17 50 . 34 3 20 29 28 46 18 
48 . 11 41 7 19 29 8 40 18 12 49 10 9 25 31 44 . 28 2 34 13 . 24 35 43 45 . . . 32 . . . . 1 33 17 14 38 46 37 . 22 6 15 26 . 39 . 
26 35 . 20 . 16 4 . 10 31 8 27 6 18 28 . 39 32 21 . 41 47 24 22 7 12 25 49 48 15 43 . 50 23 2 36 . 5 9 30 14 . 19 . . 38 45 . 33 . 
43 19 . 45 1 30 50 . . 10 49 6 . . 26 7 13 27 3 . . 34 39 37 2 4 . 31 28 11 . 24 40 15 33 41 47 9 . 35 42 5 38 14 46 . 16 32 . 21 
. 40 . 28 33 24 23 11 30 . 4 3 21 2 . 16 25 . 39 . 48 . 14 32 . . 47 45 42 . 9 17 7 34 37 29 . 10 31 19 . 27 44 41 5 46 . 13 26 49 
15 22 . . 46 . 5 13 . 43 . 19 . 21 40 26 28 4 47 . . 42 16 29 48 23 . 33 17 1 27 7 2 3 32 12 44 38 11 . 45 . . 9 36 8 31 24 10 . 
33 17 10 23 36 26 20 . 18 41 2 . 37 28 44 25 4 6 42 50 . 43 1 . . 16 11 19 5 . 29 34 46 . 9 3 . 7 47 . . 21 39 35 . . . 49 24 22 
. 45 . . 31 7 12 33 5 42 43 . 15 . 24 20 . 1 26 . 29 39 40 47 10 35 13 9 36 44 . 19 17 2 21 16 41 6 . 34 37 4 46 3 18 23 . . . . 
. 11 26 35 22 8 . 19 . 6 36 16 14 . . 38 29 33 . 9 40 1 . . 25 41 48 30 47 23 39 3 24 . 12 50 . . . 44 10 18 20 45 17 4 5 2 32 13 
40 . 16 12 32 38 9 37 . 13 27 34 11 . 48 36 . . . 45 25 50 17 18 15 14 1 28 20 41 . 42 23 29 . 46 19 24 43 47 4 . 22 . . 3 44 . 21 39 
19 3 44 10 . 13 31 18 45 . 1 33 50 43 12 . . 24 38 27 15 . . 2 . 7 22 34 46 26 . 28 11 14 . 20 40 47 30 6 . 42 9 29 . . 4 21 5 48 
36 49 42 . 28 4 . 15 50 39 25 7 48 23 33 6 37 10 24 13 3 2 22 31 38 21 . . . 12 . . 27 1 35 18 20 45 . 43 32 . . . 26 30 14 34 19 . 
2 13 43 37 15 33 46 36 21 34 38 29 22 42 41 10 3 30 . 39 . 16 . 50 . . . 40 19 20 28 27 48 26 . . 9 18 6 . 49 12 . 7 . . . 44 31 47 
38 29 34 . 17 48 . 30 49 32 . 39 . 33 . 50 16 . 7 . 43 35 47 28 24 . 12 2 27 22 44 41 10 . 1 19 . 20 25 26 36 9 13 4 42 14 15 . 40 . 
11 44 21 . 26 14 22 . 28 48 . 47 42 50 . 37 . 7 2 1 46 45 27 35 12 . 38 29 . 6 40 4 . . . 23 39 8 24 31 5 19 49 . . 34 10 15 43 16 
30 . 27 26 . . 19 . 35 16 . . . 4 47 43 5 42 12 48 24 . 29 9 34 . 10 20 32 2 33 37 8 25 . 31 46 1 44 18 50 23 . 36 45 28 22 . 7 6 
22 47 33 7 13 28 . . . . 21 48 19 46 5 9 30 16 20 . 2 17 . . 49 . 18 37 26 40 34 29 32 42 14 24 11 . 4 45 . 43 35 . . 44 . 25 41 31 
. . 1 3 2 42 25 39 20 14 . . 13 29 17 27 19 41 30 40 8 32 43 23 37 10 . 4 44 . . 16 . 48 49 5 . 22 15 . . 33 50 28 11 18 . 38 35 46 
. 37 . . 9 46 . 34 15 20 . 32 49 . . 28 8 40 18 47 31 . 41 . 42 2 26 27 22 5 17 48 12 . 23 . 1 13 29 14 7 . 3 10 19 50 25 11 44 35 
44 48 31 24 6 18 14 43 16 45 23 13 17 27 21 . 10 2 . 38 . . . . . 5 30 35 49 47 41 1 34 50 . . 25 28 7 22 19 40 37 8 39 . . 26 . . 
34 . 3 . 11 29 48 40 . 5 10 12 47 41 . 17 . 26 . 15 22 44 4 . 19 6 28 . 8 . 46 43 . 35 39 38 31 . 18 2 . 30 25 37 7 45 33 . 42 32 
5 2 45 48 . 35 30 . 17 47 29 36 . 10 19 . 46 . 40 41 . 14 44 38 13 24 21 . 16 39 23 31 25 49 15 34 32 . . 11 . 8 27 18 50 . 3 1 9 . 
18 34 19 . 21 9 27 10 13 . 48 24 20 49 15 30 22 35 4 . 28 23 7 . 5 46 . . 38 37 50 . . 45 . . 12 . 36 . 40 32 26 42 44 11 39 43 6 1 
1 . 18 42 5 49 . 45 46 . . 44 35 . . . 48 15 27 29 9 7 32 8 11 28 40 21 12 . 20 6 31 33 36 17 30 3 22 13 38 2 24 39 . . 50 . . . 
10 . 25 22 . 47 . 4 44 9 5 43 3 36 38 48 17 23 13 . 1 31 12 . 40 33 41 32 . 18 . 35 15 30 26 7 27 . 45 16 . . 2 . 20 42 46 8 . 29 
6 46 . . 29 10 49 . 25 4 32 41 23 44 34 24 18 3 35 20 . . 8 . . . 14 43 . . . 33 1 . 22 39 17 27 . . 31 26 12 21 15 48 38 . 28 5 
41 28 . . 38 45 . 9 . . 24 11 30 20 4 . 12 . 25 33 6 18 31 27 44 26 36 13 . 35 . 22 49 39 42 . 43 34 3 . 29 14 . 46 37 16 7 5 17 2 
9 23 47 31 4 . . 12 2 36 . 22 40 45 . 33 21 46 . 28 20 38 50 16 . . 24 42 35 43 . 10 . 7 27 11 37 . 8 3 39 49 15 . . . 19 30 34 17 
42 . 20 39 23 . 2 49 . 28 50 18 . 6 9 . 24 34 11 37 . . 35 26 21 44 . 15 1 . 47 32 33 . 45 . . 36 40 10 25 13 17 19 16 43 . 12 22 38 
. . 29 8 . 40 45 31 . . 16 . 34 7 27 . 15 . 1 . 18 41 . 11 . 30 . 14 37 25 12 . 39 32 44 28 26 19 35 50 . 24 36 38 2 10 21 9 48 4 
16 38 . 13 10 . 47 48 11 12 14 37 32 3 . 29 27 . 19 21 . 4 6 46 28 36 . 17 45 . 18 40 9 . 30 . 34 26 39 42 8 . 43 . 22 . 35 41 20 . 
46 31 7 18 24 . 13 2 3 33 . 45 . . 29 47 43 49 22 26 27 . . 12 32 8 35 6 14 17 10 39 . 21 40 37 . 16 . 48 15 . 23 11 25 . 28 4 . 30 
. 36 50 14 . . 8 29 37 40 11 26 9 13 . 3 6 19 . 7 10 30 42 17 18 . 27 . 15 16 2 . 43 38 31 . 23 4 12 46 . . 33 49 . 47 41 35 25 34 
14 30 4 49 40 31 15 46 41 21 . 10 . . 50 . . 39 . 17 26 8 19 5 3 37 9 7 . 45 36 25 38 44 20 . 28 43 . . . 16 . 24 27 35 . 33 18 42 
12 27 . 6 48 . . 22 . 3 19 15 . . 43 8 7 29 46 14 44 10 25 39 33 40 42 38 13 21 . 45 47 11 5 9 18 31 34 . . . 4 16 49 17 . 20 30 41 
. 16 12 27 45 17 11 . 48 22 15 1 31 . 32 40 2 43 . . 38 21 37 33 20 19 . 23 39 9 6 30 35 . . 8 . 50 42 49 41 3 14 47 . 13 34 . . 24 
. . 15 . . 2 28 27 23 38 33 46 41 12 37 19 . . . . 47 48 11 . 8 18 43 . 31 34 7 20 16 9 24 44 14 35 5 1 22 45 30 . 32 . 49 6 13 40 
8 1 35 44 34 11 . 5 39 7 28 30 4 16 18 49 42 48 6 24 13 33 2 20 . 31 . 26 . . 22 21 . 47 50 45 . . 32 27 9 46 40 . 23 37 17 . . 15 
3 18 13 38 . . 35 16 7 44 . . 39 . 11 45 . 12 41 36 21 24 34 15 23 . 8 . . 14 30 . . . 10 47 29 . 28 4 2 48 5 6 1 . 32 40 49 20 
45 . 5 33 . 23 40 . 27 1 7 25 26 35 . 32 34 8 36 . 39 37 46 48 6 49 2 . . 3 31 14 4 20 38 . 50 15 13 17 24 . . 44 . . 18 29 16 10 
39 24 . 9 . . 43 26 42 19 22 5 8 11 35 . . . . 34 23 12 . 41 4 48 46 36 7 . 3 2 29 27 28 13 . 40 50 32 44 31 10 30 38 . 1 . 15 25 
. 4 28 . 16 25 . 7 36 . . 8 . 19 3 41 . 37 32 30 5 26 . 6 31 29 . 24 9 13 35 38 . 46 48 15 2 44 . 40 21 17 47 23 43 22 42 27 1 . 
49 . . 16 . 32 24 6 8 . 40 31 12 34 7 . 23 9 50 4 17 . 28 . . 47 39 . 3 30 14 . 5 18 . 10 22 25 37 41 35 20 21 48 33 1 2 45 11 . 
25 32 41 43 50 15 37 1 . . 3 . 28 22 6 44 47 . 49 10 33 5 38 7 14 13 29 . 34 48 42 . 45 19 8 . . . . 23 11 36 . 31 . 40 20 39 . . 
35 6 . 5 42 20 34 28 . . 26 2 7 38 10 15 49 13 9 43 12 11 3 40 27 17 . . 23 33 . 36 22 . . 21 8 46 . 39 30 47 . 1 14 24 . 16 . 44 
