75
. . 12 . . . . 70 15 52 . 50 47 66 57 . 37 39 40 71 7 49 18 68 . 58 25 67 28 . 69 55 22 11 . 6 36 . 61 63 9 48 34 . 41 . 74 51 23 29 45 . 42 8 3 60 . 64 72 . 26 43 5 56 21 4 32 65 . 53 73 . 27 59 . 
58 26 60 75 . 71 14 7 4 27 31 47 13 . 35 . 65 24 19 . 39 12 64 28 51 33 70 8 38 63 67 . . . . 32 69 23 17 . 25 3 5 11 . 59 52 . 37 9 43 . 53 . 56 54 46 45 34 . 74 . . 10 16 50 68 . 6 40 72 2 . 55 . 
41 33 5 14 . 63 40 . 44 . 55 60 74 47 19 57 54 43 72 6 37 70 10 26 65 66 . 28 22 7 51 53 61 31 25 56 13 . 59 . 42 . . 38 . . 68 8 39 32 16 2 21 . 35 . 4 23 9 . 52 24 17 46 . 48 . 75 . . 30 27 . 49 3 
. . 22 25 1 9 . . . 8 38 48 . 34 . 18 66 . 59 60 64 23 13 75 15 11 24 46 54 . . . 40 20 33 45 44 70 3 52 . 31 63 74 14 27 53 39 35 62 36 7 . 28 . 2 16 42 37 10 56 32 41 65 12 . 57 69 . . . . 49 61 26 
30 2 68 51 25 50 . 22 . 24 39 . 6 58 40 . 70 23 9 44 73 . 32 . . . 47 33 18 59 75 60 17 74 52 . 29 42 41 . . 49 48 53 5 69 21 27 . 61 8 43 37 . 28 72 15 11 56 1 57 19 . 54 35 45 . 13 71 . . 64 55 . . 
37 4 63 . 2 . 51 . 40 36 . 35 56 . 50 52 19 73 48 . 25 59 62 6 46 . . . . 55 66 13 43 . . . 39 . 69 70 20 28 42 22 57 15 34 67 10 . 44 9 27 18 . 12 61 29 21 30 . 7 71 5 74 . 14 54 47 16 58 65 . 11 49 
. . . . 50 49 7 39 22 34 70 36 14 67 43 16 61 44 54 4 . 52 58 . 37 . 27 59 45 1 19 2 65 9 35 30 28 69 . 48 31 63 33 17 60 21 18 32 . 11 . 57 . 62 10 66 6 56 42 . . 46 . . 5 68 75 71 . 55 . . 26 8 47 
43 12 . 8 65 2 72 . 41 45 . 29 69 13 1 54 64 51 . . . 74 36 55 57 5 . 34 33 6 68 10 50 16 15 42 35 44 21 . 71 . . 73 25 48 32 30 27 49 23 38 63 . 24 . 39 18 4 67 . 14 . . . . 60 7 62 56 26 . 46 . 70 
34 15 30 16 . 19 . 54 1 . . 7 48 50 . 47 14 41 . 45 67 . 74 37 22 64 43 . 73 70 58 33 52 . 24 38 68 21 . 65 53 . . 75 71 18 49 . 12 . 3 56 2 . 4 . 20 10 29 6 40 31 13 61 26 36 69 46 . 62 . 8 . 27 17 
8 47 . 11 31 . 27 24 45 25 62 53 . 57 . 46 58 1 68 50 . 17 . 39 71 32 20 22 55 . 37 34 . . 48 16 9 56 18 51 . . 2 14 21 5 . 26 4 54 33 40 70 . 49 . 60 . 10 23 61 . 74 . 6 72 12 29 35 36 . 41 75 30 . 
75 14 40 . . 53 . 71 24 16 . 64 . 10 . 58 22 63 33 70 35 55 6 9 . . 48 17 7 32 38 44 13 25 3 . 42 49 4 26 66 . 28 67 . 34 20 72 11 57 54 19 69 52 . 37 . 12 27 46 . . 73 . 29 60 43 47 . . . 59 74 1 . 
38 . 27 29 42 . 71 48 50 72 2 9 . . 56 3 35 74 60 75 16 39 20 62 8 . 54 21 32 49 12 23 53 37 . 67 14 58 . . 4 . . 30 17 47 . 19 33 65 68 46 . 41 63 73 . . 66 18 6 10 . . 52 . 59 . 28 15 55 . 64 43 5 
73 27 71 . 39 57 . 8 6 68 . 55 28 18 69 64 45 3 44 12 . 21 52 29 61 . 49 . 34 20 2 31 24 41 7 19 62 65 . 23 . 59 16 42 . 22 33 . . 51 . . . 30 72 36 37 4 75 43 35 . 70 17 . 5 1 66 . 10 46 54 . 25 53 
13 5 67 32 . 55 47 31 66 23 65 63 37 51 17 12 60 . 22 54 34 45 19 2 26 28 . . 48 21 14 29 42 . 36 43 50 18 15 . 74 73 25 35 . . 9 20 6 . 61 . 59 40 30 . 75 46 8 68 16 56 38 . . . . 39 . . 52 . 7 62 . 
60 11 51 61 57 . 41 40 19 3 54 24 25 . 72 37 18 8 27 53 . 47 66 74 33 4 7 5 . . 55 26 . 22 56 68 . 32 20 14 . . 46 70 . 73 . 42 71 10 69 . . 15 . 75 65 62 31 48 . . . 64 28 . 35 6 36 . 63 12 1 44 50 
31 3 29 . 35 72 53 . 60 43 . 1 . . 38 30 . . 69 . 50 44 61 21 48 74 58 63 65 33 45 . . 15 28 . 64 66 12 55 . 25 6 13 23 . . 24 26 4 73 . 19 46 11 14 47 27 . 39 8 71 68 42 57 . 22 . . 70 . . 52 56 18 
15 48 50 26 10 16 66 . . 33 4 . . . 3 5 57 . 17 . 62 65 . 64 . 31 . 35 41 52 22 20 21 69 51 13 54 . 2 59 55 72 73 49 . 39 7 75 56 24 40 53 38 . 25 43 . . 11 70 32 6 8 . . 23 30 36 . 44 . 42 14 60 58 
25 42 1 58 20 34 43 . 7 54 60 65 30 16 26 22 63 . 3 72 . . . 8 52 49 . 50 . 35 . 12 9 71 37 . 4 11 24 27 40 68 15 . 51 29 36 5 . 38 . 45 . 23 67 19 . 73 18 31 62 . 44 . 70 . 2 59 75 74 . 21 . 46 48 
69 . 11 71 15 61 9 55 . 30 41 18 62 73 . 50 . 27 . 40 60 33 47 34 54 51 . 13 . 74 46 . 70 63 26 58 21 20 42 7 43 19 35 52 59 38 1 . . . 37 24 . . . 8 56 28 39 . 67 44 23 32 31 66 16 . 29 72 48 . . 75 45 
. 34 44 64 47 45 55 74 11 . . 23 . 37 . 20 75 38 . 24 . 30 . 58 16 54 . 72 . 17 53 . 73 . 60 . 2 9 43 41 32 50 22 18 36 1 6 70 3 68 48 42 4 5 46 51 12 . . . 69 62 14 66 27 71 33 61 49 . 7 57 . 35 19 
3 72 24 52 . 30 42 61 57 . . 25 . 75 47 2 1 69 64 35 . 50 49 . 20 59 . 54 . 65 48 4 . 17 22 34 46 62 63 36 28 . 18 5 55 60 70 7 . . . 21 11 10 . 32 40 41 73 74 44 23 39 . . . . . 68 9 37 33 51 66 . 
53 54 34 18 68 36 . 56 72 47 50 21 40 60 74 66 5 52 6 43 . 67 48 63 4 71 59 11 39 . 29 8 12 51 14 . 27 41 28 . 65 57 . 24 . 19 . 23 . . . . 75 3 20 . 9 69 . 7 . 22 31 49 38 55 37 35 . 32 70 61 45 . 30 
55 19 49 . . 4 18 21 73 14 37 8 43 . 39 . 25 . . 34 . 72 57 . 53 29 69 7 . 30 41 67 5 27 10 28 45 64 40 1 . 56 44 15 70 61 65 62 . . . 63 . 6 9 . 68 3 46 . 31 26 42 75 2 12 54 . 60 66 23 58 36 71 . 
59 32 72 38 64 . . . . 50 . 62 26 70 4 39 . 35 14 57 54 . . 27 . 56 61 51 69 . . 48 63 46 42 41 3 . 53 40 23 71 55 10 9 . 30 16 60 7 5 37 33 58 18 47 . 22 12 19 29 . . 15 8 25 52 . 44 6 66 73 11 21 . 
22 16 . 3 75 10 . 36 9 19 43 40 34 27 2 . 6 29 . . 23 60 . . 59 69 . 14 15 11 . 58 . 42 . 5 70 30 71 . . 54 47 . 24 7 50 18 68 1 67 33 . 38 62 65 64 55 32 . . 35 61 51 53 46 . 31 8 52 . 48 63 26 20 
9 46 36 19 73 40 6 75 . 71 12 . 18 3 49 74 . 57 20 . 41 15 29 38 28 25 26 . . . 72 11 39 32 50 69 56 35 . 5 51 30 59 . . 54 . 68 . . 66 23 52 42 34 . 1 . 55 22 10 . . 43 58 37 63 62 . 45 64 7 47 67 33 
4 . . 27 . . . 38 47 75 66 74 24 7 44 . 43 . 11 . 53 54 39 42 6 . 37 . 62 . 25 . 33 68 32 . 65 40 30 50 70 14 20 41 . . 56 . 5 55 . 12 22 71 31 28 58 51 63 16 73 . 29 8 23 1 48 34 45 . 3 . 60 69 59 
42 38 18 . 70 60 73 68 . . 22 . 61 . 48 59 . 40 49 . 31 56 35 . . . 72 24 19 3 44 . 6 2 . . 12 . 66 . 62 9 41 45 . . 54 55 43 58 57 . 71 65 21 64 10 47 . 75 1 13 50 29 . 17 11 51 25 67 28 23 37 32 34 
18 28 23 66 74 58 33 . 39 . 44 26 49 62 . . 71 . 7 . 70 73 51 36 . 19 . 12 75 13 43 . 30 53 41 46 61 3 . 10 67 64 4 34 47 . 29 . . 48 27 59 55 69 . 40 35 21 24 65 60 9 37 . . 2 20 . 52 . 31 5 8 38 6 
50 69 45 43 54 42 . 62 53 22 16 10 . 71 21 60 15 9 . 68 51 . 44 . 23 72 38 55 37 31 . . 14 7 17 8 74 47 64 34 48 . 58 3 . 63 67 29 18 27 . 1 35 59 57 46 13 . . 66 . 36 . . 40 75 70 73 2 61 32 . . 39 . 
47 . 9 45 34 . 39 65 5 21 27 . 35 . . 56 . 54 13 41 11 37 . 12 64 . 23 42 . 61 26 74 69 43 . 29 19 72 55 25 3 . 40 59 . 24 63 28 32 71 46 36 1 7 50 67 . 15 . . 51 17 10 . . . 73 . 33 18 14 6 31 70 62 
17 1 58 56 23 41 . 10 . 2 9 49 12 . . 68 74 71 29 . 14 . 11 16 40 43 13 73 47 5 . 7 26 64 4 51 37 . 44 30 . 52 . 25 31 57 . 48 21 66 63 32 . . 70 53 . . 50 8 54 42 . 67 . 33 15 60 24 . 65 18 . 6 69 
. 31 . 53 16 7 . 37 48 55 33 56 17 . . 35 . 6 5 27 20 32 14 23 73 2 4 1 49 69 65 19 46 58 . . . 54 25 60 61 . 9 12 42 . . . 72 43 70 50 . . 39 29 . . 62 41 15 57 59 3 44 52 45 40 34 8 . 47 28 10 11 
. 8 21 9 38 28 54 . 43 56 . 41 . 5 . . 39 . 51 . 18 3 50 32 . . 60 19 52 36 23 49 4 . 11 26 . 29 33 44 72 . 68 . 73 64 45 66 2 6 . 17 61 48 13 62 55 30 57 71 34 . 46 53 65 7 40 24 . 58 67 75 16 . 10 
. 44 38 . 26 . 31 53 68 73 . 32 11 49 52 75 . . 36 46 59 58 41 . 55 7 . 66 2 56 . 25 54 24 57 23 . 22 . 15 37 . 8 65 63 . 14 4 1 45 18 69 10 60 . 42 19 13 35 3 28 12 . 47 . 9 . 70 30 64 51 . 72 5 43 
46 63 65 36 . 3 . 26 75 74 . . 44 4 6 32 68 28 15 25 29 1 40 49 13 . 50 16 23 . . . 45 34 . 31 . 24 48 . 39 42 7 . 27 . 19 64 52 56 30 72 5 73 . 20 . 59 69 . 38 . 55 9 71 67 . 53 18 . 11 60 10 . 37 
12 45 . 62 . 8 22 66 64 26 . 39 27 14 24 70 17 11 . . 61 6 75 30 3 48 33 . 58 . 18 42 . . . 15 49 16 . 67 52 . 38 36 43 53 60 41 . . 32 . 46 25 . . . 57 5 13 9 50 65 44 51 40 55 4 19 1 29 74 23 72 21 
23 60 48 42 36 24 70 . . 37 14 3 . . 18 . 56 5 . 62 52 68 . 10 69 6 73 40 . 41 . 59 44 12 . 20 57 . 49 8 63 . 1 29 50 32 . 21 . 34 . 26 13 . 19 38 . 43 7 15 71 67 47 16 25 39 4 55 . . 45 28 2 58 . 
44 35 33 49 19 59 46 52 . . 45 54 57 74 60 67 32 . 70 . 71 . 38 . 9 23 65 56 . 22 40 14 66 . . 12 15 55 7 2 . 69 26 68 64 50 . 36 . . 24 62 73 21 51 . . 37 13 72 18 39 48 1 63 30 . . 53 43 . . 58 41 75 
1 74 26 37 . . 21 9 42 . 20 . 41 29 54 36 72 32 38 67 27 . . 60 . 34 . 10 17 . 70 69 57 47 5 24 75 43 . 39 . 13 3 . 46 66 62 63 45 . 6 18 58 64 52 30 28 8 23 61 4 . 7 12 . . . 44 . 50 . . 35 19 14 
52 50 . 22 13 32 11 16 . 60 53 6 54 . 67 . 8 45 58 23 . 51 5 65 1 62 66 . . 72 71 . 55 . 19 . . 63 . 43 7 38 56 37 20 49 73 . 46 . 29 34 30 70 64 59 27 . 15 35 . 3 . 33 68 10 61 28 42 48 39 36 44 . 12 
70 64 47 68 11 20 75 3 . 32 51 52 10 55 15 28 62 49 25 16 . . . 73 14 65 5 . . 29 36 50 60 21 . 37 40 . 58 53 41 . 39 33 . 17 59 74 . . 19 22 8 66 . 61 38 1 71 . 27 . 43 . 42 56 46 23 72 . 24 45 13 . 4 
. 25 . 55 40 11 15 35 70 7 5 31 60 30 42 29 . . 12 32 13 18 3 59 39 . . 61 . 10 62 46 51 45 49 2 16 33 . . 34 53 . . 52 . 24 9 69 23 . 44 43 75 58 4 71 38 20 . 63 66 . . 67 8 74 . 41 57 19 26 54 73 . 
. 22 35 47 66 . . 6 74 58 1 43 38 15 14 . 67 60 62 21 46 28 33 5 24 . 8 52 72 48 . 63 . . 59 4 . 19 54 29 10 11 61 16 56 25 40 . 64 26 2 . . 45 53 . . 9 . 32 17 51 18 30 . 20 . . 57 69 34 31 42 3 55 
20 . . . 28 38 12 46 59 . 25 73 75 26 . 71 . 21 23 . 63 14 . 22 50 57 40 49 68 54 6 . 32 36 69 9 . 8 1 19 . . . 7 44 2 51 33 70 16 34 60 66 . . 58 52 17 3 . 64 72 15 24 18 74 13 . 11 42 43 4 62 29 . 
66 . . 2 37 65 . 47 . 4 . 12 3 72 33 61 41 . 1 7 38 46 24 43 32 22 28 30 51 15 10 45 . 23 55 . 26 . 60 13 16 35 70 . . 56 . 6 62 67 14 . 36 74 75 . 34 50 . 27 11 73 49 31 . 29 5 21 63 59 42 . 71 . . 
. . 7 70 27 1 50 4 14 . 18 66 2 21 23 . . 34 . 22 . . 8 . 12 37 44 . 42 53 15 . 67 57 58 . . . 35 49 45 6 10 55 29 52 46 71 36 30 25 41 32 39 43 . . 16 38 69 20 74 . . 47 64 26 9 31 73 68 11 65 . 54 
74 70 37 . 58 14 67 23 8 . 64 . . 44 . 53 . 59 30 . 26 69 . . . 75 11 . 25 19 7 71 68 55 63 . 60 12 52 61 50 4 36 6 45 13 2 1 29 . 42 27 24 . 47 22 41 20 16 . 72 21 40 48 56 49 . 33 65 28 35 17 . 34 . 
51 . 10 33 46 . 37 . 52 . 42 27 32 12 7 . 44 . . 29 55 5 34 15 60 73 53 20 31 45 4 43 58 61 18 21 41 2 38 17 24 47 . . 68 . 75 . . . 72 35 67 11 74 56 36 71 28 26 . 49 . 70 . 63 6 14 40 13 . 9 3 . 57 
. 6 . 73 7 29 38 44 . 66 26 19 33 17 . 24 69 31 32 56 21 . 9 . 58 20 45 62 8 . 52 . 11 49 53 72 63 71 . . 46 43 . 39 61 51 . 57 55 14 . 3 54 . . 50 48 34 64 42 59 30 22 35 36 47 18 74 . 5 40 1 . . 23 
26 17 46 57 21 70 . 59 12 61 11 51 67 32 13 45 . 72 4 33 68 71 . 66 . 55 9 64 16 . 8 5 41 1 . 40 . 52 14 . 54 10 . . 39 74 . 15 44 19 60 . 56 . 6 35 . . . 73 . 34 . 37 62 42 31 30 7 23 20 63 29 . . 
. 7 16 63 60 6 34 . 2 15 32 42 . 35 70 55 28 . . 59 58 61 . 69 . 8 67 57 . 44 . 21 10 52 31 3 11 37 75 22 5 . 13 56 33 . . . 49 47 51 73 64 . 41 9 66 . 45 62 48 29 72 . 46 . . . 17 38 54 43 19 12 . 
. 61 64 67 33 18 . 17 . . 46 68 . 1 73 27 2 20 52 42 . 11 4 19 43 24 . 38 74 16 . 41 7 8 13 55 66 59 22 3 57 . 12 . 10 . 28 53 65 37 62 25 . 49 23 . 21 . . 36 70 . . . 75 15 44 26 48 . 9 72 32 . 51 
29 . . 41 59 51 49 13 28 35 . 11 71 43 . . 73 25 45 19 9 2 . 4 70 46 . 65 21 . . 72 38 . 62 48 23 57 5 68 18 24 64 . 34 10 47 3 40 . 52 . . 56 1 16 74 14 33 55 . 60 6 50 37 . 7 8 58 63 . 32 30 . 44 
. 23 53 . 52 68 17 67 35 63 28 34 51 65 9 73 . . 41 3 72 42 . 46 62 . 32 . 44 . 47 54 19 4 74 . . 13 50 66 . 61 43 20 69 . 48 . 75 15 39 71 12 31 5 27 7 . 59 37 30 64 . 6 10 11 . . . 2 8 . 70 14 . 
. . 42 . 69 26 20 49 3 40 48 17 . . . 62 . . . 58 57 16 22 53 63 39 68 . . . 59 51 56 6 . . . 28 46 35 1 55 . 72 15 44 38 . 74 50 75 13 65 29 61 41 5 2 30 14 66 33 21 45 43 54 23 32 67 47 60 25 . 64 . 
49 29 32 20 24 . 26 14 . . 34 72 . 68 41 43 . 62 39 30 65 64 54 17 . 38 75 27 60 . . 28 . . 1 10 18 74 . 33 6 22 53 57 35 45 55 47 9 . . . . 16 . . 31 66 . 12 2 70 25 21 7 61 58 19 23 46 71 69 4 52 13 
65 . 14 7 72 . 4 60 . 46 29 38 21 . 71 10 52 . 43 73 . 25 15 51 . 67 . . 3 26 35 16 27 50 40 . 1 . 37 6 59 36 66 31 11 68 12 34 57 28 74 48 9 32 . . 23 24 54 2 . 58 64 . . . 8 63 20 41 62 . 33 17 . 
11 40 56 60 . . 10 19 23 . 63 . 15 . 34 9 31 2 . . 22 . 55 72 7 26 17 . 13 4 . . 16 30 71 39 . 73 47 42 21 62 . 8 . 75 64 61 . 33 20 74 . 14 69 18 29 35 . 57 12 37 58 . 32 28 51 43 66 . 27 70 38 45 68 
61 10 6 69 29 74 30 28 38 . 13 . 42 54 16 . 46 47 55 51 . 41 71 . . 17 34 70 9 . 64 36 . 39 65 . . 50 19 . . 58 75 43 1 23 5 45 31 8 59 11 3 . . 49 26 . 53 20 68 . 35 40 60 21 67 56 73 37 . 52 66 . . 
71 41 19 50 43 47 1 51 20 49 15 57 46 33 . . 12 61 . 64 17 . 53 . 66 . 55 6 70 8 28 . 23 . 39 22 5 . . 32 . 29 65 63 26 31 44 40 14 . 21 . . 13 73 48 30 74 2 . 45 68 27 . 3 59 . 58 9 34 . 56 69 4 72 
2 53 . 72 . . 29 64 58 38 . 30 16 40 66 48 3 56 . 36 15 19 . . . 61 51 43 . 62 73 . 34 5 44 50 32 . 45 18 68 8 52 . . 12 69 35 42 46 22 65 39 . . 25 14 7 6 63 33 . 54 20 24 70 71 . 59 26 57 10 41 . 28 
56 59 52 54 48 67 . . 18 12 49 75 20 69 28 14 42 65 . 13 4 8 46 45 . 21 19 25 43 60 31 62 37 73 . . . 26 . . 30 2 . 71 40 . . . 41 74 . 15 6 34 29 10 44 72 . 5 55 27 3 7 . . . 64 39 24 . 53 61 . 32 
68 . 43 . 62 . 2 15 71 70 21 . 66 . 63 8 40 14 37 61 36 34 59 35 75 27 16 . 4 18 . 1 3 72 23 52 . . 10 46 58 67 . 50 65 9 17 . . 44 26 6 20 53 45 . 73 . 41 47 42 . . 74 39 13 19 22 54 12 49 55 . . 31 
19 57 . 34 45 46 44 1 . . 67 61 72 2 . . 59 12 18 . . . 70 . 29 15 31 47 20 71 32 3 36 . 9 11 73 . 6 21 27 74 69 60 . 37 4 . 8 22 . 58 23 43 14 55 . 5 40 . 49 . 63 39 30 16 . 41 26 . 33 35 50 68 42 
. . 62 44 . 12 8 . 29 10 30 . 23 . 5 13 7 18 . 63 45 . 2 57 67 41 21 15 64 58 56 38 25 . 70 27 48 . . . 69 1 14 . 54 4 . 37 61 17 35 28 . 9 42 52 22 49 68 . 19 47 20 73 55 31 . 72 3 75 53 . 24 16 65 
72 . . . 5 75 32 50 26 9 36 71 22 . 8 6 49 7 47 . 69 57 37 44 42 68 18 41 63 66 1 . 62 . . 35 30 . 23 74 64 34 51 . 28 3 39 12 24 73 55 . 14 17 . 15 25 54 70 45 58 . 52 . . 38 . 48 43 . . . 59 13 60 
62 20 . 10 53 54 24 72 56 57 74 4 . . 55 65 36 . 63 2 . 9 26 1 . 40 30 . 66 . . 39 . 14 . 75 58 6 . 12 8 . 45 . 37 11 . 13 73 60 47 5 34 50 33 23 . 48 . 49 43 69 51 59 17 3 . 52 38 21 25 68 22 18 29 
7 24 61 . 44 . 19 . . 69 59 . 8 11 45 . 16 26 46 55 43 22 21 18 34 42 62 37 12 40 9 . 35 . 67 . 20 38 39 54 75 32 31 4 3 . 27 2 47 52 64 70 51 33 68 71 53 . . 60 . 63 56 41 14 . 49 57 . . 1 15 . . 25 
. 9 69 . . 5 16 . 13 . 24 37 45 63 36 . 51 17 26 11 1 62 56 . . . . . . 27 54 73 . 60 30 47 33 15 34 38 14 7 29 2 75 67 . 50 20 3 41 55 74 68 22 70 32 53 . 58 65 28 19 . 48 44 66 . 61 49 21 . 12 57 71 
39 37 57 15 49 62 52 . 51 67 . 33 65 22 12 19 . 36 28 69 44 . 45 . 5 . 2 58 35 64 63 61 . 10 . 7 55 68 8 . 56 40 74 46 53 43 . . . 75 . . 18 54 32 11 . . 60 9 . 38 4 14 41 24 . . . 20 50 13 48 47 73 
. 55 39 . . 56 28 5 32 29 73 . 53 64 11 49 33 30 34 26 12 . . 20 47 1 46 69 59 23 50 22 8 65 16 14 72 7 . . 2 15 . 19 6 70 10 . 13 41 . . 44 . . 21 45 . 17 52 . 61 60 25 54 62 38 3 27 . 74 37 . 42 35 
5 36 73 17 12 35 45 41 67 . 52 . . 39 31 23 . . 42 66 10 . 43 11 2 3 57 . 30 47 34 18 49 62 . 71 . 48 32 64 19 46 . . 16 33 72 . 63 59 . . 28 51 38 1 50 44 74 54 37 55 9 69 . 27 . 15 14 . 4 24 . 53 . 
32 . . . 22 . 35 63 36 44 58 . . 61 68 15 23 66 74 49 3 43 . 67 41 70 6 45 24 25 . 27 64 29 46 54 52 . 56 . . 17 . 28 8 55 42 14 50 21 31 10 62 . 71 . 59 65 . . . 20 33 18 73 . 34 2 69 . 75 38 5 48 16 
35 . 8 4 . 48 61 73 . 28 40 . 55 . 64 1 26 19 2 14 6 . 72 . 17 . 56 71 5 . 27 68 59 38 43 53 . 10 36 45 60 75 . . 66 42 41 54 30 . 13 16 . 63 15 31 57 70 . 24 . 25 . 11 33 34 47 37 12 65 44 22 . 74 46 
