75
14 44 54 43 . 22 74 46 . 56 66 73 28 15 23 . . 45 . 65 38 61 17 19 55 . 13 52 26 62 12 35 37 16 . . . 60 57 2 29 64 49 40 59 69 71 . 58 . . 36 24 5 . 7 25 39 . 53 10 3 . 20 68 . . . 42 18 48 30 27 6 75 
. 49 66 38 57 52 65 51 58 6 30 27 47 19 1 . . 74 . 20 3 12 . 17 . . 29 75 16 4 . 10 42 . 61 56 . 5 18 41 21 15 24 2 50 36 . 40 . 44 . 45 54 33 37 . 35 67 8 63 64 70 39 46 . 72 23 . 25 . . 22 32 43 9 
49 . 33 6 . 19 68 . 15 . 44 67 56 . 7 27 70 . 75 64 43 13 41 . 17 45 73 . 20 9 . 52 60 63 . 61 1 11 26 35 31 21 . . . 55 36 24 . 39 62 58 59 65 48 72 71 50 12 10 42 40 54 8 . 22 51 . 37 38 . 53 . . 4 
38 63 65 11 59 58 61 6 . 9 42 30 18 . . 45 36 49 . . . 21 . 70 72 53 67 . 32 . 75 1 34 25 68 39 56 . 5 64 41 47 28 23 . 74 . 66 . 26 40 14 4 . . 54 48 44 31 35 50 62 2 29 8 10 . 16 55 15 . . 19 . 3 
. 64 30 67 . 21 51 32 53 . 14 70 69 . 52 11 54 16 24 27 . . . 49 62 . . 19 . 60 3 . 74 7 . 17 28 . 10 22 39 31 1 72 58 5 34 26 . . 12 37 42 50 . . 45 38 . 20 . 36 75 57 33 13 29 47 41 2 35 40 66 4 61 
63 30 34 70 3 53 71 31 . 14 . 13 . . 4 . 7 5 67 25 6 58 55 12 . . 17 60 28 19 . 39 62 . 16 35 33 42 50 18 73 . 59 44 . 56 . . 32 69 72 . 36 68 11 64 38 . . 26 27 21 74 40 57 61 . 23 10 45 65 . 9 37 . 
10 . 27 3 42 44 67 52 . . 4 60 24 35 57 . 19 69 46 29 . 72 . 47 . . 14 . 74 . 1 75 64 33 12 50 58 . 45 . 7 13 16 51 49 70 15 62 59 61 53 . . 40 . 48 56 30 39 . 37 . 34 . 31 11 28 71 73 6 . 9 18 55 23 
. 56 . 74 49 . . 21 75 65 12 15 43 14 8 26 66 . 28 39 19 37 10 40 . 52 72 7 17 . . 57 71 51 32 . . 44 64 . 61 70 18 27 . 41 47 . . 30 33 50 5 45 36 59 22 9 25 . . . 53 11 55 42 60 29 58 1 38 . 20 3 73 
30 36 . . 39 66 37 12 . 42 64 3 31 58 . 61 65 17 47 59 60 53 1 54 2 6 . . . 49 20 55 35 44 40 27 62 . 19 8 46 . 73 14 25 23 56 57 . 72 7 9 . . 33 43 . . 67 52 34 74 . . 18 51 5 28 38 68 24 48 16 . . 
. 68 70 . . 65 59 11 62 73 . 7 72 33 44 58 46 1 53 40 35 71 56 . 69 38 43 20 . . 47 13 55 30 . 48 34 8 . . . . 51 26 24 . . 32 . 22 . . . 21 . 10 . 36 19 37 39 6 64 14 66 54 27 25 49 12 67 61 28 60 57 
72 20 62 25 . 18 55 58 28 . 50 34 54 57 69 8 47 11 30 10 29 . 42 37 56 . 71 . 64 38 . 68 26 23 1 66 45 . . 74 17 . . . . 75 61 70 60 . . 35 33 15 12 21 16 51 . 44 6 . 67 5 32 31 49 59 9 . 36 4 48 2 . 
. 53 45 55 61 . 64 75 35 70 19 . 41 74 71 . . 58 16 46 49 4 . 21 29 3 33 25 2 18 9 . 27 36 15 65 52 67 . 26 22 7 . 56 . 37 . 31 . 54 28 48 30 6 57 69 51 42 73 39 5 8 10 . . . . 38 60 62 . 24 13 . 47 
39 45 3 28 10 73 36 64 . 26 47 35 65 4 . 42 34 . 58 32 5 . 18 9 11 1 52 6 57 41 16 70 25 13 30 24 . 74 17 21 . 67 . 8 27 . 62 69 . 31 . . 2 75 54 . . . 23 19 14 . 48 71 . 20 12 40 46 . . 38 . 61 49 
5 . . 34 23 9 26 . 19 66 68 54 10 48 . 21 16 7 . . 71 43 70 32 . 57 27 62 . 13 18 61 17 24 2 . . . 11 60 14 41 37 46 36 65 72 3 38 52 49 59 . 47 40 . 58 . 29 75 . 69 . 30 25 56 4 73 6 74 . 39 64 . 55 
8 . 17 . 14 11 2 . . . 5 25 6 52 . 39 67 4 59 34 48 46 22 72 . 60 41 10 . 21 . 51 . . 47 49 54 3 69 58 74 37 45 . 32 53 27 28 40 55 73 . 57 . 43 44 1 26 56 50 38 63 36 . 7 . 42 . . . . 64 15 . 13 
71 51 60 . . 27 . 17 . . 40 48 12 43 68 . 24 14 22 26 62 . 39 53 4 20 6 32 65 50 . 8 63 55 36 . 30 37 67 . 35 66 5 9 74 7 42 . . . . 28 16 . 13 2 10 . 45 3 29 73 57 19 38 41 59 56 . 70 31 . 72 . 64 
75 . 23 . 55 10 . . . . . 63 . 31 40 . 68 36 4 21 24 . 15 . 39 . . 74 11 37 17 7 28 53 . 32 61 58 1 48 67 38 . 65 2 49 70 29 26 41 42 34 14 13 59 6 . . 50 69 46 54 8 12 64 35 44 30 56 43 72 . 22 73 20 
16 38 36 56 . 14 . . . 60 11 74 53 2 . 62 25 26 . 42 . 8 3 . . 64 40 15 61 12 43 54 . 9 35 22 67 41 55 66 . 58 4 52 44 72 5 . . 46 13 10 34 18 75 . 50 20 59 6 51 49 19 48 21 . 73 37 . 71 29 . . 65 17 
. 55 21 62 1 15 3 53 31 72 7 23 . 10 . 68 73 75 . 6 67 . . 51 30 48 45 26 8 64 60 14 41 47 19 12 57 25 56 . . 46 . . 11 17 . . 5 58 . 52 . . 9 29 61 16 . 54 18 37 71 42 70 . 38 33 20 . 27 63 36 39 34 
. 35 . . 48 . 57 2 27 61 . . 58 . 62 24 10 8 55 47 44 52 20 64 19 21 37 36 13 . 70 71 31 15 . 72 60 68 9 5 59 . 23 . 46 . 16 65 33 56 . . 38 34 3 25 . 66 . 42 . 17 50 73 69 . . 63 45 11 1 75 40 . . 
59 13 69 41 . 47 63 . . 39 . . 74 26 54 . 30 23 . 8 51 33 64 14 25 70 19 4 6 29 73 9 . . 37 44 21 . . 12 2 27 36 28 45 48 68 56 75 65 32 72 43 62 53 3 34 10 . 58 35 . 16 . . 1 . 67 57 46 20 7 50 . . 
69 . 41 52 22 68 47 56 44 21 16 19 33 73 27 51 38 30 31 17 15 5 . 50 45 42 64 . 34 54 14 2 8 . 57 . . 20 74 7 . 72 10 . . 24 . 13 1 35 6 . 37 61 . 53 75 58 . 11 . 26 . . 63 62 18 . 48 . 66 . 4 9 71 
13 34 44 39 . 64 . . 37 . 46 72 62 21 . 41 55 . 26 11 27 36 25 42 . 32 60 65 . 58 53 . 49 70 52 . 18 38 3 40 12 . 29 67 . . 2 14 17 45 23 74 8 . . 22 . 56 . 71 1 68 5 . 4 . 50 31 43 7 73 33 . 24 19 
20 . 67 . 56 32 . 63 71 15 9 55 73 46 12 31 . 43 66 57 17 28 . 60 13 . 23 70 . 45 30 62 . . 39 16 38 34 . 53 5 . 52 21 37 6 50 49 51 . . 3 72 25 26 75 . . 64 8 54 10 14 58 35 2 48 4 . . 33 27 1 41 . 
40 58 74 . 66 54 28 69 72 36 53 14 51 42 16 32 61 . 18 56 . . 21 23 59 13 2 29 75 71 31 47 . . . 30 . 63 . . . . 20 41 60 . 3 . 37 . 25 1 . 46 5 35 52 73 24 . 45 44 9 49 39 15 8 . . 64 17 26 12 7 . 
51 9 28 10 16 . . 40 . 8 27 1 . 7 . 33 . . 13 54 11 62 50 46 67 41 . 12 5 59 45 53 73 . 69 4 70 15 75 72 . 34 . . 48 2 21 17 23 43 36 22 . 66 . 68 37 52 14 64 49 . 38 31 47 32 . 42 71 29 . 55 . 18 . 
61 . 63 72 46 16 12 4 51 47 29 . . 49 9 60 13 18 . 22 . . 34 . 36 . 56 68 54 74 55 40 58 . 33 . 32 . . 65 . 20 . 59 8 71 66 1 27 . 38 67 3 . . 14 39 35 11 30 . 25 21 . 5 43 52 48 2 23 41 15 . 69 28 
. 3 . 20 . 75 4 70 74 40 60 51 66 27 33 23 50 37 14 . 32 2 . 11 5 25 46 . . . 28 15 . 56 48 71 59 . 39 10 . 62 8 35 69 . 57 18 . . 21 53 6 55 34 24 31 12 13 . 41 58 30 7 36 . 17 61 . 44 19 43 . . 1 
43 60 . 27 47 51 52 . 36 30 . 42 9 64 25 73 37 70 72 33 14 . 67 13 28 . 57 69 3 7 50 49 20 . 8 41 17 2 . 1 . 45 22 75 40 . 38 34 74 59 . 65 10 . 15 . 66 . 62 . . 23 . 35 19 . 31 68 . 4 21 6 56 . 5 
26 5 53 45 13 23 43 . 42 35 . 75 25 . 72 . 1 . . . 46 . 19 62 15 27 65 31 55 24 40 22 9 52 . . . 33 66 61 48 69 12 4 70 47 . . 30 57 39 8 . 51 7 63 20 59 28 67 71 . 29 32 34 37 6 54 . 14 56 74 . 21 . 
11 1 39 48 . 71 50 . 38 49 . . 61 . 41 72 6 33 2 12 75 9 36 58 52 73 68 3 . 44 35 42 53 . 7 14 66 . 70 19 26 . 67 . 62 31 . . 4 . 30 27 46 60 64 51 57 32 22 24 . . . 34 13 . 20 . 28 8 47 37 74 56 54 
54 . 51 31 43 34 66 . 70 33 . . . 50 13 12 . 68 49 7 45 59 . 2 . 35 . 41 53 56 26 72 1 67 17 . 29 71 . 4 . 22 . 24 63 40 23 37 62 14 20 61 15 . . 55 8 46 48 21 74 28 47 . 75 16 . 65 19 . 52 60 73 64 25 
15 71 35 57 38 6 32 72 2 29 36 . . 55 48 . . 62 20 30 9 . . . 53 18 12 1 47 66 44 41 70 . 58 26 . 69 16 . 34 . 61 37 33 10 4 . 65 3 75 42 25 28 73 45 21 . 63 43 . 31 17 54 23 . . 11 8 27 13 . 46 74 . 
17 . 19 35 72 39 . 43 45 10 25 61 64 75 . 63 . 44 6 . 65 73 8 5 9 22 . 50 46 . 49 . 30 40 . . 47 . 71 11 4 74 57 3 55 13 67 41 31 . 29 21 23 52 . . 36 54 . . 12 60 7 59 . . 15 24 18 . 69 1 70 53 51 
66 28 . . 36 2 . 41 4 . 51 46 5 32 17 48 39 19 50 . 26 55 6 . 1 16 10 14 31 . . 67 18 69 . 57 . 23 . . 47 . 40 25 64 27 13 74 45 . 44 30 21 11 68 . 24 63 70 56 61 75 73 43 59 49 62 . . 33 9 34 60 . 29 
37 41 72 . . 8 39 68 5 58 43 . 49 20 . . 44 42 64 . 7 60 23 36 57 50 . 45 . 53 24 73 51 3 10 67 74 . 13 29 15 6 38 66 12 4 69 25 . 47 46 31 . 19 . 18 11 . 26 . . 34 28 62 30 14 . 55 75 . 32 71 63 . 48 
52 . 5 . 33 72 . 8 23 . 57 41 . 30 15 . 43 . . 31 53 40 . 61 16 51 36 49 60 22 67 . 54 29 6 11 19 21 34 71 58 . 70 13 26 1 . 2 . 10 3 46 73 . 32 . 59 65 . 74 66 4 63 55 24 . . 20 35 50 39 17 69 48 45 
. 47 59 32 . 5 75 23 73 4 56 6 63 61 66 34 . . 27 24 64 49 . . 51 15 31 67 10 . 39 20 . 68 50 . 69 18 7 3 71 53 35 16 14 30 . 36 9 40 74 57 44 . 62 28 41 25 43 45 2 . . 52 58 . 46 8 13 . . . . 11 21 
27 67 . 64 . . 69 66 3 . 65 . 45 . . 13 . . 32 1 59 48 . 75 37 24 58 47 41 . 10 74 14 12 23 52 . 53 21 15 43 4 30 33 . 73 25 22 7 50 16 62 17 . 19 . 63 . . 28 . 18 20 44 2 29 34 46 72 5 60 . 35 70 8 
36 4 29 19 62 . 15 . 34 2 45 . 26 24 51 44 35 20 73 . 61 . . 74 . 54 9 . . 3 . 46 66 39 55 18 13 56 40 27 . 57 42 5 31 . 10 75 70 . 58 . 60 69 . 1 . 37 68 33 . 38 6 28 48 63 71 . 12 17 22 65 . 72 50 
33 57 49 26 34 63 8 18 . 27 . 50 11 . 39 43 60 21 41 . 12 . 66 . 48 58 30 35 23 . 71 . . 72 . 38 . 75 47 . . 42 55 . 20 54 45 5 15 37 69 25 . 2 52 74 . 1 36 7 19 46 4 51 . 28 70 . 24 61 64 31 44 13 53 
. 37 25 8 70 . 46 44 10 52 72 2 . 34 55 50 . 41 7 49 16 19 38 26 21 . 24 61 35 11 27 . . . 22 51 31 14 63 68 54 48 . 12 1 . 58 23 57 36 66 . . 4 . 9 65 . 71 . 17 . 45 18 40 5 . . . 28 53 47 62 15 33 
. . . 71 31 48 29 50 61 62 2 . 22 63 10 . 17 . 34 70 42 . 5 73 46 . 75 . . 43 65 56 . 1 4 69 8 . 68 44 51 36 3 55 23 . 14 20 72 12 . 40 . 16 . 27 53 19 57 60 9 7 52 24 . 18 66 64 . 54 15 59 . 26 . 
21 29 . 42 4 . 40 30 7 5 . . . 12 . 9 52 46 51 44 . 67 32 . 58 17 16 39 24 15 8 . . 41 53 25 10 43 61 28 69 59 65 45 . . 54 68 71 27 70 13 50 72 6 19 . . 34 73 22 . . 1 3 64 47 35 . 60 49 18 . 20 26 
19 11 8 40 58 46 9 45 26 34 24 65 27 . 67 74 75 . 35 . . 20 16 15 18 56 70 21 33 . . 37 . 60 59 68 . 36 . 32 . 55 47 17 7 28 . 63 43 51 41 . . . 69 . 44 72 1 38 57 . 42 25 62 53 64 50 29 . 2 . 31 49 52 
. 25 11 . 24 59 16 29 64 37 49 28 . 68 . . 4 2 38 19 63 1 71 . 31 30 53 57 39 52 . 45 46 50 66 . 23 12 . . 8 56 . 69 13 . 6 . 20 33 . 44 7 26 41 62 . 70 27 32 47 . 72 67 54 48 . 36 14 9 . . 55 34 . 
6 31 50 . 45 . 14 37 12 . 21 62 32 47 58 7 20 35 1 . . 27 . 44 . . . 55 . 42 57 65 59 66 . 8 26 17 73 . 64 60 . . 28 61 9 71 39 2 11 23 . 24 10 5 3 49 4 34 15 . . 13 29 75 16 52 36 25 74 41 67 . . 
. 74 . 14 44 43 . 48 25 50 . 57 . 16 53 54 9 12 63 38 28 26 . 6 . 11 1 66 36 67 15 . 45 17 . 47 51 39 35 . 60 52 21 34 18 20 46 8 24 68 27 41 . . . 13 7 2 72 23 30 59 32 64 . 33 . 22 . 73 55 3 . 5 . 
42 40 15 61 60 . 34 . . 31 . . 71 65 18 38 21 47 25 55 39 41 37 29 27 46 49 64 72 . 5 28 . . 24 . 36 48 . 50 57 9 54 . 19 . 26 52 6 8 56 73 11 43 35 30 . . 74 4 . 16 . . 22 58 69 . 32 66 . 10 68 67 63 
4 46 . 63 53 50 23 60 9 75 70 69 37 11 . . 15 . 21 . 47 . 73 43 44 65 22 . 12 1 . 18 . 38 67 7 48 . 31 45 13 14 . 54 . . 49 . 42 66 10 17 74 35 16 . . 71 52 . 55 51 . 36 28 34 19 . 64 20 68 25 41 33 62 
3 48 68 73 12 35 60 5 . 67 41 . . . 6 65 53 29 . 18 30 54 2 . 23 34 . 56 14 . 38 . 43 74 71 40 20 . 15 47 44 49 17 . 16 62 24 . . 32 64 . 66 9 22 . . 75 37 27 7 1 . 33 . 39 57 13 26 52 28 46 . 50 10 
50 54 12 13 . 69 22 . . . . 64 . 38 36 20 . 60 45 72 37 39 74 . 75 23 . 40 73 28 48 24 65 31 25 . 46 61 58 . . 26 11 53 52 . 32 6 3 62 2 7 . 29 1 56 42 5 16 15 4 . 44 41 . 19 30 17 21 49 43 . 71 . . 
34 15 10 54 35 37 73 38 67 63 28 26 8 53 70 25 59 32 29 45 13 . . 30 74 . 61 16 . 57 72 44 69 . 27 23 . . 2 . 24 33 9 68 71 . . . . 48 . 4 12 . 47 . 64 17 66 55 62 41 56 65 . . 21 60 39 19 42 . 11 58 46 
35 24 . 59 69 4 . 15 43 3 . 71 . . 50 14 . 6 . 61 55 25 54 38 66 74 . 44 . . . . 12 20 49 . 68 62 . 39 53 28 63 22 73 26 . . 64 5 34 19 45 37 58 65 32 21 51 29 70 57 41 16 . 47 56 10 . 75 23 8 52 27 67 
. . . . 51 7 20 42 54 . 38 . 35 44 43 . 32 59 . 23 68 30 29 . 60 . 55 11 4 70 . 63 13 5 . 33 75 28 . 24 72 73 . 47 . 3 65 10 41 9 8 12 52 . 67 50 15 22 6 . 53 66 61 . 17 27 40 2 34 69 57 62 14 31 58 
44 73 7 60 25 3 53 54 33 64 63 . 34 29 . 71 . 55 . 28 . . 9 . 26 . 35 8 62 75 . 17 16 27 38 46 37 4 30 . 50 18 43 . 41 58 40 48 10 . 57 47 1 22 51 . 6 . . . 72 67 . 74 14 68 36 49 59 31 12 32 . . 66 
. 10 . 58 74 41 5 . . 1 52 11 30 . 3 18 . 61 40 . . 64 47 . 70 29 63 . 48 34 36 12 15 43 42 28 55 59 . . 38 17 33 60 6 19 31 . . 23 . . 75 39 56 71 4 . 46 14 20 72 . 45 67 26 22 . 66 53 8 35 24 . 27 
. 16 . 12 29 31 . 13 22 11 8 59 . 6 65 . 72 15 19 75 . 38 48 57 71 40 20 . . 61 74 66 . 45 14 5 64 51 4 . 37 . 46 39 34 43 . 60 49 . 35 . . 30 . 32 47 . 55 17 68 9 23 27 1 24 . 53 . 36 10 58 2 42 41 
60 19 . 29 27 28 35 73 69 53 . . 55 70 21 10 48 65 . 15 34 63 57 45 61 39 51 46 68 . . . . 26 74 2 6 50 22 . 30 . 31 49 4 66 . 38 56 18 . 75 40 . 23 11 17 41 20 62 24 71 58 . 42 . 72 . . 67 44 . 43 14 16 
67 2 38 17 . 26 . 34 8 18 . 58 16 66 46 15 41 72 54 . 56 14 24 35 73 63 . . 1 32 19 5 57 11 45 43 . 64 . 30 33 50 60 48 75 68 59 . 28 70 71 29 . 12 . . 55 62 10 40 36 20 . . 61 74 65 . . . 6 . 53 47 37 
62 50 . . 64 42 17 1 41 20 26 9 15 . 2 35 8 . . . . 57 63 28 . 47 44 72 38 40 58 . 5 32 21 45 71 70 14 31 18 . 68 36 29 33 37 . 61 . 24 54 27 48 65 67 19 34 . 16 25 39 . 6 . 46 43 12 30 . . 73 . 10 74 
24 . 46 . 41 61 10 3 49 23 . 47 20 62 . 2 . 34 33 36 . 50 60 . 43 9 8 . 15 31 64 19 38 14 . . 4 55 . 57 27 25 . 7 . 22 29 72 16 53 63 . 28 67 71 42 12 6 75 . . 32 40 . 73 66 39 21 69 . 30 11 58 45 44 
29 72 . 24 6 49 41 . 16 . 73 37 7 . 42 19 . 40 . 60 33 31 46 20 . 8 47 63 . 27 2 64 . 57 11 . 53 45 28 23 66 30 . . 56 21 52 44 12 . 65 . 13 70 18 34 . 68 5 36 26 . 1 3 . 9 54 75 22 55 . 50 25 17 15 
18 39 73 23 75 20 72 36 50 38 54 10 . . . 4 . . 62 . 66 15 33 . . . 48 . . 8 11 30 68 28 65 1 49 . 60 69 45 . 14 42 35 9 74 55 53 7 67 . 58 27 17 57 70 24 40 25 13 . 22 61 . . . 43 52 . . 19 34 59 31 
28 6 13 . 9 45 . 71 30 22 34 . 52 . 29 70 58 73 39 5 40 47 62 67 . . . 51 . 33 . . 50 75 20 42 43 19 48 . 3 1 41 63 72 . 35 16 25 24 31 . 65 64 38 . 23 74 2 . 11 53 68 . 56 4 14 7 . 10 . 44 17 32 12 
25 61 43 15 . . 33 . 46 . 6 . 21 3 24 1 29 28 52 . . 18 58 4 . 12 7 59 44 55 68 11 39 64 26 60 . 57 54 63 16 5 . . 65 34 30 35 50 73 17 38 . 56 72 41 . 69 53 . 23 45 . . . 71 10 70 51 37 . 67 8 75 42 
53 7 2 . 15 33 24 26 55 . 20 21 40 39 37 29 . . 57 71 . . 28 16 8 . . 17 67 46 22 27 4 48 73 64 42 54 6 75 . 51 50 . 10 14 41 12 . . 59 49 . 1 66 52 68 3 . . . 11 35 56 . 23 58 32 47 . 45 69 61 30 36 
9 22 47 7 20 17 54 . 1 45 69 53 50 . 64 46 57 25 . 74 . . 52 34 . 59 4 48 70 73 37 38 21 10 75 . . 6 . 56 40 61 66 31 51 12 44 67 13 19 43 . 71 23 55 . . . 42 . 65 29 27 . 41 30 11 39 . 32 . 68 . 36 . 
57 . 64 . 40 . . . 60 . 23 . 2 45 . 56 28 31 5 . . 74 61 71 63 36 38 42 30 17 . 50 52 4 . 19 72 10 65 6 . . 39 62 . 29 75 53 34 25 . 55 51 8 . 66 73 18 . . 21 47 70 37 15 67 13 14 27 26 58 20 54 22 . 
48 18 16 33 . . . 14 20 . 22 29 23 5 35 37 64 52 42 73 74 56 72 1 12 7 . 53 49 47 62 . 67 65 . 21 . 30 46 36 . 24 13 . . 57 8 . 19 4 60 63 68 . 2 . . 40 . 51 31 50 26 66 43 45 41 . 15 34 75 . . 44 38 
46 . 52 . 37 56 42 61 . 41 55 43 . 28 60 53 71 . 3 58 . 69 59 33 20 . 32 23 . 36 4 . 48 . 62 9 35 72 12 38 . . . 10 . 15 . 54 67 11 1 6 63 7 24 26 18 13 . 68 . 14 25 17 44 8 45 19 70 22 50 2 57 . . 
. 66 4 2 73 . . 39 24 . 37 . . 13 14 17 3 54 71 . 58 51 75 31 50 55 . 28 40 . 21 . 32 49 . 63 5 35 41 . 11 12 64 15 . . 60 . 8 67 26 . 22 10 27 38 69 47 44 1 . . . 70 20 . 25 18 23 56 . 36 29 62 72 
47 70 56 75 26 40 1 28 6 54 31 68 59 36 61 30 45 . 23 . 21 7 49 55 . 37 . 33 71 48 . 16 . 73 51 74 . 13 . . . . 62 64 . . 12 58 69 . 15 11 53 63 50 4 27 29 18 . 32 52 24 22 . 3 . 9 17 . 34 42 39 8 43 
. . 40 53 50 . . 16 48 55 1 18 14 . 47 . 27 . 36 51 41 . 4 52 7 10 . 34 59 68 63 . . . 5 54 24 . 20 13 23 32 25 57 17 44 . 11 73 49 . 33 67 74 39 70 . . 21 9 3 56 62 2 12 60 . 15 . 30 26 72 . 35 69 
. 33 . . 30 74 56 22 57 16 35 8 38 1 19 69 12 . 17 . 36 70 51 39 64 44 3 37 42 . . 4 2 . . 75 40 . 59 49 62 71 15 58 61 . 11 50 29 60 55 32 48 . . 73 67 43 . 31 . 27 65 . 53 25 . . 68 41 18 . 5 46 . 
