75
16 . 54 53 28 68 66 20 . . 69 67 . 5 63 59 . . 24 . 48 55 . 52 39 7 41 . 73 . 26 31 25 11 34 64 29 2 14 . 8 42 30 3 61 . 6 1 12 71 . . . 56 21 60 23 15 35 51 . 75 . 38 19 47 58 43 . 18 44 27 62 70 . 
6 43 4 70 47 . . 30 50 . 28 13 52 . 42 74 11 . 49 33 72 27 67 14 56 31 51 16 . . 40 2 . 29 53 32 17 . 58 38 . 64 5 . 3 41 . 24 9 65 21 . 59 12 44 . 1 . 55 22 61 46 20 18 . 45 7 35 62 . 75 . . 8 68 
. . 6 73 . 61 1 14 65 41 38 5 66 60 . . 71 2 . 43 . 33 16 . 64 50 . 54 57 51 . 72 . 32 35 22 10 59 34 . 53 . 18 23 63 . 3 . 39 27 . . 58 40 68 17 62 21 . 8 42 13 31 30 45 56 . 25 . 46 52 37 4 26 47 
54 30 65 18 33 12 39 . 19 69 27 . . 32 55 72 9 . . 64 29 10 3 53 43 75 . 73 . 50 . 67 45 26 . . . 38 15 48 13 . . 70 40 28 11 63 66 14 . 6 71 . 24 . 35 46 7 37 58 8 34 . 22 49 . 60 31 . 42 2 20 51 17 
8 . 72 . 43 75 27 15 21 5 40 20 17 . . . . 24 . . 26 . 22 . . 28 70 2 65 55 10 58 9 46 25 42 74 62 61 59 1 49 7 . . 52 41 13 . . 51 68 . 39 4 . 11 48 29 12 37 47 . 3 14 38 33 73 . 63 . 45 32 64 56 
2 62 . . 20 65 . 37 . 55 31 48 36 6 25 . 33 67 59 39 54 9 46 58 40 10 . 35 30 42 74 51 38 . 4 16 . 71 . 22 70 41 49 63 60 34 . . 11 23 . 7 . . 19 21 15 69 13 57 66 64 5 26 . . . 1 . 27 18 8 72 50 53 
64 . 22 7 21 29 65 47 . 11 57 70 55 41 27 . 62 30 37 36 59 66 . 9 . . 68 34 32 31 . . 43 42 8 . 45 49 6 . . 16 56 10 50 15 14 . 5 72 . 18 20 71 23 . 67 58 4 26 17 54 . . 52 . 39 51 24 48 46 33 75 . 69 
55 42 67 64 36 19 25 8 72 21 . 46 27 . 17 3 . . 61 . . 62 28 45 24 . . . 41 . 4 15 34 66 . 13 . . . 50 7 5 40 29 52 47 26 59 . 37 33 . 39 . 35 53 12 6 49 20 56 70 . 75 44 58 57 11 69 43 68 48 54 18 38 
5 51 33 . 39 . 67 56 57 61 9 . 20 . . 50 15 19 . . . 70 63 . 3 52 64 75 42 74 45 16 6 1 28 53 . 14 . 60 2 . 4 66 . 7 73 41 . 46 68 10 23 54 26 . 37 25 . 58 . . 49 . 18 44 . 29 21 31 13 55 43 22 30 
72 64 . 30 . 46 31 51 16 28 4 . . 53 2 9 67 18 6 . 1 54 45 42 . 34 60 39 43 12 . 56 59 71 . 44 23 . . 47 57 . . 50 58 . . 5 . . 73 65 11 17 14 . 75 37 25 . 15 68 27 7 36 35 . 32 33 70 20 22 . 49 8 
14 19 43 37 57 17 . . . 23 . 7 . 1 . 53 3 5 10 51 . 60 72 74 75 21 44 . 35 49 . 27 62 65 . . 61 . 73 12 59 34 . 40 70 67 8 6 58 42 11 . 29 46 9 68 45 30 . 54 20 69 63 36 38 22 25 39 50 . 33 47 13 . . 
48 47 68 39 17 10 29 23 . 57 . 32 3 66 45 43 . 28 53 9 27 . 37 . 42 16 . 65 . 63 38 . . 5 24 . . 21 22 34 62 . 15 51 1 61 . 2 72 36 31 70 40 13 . 4 41 59 19 46 52 25 74 14 50 . . . 12 . 6 49 58 11 73 
46 59 15 . 31 40 22 58 63 64 48 . 35 72 47 . . 26 30 . 6 14 36 11 . . 43 . 44 60 32 55 73 13 3 69 . 4 . 70 54 21 53 38 . . 34 16 1 . 37 24 . 67 61 25 . 17 12 9 . 33 . 8 42 2 18 20 . 39 28 7 . 62 49 
. . . . 71 28 . 17 48 58 45 44 10 . 34 32 . 47 62 . 35 30 5 54 6 . 15 . 64 38 37 68 22 36 75 3 67 13 40 29 65 57 21 1 . . 46 70 31 18 52 33 53 50 . . . 66 . 61 24 59 16 27 25 . 73 . 60 72 . 26 63 . 14 
39 61 52 . 29 63 8 . 28 25 . . 72 65 57 10 60 3 . 26 . 32 58 6 74 . 11 20 . 18 35 . 51 16 56 5 54 . 50 . 34 . 31 48 75 40 22 64 4 7 70 . 9 19 41 47 . 12 14 . . . 46 15 . 36 21 37 2 . 17 66 59 43 67 
37 32 . . 25 64 . 40 70 4 53 73 71 . 31 13 66 23 . 42 7 21 11 . 9 . . 48 . . 19 . . . . 6 16 43 . 74 35 65 2 18 33 30 63 . 59 56 47 34 27 5 46 29 20 . 28 . 12 14 44 1 69 15 17 50 38 . 45 52 8 60 58 
20 21 40 6 53 . . 42 2 50 25 . 22 33 11 5 68 . 12 34 45 37 24 . 55 73 74 59 27 . . 19 . 15 38 72 39 . 41 56 69 58 . 61 62 46 47 44 70 52 60 3 49 8 17 . . 28 43 . . 4 . 29 1 10 . 30 66 54 . . 26 48 . 
23 58 42 65 16 20 37 29 . 75 1 47 64 . 8 22 45 13 . 2 44 . . . . 48 67 46 59 . 12 17 15 43 6 39 57 50 . . 10 . 73 . 74 51 61 . . 9 36 52 26 69 . 33 5 . . 3 53 19 70 . 55 30 56 63 . 24 . 32 18 21 25 
68 9 16 22 . . 58 34 26 . 41 30 28 . 13 . 7 70 48 . 63 . 51 32 . 37 8 36 74 . 3 1 18 12 46 21 . 72 43 20 . 39 . . 4 75 . 19 17 73 45 . 25 61 . 57 55 62 . 69 33 29 67 64 56 53 . 66 54 2 10 38 . 42 60 
18 10 . 15 . 38 59 60 52 39 21 55 54 . 7 . . 64 . 31 58 . . 29 68 . 6 62 75 33 . 46 42 14 . 11 30 . 12 . . 20 . 25 26 8 37 48 47 4 67 . 22 24 16 32 73 61 63 53 41 9 56 2 . 27 35 49 . 69 1 3 51 57 43 
34 35 26 1 . 66 . 21 6 45 13 . 15 10 68 25 . 42 52 71 8 . 56 24 53 . 27 11 12 9 14 . 20 . 48 . 63 . 2 . 75 32 33 . 22 . 70 58 37 . . 60 64 18 40 19 3 55 31 17 . . 23 51 43 73 . 57 46 44 65 59 30 38 61 
. 38 11 17 48 . 55 49 5 . . 15 75 2 . 73 23 31 35 69 . 64 74 . 21 18 63 44 33 70 68 57 36 34 37 19 52 65 46 41 . 30 . 9 43 10 51 32 61 12 42 25 . 47 . 28 7 . 67 16 26 3 . 13 . 6 . 72 39 40 22 . 29 . . 
. 71 17 16 56 62 4 63 18 2 74 54 23 . 21 69 1 . 25 45 36 . 42 34 7 9 39 70 5 10 . . . 3 49 66 40 75 11 24 33 44 55 65 15 . 53 26 67 . . 43 . 60 48 . 46 . 51 . . 37 . 32 . 29 31 61 72 . 35 30 . 73 64 
. . 48 63 . 35 . 43 56 7 . 22 . 37 18 44 30 32 39 38 . . . 33 57 23 4 47 17 11 62 42 . 19 26 49 . 55 59 21 61 70 54 14 51 29 68 45 . 53 50 75 3 . 28 10 13 31 . 34 74 15 40 71 . . 24 . 58 8 5 69 . 41 2 
58 24 9 26 62 . . 35 39 10 75 56 69 74 41 21 12 44 33 6 64 67 . 31 23 3 . . . 59 17 4 . 30 27 37 22 7 52 13 18 55 25 73 . . . 43 . . 16 53 46 70 29 66 . 1 68 28 51 . 19 45 15 . 38 5 61 71 . . 11 72 . 
9 56 7 . 12 53 . . . 17 . 10 74 23 48 68 24 60 8 . . . . . . 65 16 6 38 39 33 43 35 54 18 14 21 27 75 66 31 67 72 41 . 57 32 49 15 70 26 . . 25 52 30 . . 20 73 44 . . 19 37 62 40 3 63 42 50 . 36 71 59 
. . 58 33 . 54 6 . . . 12 . 25 57 35 71 . 14 17 30 52 29 . 41 51 . 31 9 70 46 42 . 10 69 39 45 53 36 7 19 . 8 64 67 44 32 . 47 60 13 23 27 56 . 55 . 18 34 37 . 2 73 . 59 63 3 22 38 . 74 4 50 . 1 20 
1 . 37 19 42 43 45 . . 38 20 3 . . . 75 32 . 63 22 74 71 9 7 13 47 . 53 4 24 6 66 55 . 73 . 59 60 29 64 30 . . 57 25 . . 14 52 61 41 8 72 10 12 65 . 67 33 48 35 5 26 . 39 31 34 58 17 . . 40 69 27 15 
27 4 . 75 60 5 34 16 68 33 . 6 . 3 24 . 39 8 . 46 32 31 35 43 65 . 14 55 25 2 9 62 70 38 23 7 . 28 . 72 . 12 59 56 18 . . 37 . 10 19 48 1 44 58 . 66 47 40 . 11 71 17 52 . 57 . 21 . 73 26 74 64 53 . 
71 74 36 10 . 44 13 66 73 43 . 1 32 47 . 16 18 34 42 70 56 . . 25 29 67 45 17 11 3 . 64 . . . 52 72 46 69 57 50 48 20 7 8 49 30 . . 33 . 63 28 9 . 55 . 23 75 40 . . 21 39 . . 62 26 22 59 60 . 14 . 31 
73 1 25 50 . 13 . 71 51 72 8 11 . 45 . 38 54 53 56 17 69 58 70 57 32 . 47 49 34 . . 7 21 37 14 . 62 16 65 5 . . 10 44 . 4 75 42 48 . . 9 36 . 33 35 63 39 61 . 43 74 12 . 26 52 59 31 18 6 . 19 67 . 22 
45 33 57 . 27 7 11 10 47 31 44 . 56 62 75 . 51 50 . 21 . . . 26 37 61 38 30 46 . . 9 3 67 32 29 64 53 17 1 23 36 52 55 71 63 42 . 8 15 49 . 43 16 2 72 . . 5 . 14 . 48 60 6 39 13 . 73 . 19 65 66 54 . 
53 63 23 55 65 . 35 25 54 26 18 12 47 17 . 30 38 39 11 48 5 49 40 16 . . 21 . 15 . . . 8 10 . 1 75 29 45 52 3 56 . 20 46 37 4 73 2 41 . 44 . 31 66 58 28 . 64 50 67 51 57 43 9 32 . 70 . 61 . . 68 . . 
. 34 61 3 23 . 9 . 46 29 66 . . 13 19 . 48 54 31 12 . 65 73 15 22 32 69 45 63 41 44 10 . 50 . 58 49 42 . . 47 51 43 . 35 . 2 25 38 57 53 64 14 6 11 16 . . 39 . 27 . 62 70 17 71 28 40 1 4 24 20 . 75 37 
63 . 50 71 6 . 21 . 38 . 59 45 43 67 . 49 5 65 64 23 47 56 12 1 72 33 29 15 36 27 11 . . . . 8 73 3 32 28 . 46 61 2 53 70 20 62 75 . 55 . 37 57 . 7 69 26 10 42 . 60 66 25 . . 9 18 . 52 . 24 39 13 41 
13 . . 21 . 60 73 70 . 46 50 27 26 52 72 8 . 16 58 47 57 5 . 10 18 54 24 25 49 45 75 65 44 22 66 . . 56 23 67 68 . 42 . . 59 . 38 30 17 . 32 74 37 . 63 6 3 53 . 39 55 . . 64 . 19 62 . 14 71 . 28 69 11 
. 73 55 48 10 8 62 39 17 . 61 . 13 36 16 67 46 . 15 . 31 53 2 72 69 70 33 27 . 58 . 52 26 . . 54 . . . 37 . . . 4 42 11 38 60 19 3 1 29 51 63 59 6 74 24 . 21 28 . 45 . 57 14 5 44 71 20 34 25 9 56 . 
. . . 9 64 73 72 44 . 18 5 8 40 43 46 35 4 17 . . 33 12 21 39 . 59 . 31 16 . 2 24 . 6 30 . 3 70 . 51 . 13 36 22 69 . . 34 . 63 29 41 67 7 71 20 10 68 11 19 62 27 1 55 54 48 60 45 52 25 37 . 47 74 . 
. 65 31 5 66 70 10 48 32 . 62 64 . 59 54 17 . 9 75 72 . 42 30 . . 20 73 74 58 53 22 37 2 . . . 71 44 38 18 . 15 41 . 34 13 19 11 . 45 3 . . . 50 27 26 29 57 . 63 21 43 24 61 69 68 55 4 . 67 60 52 14 . 
. 26 . 31 51 41 . . 23 3 . 65 38 25 50 2 56 . . 20 22 . 47 8 48 68 9 67 69 1 59 29 14 . 42 34 55 17 63 . 64 74 . . 73 . 16 7 33 11 39 61 24 . 37 54 30 4 . 49 60 66 36 40 32 13 44 . . 57 . 18 27 45 35 
44 50 . 4 . 57 16 . 25 54 . . 34 11 29 64 53 7 1 . 23 3 33 37 . 22 40 61 52 36 21 71 41 55 13 . 42 6 . 69 27 62 . . 28 17 10 75 14 . 20 30 66 59 . 46 . 8 . 31 . 63 . 68 12 5 70 . 51 35 . . 74 9 24 
36 75 34 60 26 27 14 31 37 15 19 33 21 44 . 28 58 73 20 . . . 29 . 25 6 35 57 13 67 30 49 . 45 1 2 47 . . 32 . . . 43 66 42 . 51 24 . . 71 8 64 3 69 61 63 9 72 70 7 54 . . . 53 48 68 . 11 56 12 23 5 
. 66 60 . 74 31 70 50 . 44 46 . 67 29 4 24 . 69 22 41 75 43 32 36 52 57 30 . . 23 13 38 . 27 . 47 68 19 9 61 71 26 45 . 37 . 33 72 18 8 63 . . . 1 14 49 . 6 39 73 17 25 . . 59 65 . 11 3 15 . . . 48 
42 . 10 . . 3 32 24 66 16 43 17 9 19 1 . 37 . 65 8 . 52 61 56 . 58 . 69 21 35 53 . 75 . 2 62 20 . . 27 . 73 34 60 39 . 48 4 25 . 30 31 54 . 63 15 51 33 44 68 . 18 59 74 5 28 29 . 49 22 47 57 . 7 70 
32 25 3 41 9 . . 46 69 73 68 19 4 56 39 36 52 . 2 . 38 72 60 40 63 24 58 . 55 37 43 . 71 . 20 17 26 47 44 11 49 1 . 59 57 . . 21 . 28 . . 75 48 . 23 29 13 . 14 10 34 6 . 65 7 . 12 5 15 . 64 35 16 27 
35 54 49 27 . 2 50 4 . . 22 39 44 69 . 41 21 45 67 . 17 15 . 47 16 13 19 42 . 75 36 20 . 59 . . 38 25 18 53 . 6 . 30 31 64 43 65 7 . 9 72 . 51 . 62 68 71 26 23 57 . . 12 . 63 8 46 55 . 56 11 70 5 29 
4 2 . 42 . . 28 . 7 70 . . . . . 15 29 49 . . 12 44 68 62 20 . 52 71 61 6 51 . 69 57 63 27 48 37 25 40 56 18 3 24 72 . 31 8 10 64 . 5 32 55 67 73 39 54 . 65 47 . 30 22 33 34 . 75 43 36 . 1 21 59 50 
. 49 70 20 55 . . 6 44 71 . . 2 22 9 . 72 . 36 74 50 57 8 61 . 42 . . 29 26 58 39 . . 41 . . 54 28 14 51 47 60 62 24 33 40 53 . 68 38 45 18 . 56 31 48 52 69 . . 10 11 34 4 67 16 7 30 17 27 13 1 37 19 
65 13 . 24 8 58 18 11 22 48 6 . 50 4 15 . 27 . 9 49 51 45 57 . 47 17 1 68 14 19 41 54 67 . 74 71 . . 21 44 . 59 35 . 2 25 . 28 26 34 5 . 38 33 42 . . . 3 63 30 72 . 69 40 37 . . 10 32 . 46 . 55 39 
47 67 51 . 59 33 71 . 24 30 26 41 49 7 44 18 43 48 . 58 16 38 52 . . 63 . 3 . . 56 61 1 . 12 20 14 35 . 8 74 37 46 . . 73 27 . 62 . 2 11 15 22 54 . 57 50 21 13 25 23 28 17 10 42 72 . 34 . 36 4 5 65 . 
50 . 8 29 73 18 23 67 59 . 63 25 1 49 . 11 44 43 14 75 3 26 39 13 . 72 61 . 24 . 34 35 68 48 51 33 . 5 30 42 20 60 9 45 . 38 . 52 . 19 74 22 16 53 70 . 58 64 . . 71 . 7 57 . 55 46 47 6 . . 17 2 40 . 
30 17 . . 70 . 64 73 8 22 33 42 60 24 . 6 28 . 74 14 65 . 43 . . 26 56 52 48 72 31 . 63 21 19 38 27 12 1 39 58 29 51 . 45 18 . . 44 62 54 4 55 . 13 . 40 . 32 35 34 67 53 9 47 66 37 15 41 5 . . 50 3 . 
. 22 . . . 34 . 74 36 8 . 68 45 48 59 66 16 33 69 10 11 7 . 2 44 29 55 64 60 20 49 63 27 72 61 57 46 . 4 30 6 . 32 53 47 12 56 17 13 . 75 . . 42 18 40 . 9 73 25 19 50 41 . . 23 . 71 28 . 39 . 37 52 3 
69 55 20 13 . 52 61 9 . . . 60 . 8 . 58 17 74 3 63 10 . 41 . 14 45 42 . 6 47 . 50 40 44 70 30 . 51 31 . 48 . 39 12 59 54 5 71 . 1 18 38 73 . 32 24 . . 66 7 46 62 68 11 . 21 2 . 27 16 25 28 56 . 33 
10 41 32 56 61 50 . 3 30 40 . 18 39 20 . 4 . 1 57 . 21 16 65 51 28 74 . 43 . . 71 47 . 9 72 75 . 24 13 . 73 63 29 27 . 19 . 36 46 . 59 37 68 . . 70 34 . 22 55 . 48 . 67 53 33 26 8 35 38 62 12 44 58 66 
52 14 . . 30 . 41 32 . . 56 31 8 61 62 48 47 6 5 27 37 18 . . 33 46 50 28 . 73 67 36 29 . 58 . . . 26 16 38 75 . 54 20 1 57 68 63 44 43 . 19 . 65 . 64 . . 4 49 53 13 23 71 40 66 59 7 60 70 21 25 17 9 
. 8 . . 37 56 48 59 13 6 . 63 24 46 26 33 65 27 . 1 70 2 23 . 45 14 75 50 . 22 52 41 74 18 . 25 44 32 67 73 29 . 11 . . 58 72 54 36 . 64 62 60 . 43 38 . 5 30 71 9 . 69 4 66 . 47 10 42 . . 35 61 68 12 
17 28 . 59 69 . 20 65 67 1 36 51 6 73 43 47 . 37 66 5 34 40 75 27 30 . . 19 72 21 . 53 52 . 45 56 25 . 3 54 22 14 48 26 10 . . . 57 55 . 16 . 29 . 41 70 18 50 24 7 . . 35 62 . 64 2 32 9 63 39 60 . . 
. . 18 45 . . . 33 . 49 2 69 . 31 3 52 34 . 60 . 73 51 7 65 67 . 54 72 26 . 64 40 39 4 43 24 13 11 42 46 . 28 50 15 68 . 74 . 29 5 . 66 . 36 6 9 . 20 62 10 38 16 32 63 23 19 27 41 8 47 58 61 . 25 . 
59 . 74 61 72 71 36 5 40 52 35 37 14 63 23 51 . 58 . . . 20 18 . 73 . 26 38 . 7 39 . 11 60 9 4 19 67 . . 28 22 75 69 . 21 50 10 . 6 25 2 48 . . 45 54 44 47 . . 49 64 33 8 65 41 68 16 13 55 42 57 . 46 
67 20 19 58 50 4 26 52 . 74 47 49 . 18 69 . 73 . . 29 2 22 38 35 36 66 37 13 . 71 . 32 . 56 54 . 65 . 10 43 14 . 27 28 . 6 7 3 40 21 8 42 41 11 45 34 . 75 16 64 5 39 . 48 60 1 30 . 59 12 23 44 . . . 
3 40 66 52 32 . 42 2 20 . 73 14 62 26 . 7 41 71 51 67 . 61 49 18 . 30 28 60 . 16 . 59 24 39 69 35 70 . . 58 . 11 63 75 13 . 29 . 22 50 . 46 . 21 . 37 . 65 72 43 . 1 8 6 74 64 54 . 45 34 12 68 33 . 55 
51 5 30 . 58 72 44 54 12 60 3 . . 55 33 27 42 35 73 57 19 63 . 20 1 36 7 41 37 . 18 45 23 17 16 70 8 26 39 31 32 52 38 . . . . . 49 25 6 47 . 2 62 74 9 11 46 . 21 61 22 . . . 75 28 67 64 14 . . 10 . 
61 18 . 38 68 26 47 69 43 56 34 66 19 58 . . 20 4 46 16 62 48 6 30 . 41 . 33 1 25 . 73 13 24 50 . 37 9 . . 17 71 8 . 29 39 12 35 55 . 72 14 . . . 2 31 49 59 32 45 . 52 . 67 . . 42 23 65 40 53 . 63 28 
70 3 12 25 49 59 40 61 35 66 72 50 . 38 52 . 75 . 41 . 28 73 31 . 10 56 . . . 5 27 . 47 68 7 43 18 1 57 . 11 53 74 71 67 26 44 9 64 2 48 58 21 62 39 42 22 . . . 69 24 . 37 13 54 14 . 29 . 32 . 65 . 36 
49 . . 14 3 . 63 1 27 37 10 . 29 30 61 46 . 38 7 56 66 . . 48 62 44 18 . . 8 73 74 65 20 . 41 24 33 5 . 9 . 6 . 19 69 64 . . 32 34 12 47 58 25 22 53 36 60 75 23 2 55 . 31 17 50 13 . 11 57 16 . 4 26 
12 45 . 44 22 55 69 26 1 9 65 . 51 28 5 . 8 25 27 18 67 36 . 46 15 53 72 58 . . 50 23 19 . 33 10 . 57 54 4 66 43 70 13 . 35 21 30 . 60 . 17 34 75 . . 42 38 56 41 16 6 39 47 . . 32 24 . 29 59 62 49 . . 
. . 56 . 40 39 30 . 41 . 58 38 37 64 70 63 26 . 50 28 42 34 19 5 61 25 . . 68 13 . . 31 52 36 9 60 45 . 35 21 66 67 46 . 43 65 18 69 . 15 23 . 20 27 71 14 32 17 62 4 . 73 . 7 16 1 33 . 53 . 75 22 47 72 
41 37 64 69 4 51 . . 61 14 16 26 . 15 12 42 13 68 . . . 74 44 21 . . . . . 48 63 25 7 35 29 36 34 52 8 . . 54 1 47 . . . 40 71 20 . 67 31 32 38 11 59 43 . 70 3 58 2 66 46 75 . 27 57 19 . 9 10 39 45 
22 15 71 67 1 32 43 7 64 65 54 21 73 35 . 62 57 11 72 59 4 39 55 19 46 . 10 . . 56 25 . 53 . 17 . 50 34 27 . 52 61 . 74 5 14 9 . 3 . 13 40 63 38 . 51 . 70 . 66 . 20 24 42 68 60 45 . . . 49 . 23 44 18 
. 52 59 11 34 . 3 57 9 42 7 24 . . 14 23 . 36 4 19 20 13 1 . 27 43 . . 22 66 69 . 49 73 15 18 58 64 53 . 72 2 71 17 32 65 39 . 6 51 . 55 35 74 60 . 44 . 54 45 . 40 37 46 28 . 12 67 56 41 21 . 31 . 62 
28 60 21 32 44 48 75 72 3 . 52 40 42 16 56 54 70 57 71 7 . . . 49 4 . . 66 . . . 33 37 62 . 61 35 . 20 63 55 27 . 5 . 2 45 46 50 43 69 39 12 41 53 67 17 73 . 47 . . 29 58 51 9 10 74 . 68 30 36 . . 65 
24 . 27 35 . 22 52 62 . 67 14 34 5 . . 39 25 56 44 61 . 1 4 60 19 12 2 37 8 29 47 18 57 . . . . 66 68 9 63 45 28 32 54 3 17 55 20 . . 21 42 15 64 . 50 . . 6 72 30 71 53 75 . 51 . 48 7 41 . 46 . 10 
. 7 63 . 18 9 74 19 45 13 . 35 58 39 60 . 61 15 43 40 . . 50 22 26 11 66 24 54 17 16 . 5 53 21 59 4 10 37 2 25 . 68 . . 27 55 . . 67 28 20 33 52 57 36 72 56 8 . 6 . 51 44 49 . 71 . 64 75 . . 3 29 32 
31 . 47 36 52 24 12 45 75 . . . 46 42 64 29 . 20 34 62 43 50 26 73 70 38 . 5 71 . 54 . 60 23 55 51 11 . . . 4 3 37 . 56 9 69 . 68 59 66 . 44 . 7 8 16 40 1 30 . 35 65 . . . 15 . 74 . 53 63 . 32 21 
