75
38 2 . . 34 22 57 8 39 . 4 65 37 60 46 . 42 . 11 . 5 41 51 . 44 . 23 75 40 74 . 12 53 63 . . 66 71 13 . 62 14 33 . 48 18 . 61 . 26 67 36 19 31 50 21 28 10 17 24 27 6 72 29 69 . 47 64 . 7 54 . . 1 25 
60 1 . 6 41 39 . 10 2 . 31 . 71 73 64 3 70 47 34 53 32 12 . 40 9 13 . 25 57 44 20 75 4 . 22 . . . 69 56 33 36 43 8 . 5 . 55 14 . 30 49 51 . . 72 19 . 7 54 . 46 50 28 15 52 . . 42 11 61 45 58 59 . 
5 55 54 42 . 29 63 16 52 22 . 1 39 . 14 28 10 66 . 60 . 74 12 31 35 68 4 18 . 41 75 . . 67 38 73 2 62 . 7 . 32 40 57 44 45 . . 6 . 61 15 56 37 58 69 46 48 . . . 30 51 . 50 . . 26 11 59 65 27 25 9 34 
23 58 70 . 30 46 3 39 27 . . 64 25 . . 55 . . 47 6 . 15 4 . 61 33 34 41 7 65 . 11 2 24 26 44 9 32 36 . 10 74 18 68 45 72 1 52 35 69 42 43 37 40 54 19 . 57 . 63 28 53 16 71 . 62 . 60 51 . . 21 . 67 31 
9 56 7 . 51 64 32 45 31 . 48 6 17 41 30 21 35 . 66 . 50 . . 67 . 25 73 63 11 42 . . . 75 8 23 57 33 19 1 . 34 . . 60 . . 49 . 54 74 5 72 53 18 44 . 47 52 37 14 . 3 70 40 58 68 62 38 . 13 46 28 26 . 
. . 57 43 56 69 11 53 10 13 61 55 29 . 1 66 22 2 24 . 31 60 68 44 . 4 . 32 67 23 5 41 48 52 36 . 58 74 . 42 16 . 25 65 75 . 17 46 . 49 39 54 50 71 . . 20 . 27 34 . 15 7 64 47 . 19 . 14 18 . 40 70 62 8 
56 5 65 57 11 2 . . 51 38 44 26 15 54 9 64 . 37 61 24 49 21 . 59 40 74 32 . 12 62 . 60 . 35 . 28 . . 46 50 . 67 14 29 10 68 30 . 53 1 . 18 . 58 . . 52 69 . 66 20 3 31 72 17 6 39 34 36 33 22 . 41 55 47 
65 39 73 58 28 54 46 75 17 . 71 52 . 25 . 74 40 38 45 50 . 67 48 61 . . . 30 6 31 22 . . 66 . 59 11 55 4 . 57 19 13 . . . 62 70 42 . 51 . 27 . 23 10 37 . 12 14 7 . . 16 . 69 2 43 24 68 47 15 20 36 64 
. 65 53 15 3 51 24 . 40 26 45 . 74 28 37 . 14 32 . 5 . . 67 . 29 . 69 48 23 52 10 25 . . 21 49 59 31 20 57 34 . 70 38 46 56 73 4 . 30 6 58 71 61 66 . 63 62 . 17 . 36 54 7 18 . 12 55 . 13 . 16 19 72 39 
42 52 38 . 61 . 49 56 25 . 50 75 73 62 54 . 27 34 . 15 57 17 . 43 58 16 40 55 . 14 46 . 11 64 . 67 28 68 66 63 37 4 6 69 . 59 19 . 12 65 48 7 60 . 2 . 72 . 13 29 74 9 . 22 44 30 23 . . . . 39 21 . 51 
18 15 6 46 19 53 28 . 43 65 . 41 55 67 74 . 9 . 72 . 7 58 27 14 59 21 . 70 . 47 64 29 40 13 63 25 36 12 32 . 69 50 1 56 37 66 61 . 49 24 . 10 30 39 35 . 62 8 51 57 34 . 42 20 . 4 54 . . . . . 52 73 23 
71 33 20 9 . 19 51 . 62 . 12 7 22 37 . . 34 13 . . 10 35 41 . 6 39 46 60 2 . 36 16 24 . 1 56 18 73 15 14 . 57 68 42 31 74 . . 17 3 65 44 5 52 53 11 . 25 . 50 54 . 63 49 . 32 59 . 30 43 29 72 61 27 45 
. . 22 32 59 . 41 . 12 28 33 45 . 2 39 . 48 21 43 51 15 29 38 57 16 . 54 50 4 . 42 63 9 34 68 35 71 56 . 30 5 58 61 . 65 60 70 73 37 62 7 52 40 55 . 53 74 . . . 31 27 . 66 64 11 . 69 . 72 10 . 24 . 1 
20 . . 62 . 67 14 . 60 11 26 33 . 55 . 27 68 15 35 7 . 45 43 70 72 69 41 57 28 56 . 39 46 . 31 3 . . 54 16 25 29 44 59 19 48 42 50 34 2 32 . 65 4 5 74 . . 23 51 13 . 18 17 . . . 66 10 40 58 49 64 75 . 
27 40 75 60 20 . 55 63 4 73 52 . 2 . 44 25 . 11 22 37 74 28 29 . 32 45 30 54 58 33 69 59 38 . 18 . . 66 21 . 19 70 41 24 17 34 5 71 8 . 16 1 35 67 . 23 65 56 . . 72 57 47 . 49 . 64 14 . 51 42 36 12 . 50 
39 . . 71 64 43 25 58 8 . 70 35 32 16 38 7 19 65 28 57 4 11 61 54 1 48 67 20 62 . . 47 . 2 49 45 56 . 50 . 13 27 . 33 . 52 74 34 . 9 26 31 3 . 75 . 42 63 29 36 . . 14 . 30 5 72 53 73 24 . 51 . 69 15 
57 . 8 5 43 1 . 28 . 21 2 58 75 40 . 52 18 67 42 62 . 64 33 . 55 . . . . . 23 13 25 19 37 41 . . 49 . 3 20 48 51 7 . 56 9 . 34 36 61 12 60 72 38 35 39 68 . 65 73 70 . . 50 69 54 46 . 15 11 16 74 44 
35 . . 40 29 13 . . 55 66 28 . 7 69 41 51 . 75 59 42 45 2 44 73 43 . 61 12 33 36 70 18 . 72 . 65 4 23 34 25 . 62 . 17 30 64 54 57 . 50 . 20 24 74 67 3 21 . 53 31 39 71 48 14 . 19 49 . 52 5 . . 46 11 10 
13 73 69 75 1 18 5 55 . 8 . 54 43 . 52 . 64 59 10 22 68 . . . 42 19 . 38 51 7 41 46 57 37 50 . 49 . . 58 40 6 47 53 . 11 15 12 20 . 24 28 36 34 . 35 45 . . 61 9 . 39 23 48 56 . 71 44 . 30 74 3 32 2 
34 50 37 66 13 . 53 . 57 . 62 . 11 1 15 40 . 41 44 . . 16 28 55 . 17 25 . 59 45 68 67 33 61 23 52 . 29 58 5 75 35 42 12 . . 63 . 36 43 2 70 74 47 56 . . 27 73 10 26 22 64 31 46 8 . 39 . 6 51 . 30 48 72 
45 43 39 67 50 36 18 71 . 33 . 37 . . . 9 49 . 4 26 27 . 8 6 47 20 38 7 46 . 14 . 58 42 56 57 70 1 41 . . 11 . . 72 12 10 . 5 75 29 17 . 23 51 61 25 32 48 35 22 24 . . 16 40 63 65 59 3 . 60 69 2 68 
25 . . . . 42 . . 66 18 11 72 21 71 67 61 33 51 49 23 2 20 50 22 75 14 57 46 36 19 45 7 34 62 4 69 . 28 1 . 30 40 . . 35 39 24 . 10 . 70 26 . 73 64 13 . 58 6 8 17 56 44 . 12 . 43 52 . . 53 . 38 15 . 
. . 64 28 2 71 12 35 1 58 72 25 40 56 31 . 61 . 48 8 29 . 18 3 11 . 19 51 15 . 13 73 . 23 . 74 5 69 67 46 . . 30 45 20 . 44 10 38 55 . . 42 62 39 33 60 14 . 32 . . 59 27 4 37 41 49 68 . 70 7 54 57 . 
30 16 4 . . 20 35 64 23 29 59 . 52 46 17 41 . 42 21 . 63 7 37 58 56 61 . 45 71 26 . 19 18 48 65 . 27 2 . 51 15 28 . 36 43 44 68 13 3 8 . . 55 33 60 25 . 22 . . 12 62 . . 70 67 1 50 49 47 11 . 66 10 73 
68 45 36 . . 27 13 61 21 39 43 . . 32 55 53 17 18 . 48 24 9 58 . 28 73 14 31 30 59 . . 44 . 6 15 . 51 60 41 . . . 71 3 38 66 64 . 37 . . . 8 69 . 12 40 . 47 56 65 57 4 34 70 16 35 33 54 62 26 1 42 67 
8 34 1 33 58 65 69 . . 54 42 28 . 31 . 19 . 46 67 . . 4 47 64 . 41 66 29 61 5 . 26 20 . . 48 . 9 35 3 14 44 59 . 52 23 45 30 75 21 . . 43 68 . 27 7 55 38 70 24 . 15 73 39 22 13 36 . 50 32 12 18 40 56 
1 36 . . . 59 . 31 49 37 20 . 69 51 . 11 54 52 27 21 67 19 71 60 39 15 18 . 14 48 . . . . . 34 . 61 65 28 . 8 9 3 5 33 . 53 . 74 38 . 13 32 45 . 44 . 47 42 75 . 6 62 . 41 . 57 63 64 7 73 22 30 35 
31 . . 36 35 38 . . 37 70 18 14 64 12 16 24 3 8 13 56 59 . 5 28 69 29 . 2 10 6 . 42 47 . . 21 62 65 30 26 48 . . . 66 43 40 . 4 44 52 57 25 . . 58 23 61 63 9 60 . 33 1 51 . . . 32 . 68 53 . 17 54 
33 48 19 74 25 . 73 22 36 44 46 71 . . 12 57 . . 54 28 6 . 59 . 14 . 15 49 . 3 61 . 60 45 32 16 . 34 53 . 65 66 . 5 23 29 21 68 72 63 8 . 39 7 10 64 . . . 69 . 37 58 52 75 24 62 . 50 38 20 42 56 13 . 
7 32 . 72 16 23 15 73 11 34 . 17 27 . . 58 69 60 . . 33 14 . 48 5 . . . 52 2 . 8 22 26 45 51 42 54 56 61 38 31 62 43 . 19 18 . 46 64 1 35 29 . 13 . 4 20 41 68 . 21 . 57 63 39 44 12 74 28 49 . 10 . 53 
. 11 26 39 . 68 29 33 . 20 . 21 . 53 65 . . . 50 64 52 70 . 25 18 31 48 23 . 60 55 44 . . 17 37 . . . 40 43 59 75 7 . 27 2 3 1 5 46 42 66 51 4 57 32 71 8 . 58 67 35 9 10 28 45 24 . 22 36 61 73 14 . 
. 72 . . 48 63 . 30 67 57 . . . 29 22 69 58 25 16 33 . . 70 34 . 40 1 26 . . 59 14 17 49 10 12 39 15 55 9 42 13 . 31 . 24 71 35 47 32 . 37 75 . . 7 61 2 45 52 66 4 11 . 36 38 . 8 27 53 5 64 44 18 74 
. 71 12 . 18 25 27 62 50 61 . 5 . 3 56 . . 30 29 52 14 37 31 69 . . 42 17 54 35 43 15 . 10 72 8 7 40 26 66 58 . . 11 32 2 . . 70 . 9 55 . 59 . 34 64 . 57 60 1 39 . 44 23 51 65 13 21 45 16 28 75 20 33 
. . 10 38 . 52 48 11 54 12 . 20 61 72 51 8 29 36 71 68 56 6 . 39 45 64 55 59 . . 49 . 35 41 . 47 75 37 . 4 2 46 69 73 50 . . 19 . 66 28 24 22 . . 5 70 9 15 27 67 34 62 33 . . 3 7 . 30 43 1 . 23 18 
37 . 44 49 . 12 6 68 . 15 . 48 . 36 5 59 50 64 19 . 30 53 34 . 20 72 35 . 8 70 40 74 . 43 13 . 45 42 62 11 17 24 73 1 . 31 . 39 . 16 18 21 14 2 27 29 . 66 3 58 71 . 65 . 57 . 28 . 22 23 4 75 47 33 . 
40 44 5 . . . 74 . . 17 47 53 . 66 4 14 65 57 7 29 . . 3 . 23 67 36 39 49 8 63 . 21 . 19 11 41 27 . 32 26 72 15 64 . 70 28 25 . 58 34 60 20 . 31 . 16 12 33 . 35 69 43 56 62 46 48 . 55 . 18 54 2 22 . 
. 28 . 25 39 73 . 32 68 59 24 70 8 44 20 . 56 72 . 47 13 48 53 7 66 2 . . 42 . 15 57 . 1 5 36 35 3 33 19 22 61 34 . 11 . 41 37 . 31 69 27 64 54 30 14 50 4 43 55 6 23 71 . 9 10 . 51 16 . 67 . 45 . . 
43 68 18 27 46 72 . 20 . 9 10 24 34 . . 23 62 4 14 59 37 36 11 74 . 49 51 8 29 . 16 58 . 32 7 26 64 63 . 44 73 25 53 61 39 . 3 42 . . . . . 57 15 30 75 13 60 71 . . 5 69 45 . 56 19 2 70 52 41 6 . 66 
41 38 49 20 . 28 72 3 22 74 . 69 . 35 34 71 45 29 63 66 44 . 36 . 4 65 . 19 60 46 . . 31 21 55 . 47 53 57 10 61 30 56 14 40 6 23 1 . 73 . . 16 . . 48 51 18 . 75 . 32 2 25 43 15 70 33 7 8 . 52 37 . 5 
59 . 67 44 . 15 2 . 38 6 1 73 47 50 . 4 55 10 5 . 53 30 7 . 25 63 22 28 . 51 60 . 26 14 54 24 . 20 52 . 32 18 11 . 13 37 . 16 43 . . 64 9 41 33 56 31 70 . . . 8 . 12 61 57 71 17 34 27 21 29 74 . 36 
69 . . 24 27 62 8 37 . 10 41 19 33 21 58 56 75 3 18 72 . 5 45 46 . 51 12 36 . 50 71 . 7 65 . . 73 . . 60 55 . 31 . . 49 . 54 28 39 . . 70 25 20 47 14 42 1 53 43 . . 30 68 61 38 11 . 74 2 59 34 44 22 
51 35 . 10 . . 62 41 56 . 55 68 60 18 23 5 8 12 31 34 . 22 74 75 36 71 64 44 37 4 1 70 29 28 . 38 . . 3 43 6 69 67 25 59 . 49 . . 42 47 . . 50 9 54 . 15 24 72 40 63 19 13 7 2 26 20 45 . . . 11 . 52 
21 4 51 12 33 . 61 49 24 25 37 29 42 58 72 65 . . 75 63 20 73 . 36 70 . 10 66 43 . 17 6 74 39 48 9 . . . . 44 68 52 34 64 62 69 18 23 . 15 13 54 . 22 2 3 7 26 . . 31 28 32 35 . 27 59 . 19 . . 71 5 46 
. . 63 56 4 55 . . . 32 6 . 46 11 45 26 12 53 38 36 17 49 . 47 68 23 13 52 48 73 8 3 . . 27 1 40 70 61 24 . . 64 . 15 . 43 . . 28 41 2 . . 71 62 69 50 22 30 51 10 . 37 60 16 . 72 39 44 . 5 7 21 19 
73 59 9 50 44 . . 13 . 5 32 . 66 63 . 10 74 . 39 55 . . 52 68 15 . 21 53 1 18 54 . 14 3 57 70 20 11 48 12 51 43 26 . 29 22 . 17 41 . 75 6 67 72 7 . 56 . 2 46 . 19 23 8 58 35 25 45 . 65 . 31 62 49 4 
70 10 . 64 47 . 67 15 35 . 19 46 . 30 18 . 36 5 20 3 21 68 . . . 38 . 13 69 63 56 . 52 60 42 29 48 . 44 17 11 71 23 50 . 7 . . 25 59 . 51 58 43 74 22 8 54 62 45 49 . 1 34 . 26 40 9 75 . 24 2 65 . 28 
. 60 . . 6 14 23 26 70 56 35 42 65 39 27 73 72 20 . . 69 57 . 50 34 28 9 43 19 15 . 2 8 17 67 22 38 25 29 . . 54 58 . 24 . 59 7 . 51 11 71 . . 47 68 1 21 10 16 55 44 . 61 5 . 66 75 18 48 46 . 4 . 62 
61 51 56 68 . 60 34 6 28 42 . 67 36 59 47 20 15 73 1 46 . 71 . . 33 7 . 64 27 55 38 . 54 44 25 . . 10 63 35 . . . 58 14 9 50 69 21 45 4 8 . 11 52 39 13 74 30 . 16 5 . 26 24 18 32 3 . . 66 57 . 43 12 
. 18 23 8 . 26 . 4 7 19 34 66 . . 62 43 73 48 30 54 36 69 13 2 27 12 . . . . 11 51 56 . 40 75 17 47 28 52 21 39 55 6 38 71 57 65 67 . . . 10 22 37 . . 59 61 . 5 16 25 53 74 . 60 . 31 . 41 44 33 64 58 
15 23 52 53 . . 50 . 69 2 17 16 72 . 73 18 21 54 12 . 34 44 6 19 . 66 . 40 9 13 62 27 51 . . 71 30 . 22 20 . 55 3 . 8 32 47 . 58 14 5 . 4 64 1 31 39 . 56 65 57 70 36 11 29 45 42 61 28 25 60 10 . . . 
44 57 28 63 45 5 . . . . 3 74 10 61 70 16 37 . . 1 39 . 14 41 . 75 47 15 32 38 . 36 55 . 2 50 60 17 . 71 46 64 21 62 69 8 . 43 54 72 20 33 48 . 49 . . . 35 23 4 51 13 . 22 31 73 . 66 26 40 34 9 53 7 
11 . 21 45 8 31 . 66 58 53 49 . 30 74 . 2 32 . 15 25 16 61 69 38 24 6 71 22 34 . 33 28 36 . 73 39 13 43 68 48 56 37 10 46 26 . . 63 44 7 50 14 . 12 19 . 5 1 . . 70 54 . . . 23 . . 72 60 55 9 . 47 75 
28 12 17 55 . 21 43 23 20 50 5 38 41 19 75 31 . 69 65 16 60 24 . 1 . 62 59 33 26 . 73 . 27 53 46 30 68 48 . . 4 10 37 2 36 51 . 14 61 25 66 . 49 56 70 45 . 11 44 67 32 13 . . 54 47 57 . 6 42 . . 15 . . 
52 . . 4 40 7 . . 18 1 69 23 20 5 43 48 16 33 . 39 . 75 . 45 . . 49 . . 53 6 10 42 25 14 . 63 72 38 59 . 47 27 35 . 57 55 51 26 56 12 29 28 30 . 37 11 65 . 13 50 17 66 2 . 64 61 15 9 . 34 62 36 70 71 
16 54 62 29 63 . 20 19 . . 25 10 51 57 49 68 30 14 40 71 . 32 55 4 2 52 27 . . 66 72 . 23 5 . . 74 . 9 . . 53 28 70 73 . 26 33 48 . . 69 38 65 34 67 6 60 75 . . 41 . 50 42 1 8 . 37 39 12 43 31 56 17 
. 64 11 1 14 . 52 47 . 23 60 32 57 . . . 5 71 37 18 66 10 42 53 48 58 7 24 . . 9 . 15 16 69 20 . 39 8 . 27 . 45 26 . 40 75 6 22 70 63 67 73 44 61 28 29 . 50 4 19 33 56 36 . . 31 . 12 21 59 35 . 38 13 
66 24 32 . 49 9 26 74 64 60 73 27 . 68 . . 53 . . 65 12 33 62 71 7 54 70 . 13 . . 31 50 38 . 10 37 6 . 55 29 . 63 19 41 4 11 . 69 57 . . . 75 44 43 2 67 59 21 52 42 20 39 1 48 22 5 47 34 . 56 51 . 61 
22 14 43 . . . . 1 26 . 23 . . 33 . 63 . 31 . 9 54 72 65 29 50 . 5 35 25 12 32 37 . 56 61 19 44 64 45 . 67 51 . 10 42 46 13 60 30 52 59 75 2 69 . . 68 34 18 6 . 47 . 3 27 7 11 41 . 20 . 70 49 24 40 
. 31 42 65 38 . 39 21 73 7 . 57 6 . 66 . . . 70 . 75 46 24 18 26 8 58 69 3 9 34 50 . 40 11 . 43 . 71 64 . . 5 22 25 . 72 27 51 53 33 19 62 48 . 17 10 68 4 2 44 14 60 . . 74 52 . 1 56 28 32 59 41 37 
. . 13 35 22 . 36 65 53 48 64 . 31 52 33 . 26 6 . 11 25 56 72 51 . 32 39 . 24 . 7 34 1 9 71 . 12 . . 69 . . 17 27 47 61 67 . 66 . 23 16 . . 41 42 43 45 58 49 21 68 40 15 73 55 74 2 54 10 3 19 50 29 . 
55 7 40 . 10 30 . . . . 66 61 45 47 11 50 59 . . 31 38 3 49 17 21 . 63 6 22 43 . 35 68 69 33 5 19 46 27 2 54 42 51 15 . 28 39 24 74 . 44 . 26 9 . 20 53 . 64 56 36 18 4 58 . 12 75 73 13 . 25 67 60 . . 
. 27 35 . 67 45 33 14 . . . 60 . 34 19 17 28 63 69 40 51 . 56 10 . 22 20 . . 54 66 72 65 57 12 32 52 49 . 75 74 . . 21 53 . 38 26 73 . 43 41 61 13 29 36 24 44 31 11 . 64 37 42 2 59 6 68 . 55 50 30 48 . 9 
10 49 72 . 15 57 56 . 75 . . . 5 13 60 37 . 44 55 . . 54 2 63 19 30 11 . . 64 35 32 41 59 . 4 . . 73 34 39 3 38 . 28 26 . . 52 23 71 68 . . 12 51 17 6 66 1 42 74 61 48 31 27 53 21 62 36 33 50 8 25 29 
. 29 50 13 74 37 66 51 . 64 22 . 9 23 2 35 44 55 32 . 26 25 21 15 . . . . 38 27 47 5 59 . 58 33 72 . 12 39 8 65 . 16 34 . 31 67 19 40 . 4 6 63 . . 54 36 70 62 10 . 73 . 71 75 . 42 57 61 56 . 53 28 20 
32 . 68 . 73 . . 52 . 51 . 2 48 . 6 . . 9 33 12 . 47 46 8 13 10 . 27 17 69 39 62 43 54 . . 3 21 64 72 63 . 24 74 . 20 . 11 71 . 60 59 23 26 36 49 . 75 25 28 18 61 30 5 . 42 29 56 65 . 38 4 57 50 55 
. 42 41 54 12 . . 24 5 40 53 15 44 . 71 60 31 7 51 . 28 39 9 35 65 . 56 . 20 61 30 64 62 11 52 63 8 58 75 47 18 21 . 72 . 67 37 2 45 38 27 . 46 19 . 73 . . . 33 25 59 34 6 14 . . 16 29 49 . . 13 3 26 
46 69 31 48 7 11 10 2 13 . 29 . 26 . 50 . . 45 . 67 19 18 20 62 12 43 44 . 53 30 28 55 . 51 47 58 1 36 70 23 68 . 35 4 63 54 . . 40 6 56 . 34 15 42 8 57 73 32 64 38 . 41 . . . 24 22 71 75 . 37 27 61 . 
24 20 30 47 69 56 60 46 . 62 . 51 12 . 35 1 25 . 26 14 18 43 63 5 . 27 2 3 41 57 31 45 16 . 59 . 15 . . . 52 33 . 28 68 . 65 40 29 . . 32 21 . 55 6 48 64 11 . 23 38 75 54 67 34 9 4 8 37 19 . 72 58 . 
53 . . 11 31 . 17 . 6 75 68 44 35 . 7 62 13 . 58 70 47 . 1 . 41 . 43 37 5 39 65 23 30 4 3 61 10 59 2 36 . 26 . 60 54 . 33 28 15 12 21 22 69 46 . 52 . 24 55 18 . 29 45 19 56 9 34 . 64 32 14 71 63 . . 
50 61 2 70 5 75 30 69 44 24 58 9 16 8 . 22 7 . . 43 11 . 23 . 51 56 53 . . . 74 33 . 12 62 17 32 38 42 . 20 73 54 63 71 55 . 21 57 . 40 46 47 . 6 . 34 . 36 . 64 25 . 35 28 72 . 18 48 . . 3 . 60 49 
29 41 27 . . 33 4 36 9 31 . 22 18 7 42 72 71 . . 2 62 52 17 . 53 11 . 34 39 40 12 24 10 . 28 14 54 67 59 8 1 . . 23 58 75 32 56 13 68 64 . . 6 21 15 . 35 . 19 61 49 74 45 3 25 5 70 . . . . 43 51 38 
. 17 16 61 36 44 75 5 47 . 15 31 50 9 13 . 51 70 . 4 64 . . 26 37 46 68 74 45 21 3 52 28 73 . . 33 8 24 67 66 . 72 55 . 1 27 23 . 11 22 53 57 18 43 65 71 . 49 . . 7 . . 6 14 58 40 35 63 48 . 29 . 42 
54 70 33 7 68 74 9 40 61 30 14 . . . 69 42 . 17 53 49 55 62 . 37 57 47 16 5 21 28 67 20 64 36 35 . 50 22 72 73 . 52 71 32 18 25 51 38 27 . 45 56 . . 59 1 . 46 34 . 29 . . . 19 . . 6 23 41 44 65 . 39 11 
64 46 . 18 32 40 31 34 45 . 54 . 53 27 . 29 . 39 6 . . . 75 . . 5 52 73 56 22 . . 37 58 51 2 61 19 . 49 28 15 16 41 . 3 8 . 33 4 14 66 11 17 25 60 30 23 20 . 48 . 38 55 21 . 67 44 70 69 26 68 . 7 . 
67 9 . 73 . 50 59 70 34 69 7 12 4 22 . 30 . 58 17 45 . . . 16 31 18 . 62 64 68 25 48 39 29 74 . 21 5 10 37 23 56 . 44 51 . 52 . 2 61 54 72 . . 65 46 . 53 28 38 3 11 32 43 . 36 . 27 . 71 75 6 40 19 24 
