75
68 . 61 26 54 33 28 49 39 12 62 . 59 19 16 . 13 . 46 17 42 47 . . 74 67 7 24 75 . 65 . 43 35 50 . 32 29 40 . . 4 . . 69 36 . 9 52 10 45 23 3 . 56 14 55 51 18 21 48 37 73 57 38 22 25 44 . 66 . . 5 15 31 
. . 57 7 60 12 68 . 15 . 54 32 6 62 74 71 21 22 59 65 61 3 16 51 . 64 . 38 46 . 5 . . 36 42 39 8 11 43 70 48 67 . . 10 1 . 35 26 41 . 69 . 56 . 24 37 . 23 45 . 44 40 27 19 . 49 28 58 20 72 17 30 31 63 
. 24 29 30 33 17 . 9 8 48 . . 60 6 34 53 . 10 15 35 31 54 41 55 51 . . 2 61 16 47 72 . 4 67 3 40 69 73 19 . 75 65 . 59 71 56 . . 43 28 26 22 5 45 . . 1 7 64 . . 44 66 14 42 . 46 18 27 . 74 36 70 11 
51 66 41 75 72 . 63 17 29 3 58 19 39 . 18 38 31 60 71 . 25 73 8 . 4 37 . . . 50 28 11 42 61 . 23 16 24 . . 12 6 70 5 . . 45 . 54 62 15 2 47 55 48 22 . 44 10 74 64 . 52 . . 7 . 34 68 57 56 43 13 . 27 
. . 16 13 . 55 71 66 5 54 39 1 31 8 49 . 35 75 64 37 . 28 2 . 68 48 . 51 24 62 . 3 70 56 10 69 29 22 15 58 9 59 7 72 . 38 41 44 36 32 60 6 . 26 23 57 30 33 . 63 . 18 . 17 34 25 52 . 47 . 61 . . 19 . 
5 . 9 73 39 60 . 25 . 74 . 70 21 . 40 17 18 50 30 46 69 58 6 20 57 68 26 . . . 4 36 72 . 54 37 44 . 55 66 33 56 . 51 67 2 11 . 23 . 29 12 13 43 . 47 31 . 8 3 53 48 . 65 . . 28 7 64 62 35 63 71 22 52 
47 . . 32 55 8 44 42 . 65 11 16 25 5 48 41 51 . 27 18 36 68 75 43 2 . 74 . 58 73 70 . 46 3 63 12 . 34 . 9 61 57 . 31 15 53 72 52 24 6 13 . 71 45 22 4 40 . 56 . . . 59 26 7 . 19 10 20 50 49 . 17 . 33 
59 . 36 . 48 . 39 72 . 55 51 . 17 56 64 47 11 4 7 58 20 50 3 35 54 65 6 5 13 75 . 74 . . 37 8 69 66 . 15 24 . 10 45 21 16 38 . . 68 67 41 33 53 . 23 . 63 . 30 12 29 43 14 . 1 71 . 22 . . 61 73 25 9 
52 53 59 64 31 . 48 40 . 7 . . . 11 . . 8 58 72 61 19 . 39 26 55 15 73 10 . . . 38 16 . 30 74 68 14 28 5 27 43 35 47 18 32 . 23 21 . 42 75 57 12 66 . . 62 51 . 60 25 70 . 29 9 3 36 1 24 . 67 4 54 65 
27 69 22 11 17 . 42 . 60 50 70 47 5 . . 29 67 30 48 . 41 2 18 . . 49 28 39 . . 37 21 . 74 . . 23 25 12 38 57 34 32 . 72 59 75 43 56 64 20 40 44 73 . 65 33 . 45 14 6 . . 10 24 62 54 8 13 . . 1 63 . 26 
54 33 20 . 37 11 55 5 38 40 . . 7 31 13 44 70 46 56 16 . . 47 71 26 30 . 63 51 42 49 67 53 . 1 68 9 12 34 . 52 . . 36 6 . 64 4 59 3 72 73 45 . . 62 66 69 21 35 43 . 23 58 . 8 15 27 . . 65 2 . 60 22 
. 55 19 . 8 69 56 32 . . 29 . 47 52 26 . 30 64 . 7 70 74 51 57 . 61 68 . 49 . 62 17 65 22 . . 58 . 39 . 10 53 43 . 41 . 71 3 42 . 16 45 50 38 20 . 11 12 25 48 . 59 2 40 23 34 5 . 21 35 46 36 14 73 28 
. 71 . 63 . 67 52 11 16 . 35 . 73 46 23 3 . 31 10 6 . . . 13 5 8 61 . 50 . . 40 37 47 65 15 2 . 70 53 34 22 42 24 54 . 7 48 57 39 19 . 49 . 51 68 17 32 . 4 25 27 . 56 72 44 43 45 55 26 . . 60 62 29 
46 2 43 4 74 29 6 54 3 57 60 64 70 36 . 13 7 . . 62 10 53 9 42 47 . 40 22 66 52 39 75 19 1 . 32 21 8 23 . 28 61 45 63 . 67 37 73 . 34 33 24 72 49 . 31 . . 65 . . 17 55 35 . . . 58 15 18 26 . 11 68 . 
. 34 1 12 62 14 51 19 53 . 18 68 . 24 70 30 72 . 28 . 13 56 54 37 41 22 50 42 47 66 15 57 3 2 9 46 36 . 44 65 59 58 . . . . . 31 . . 6 60 74 64 35 . 32 67 . . 20 . . 7 16 63 45 71 . 73 17 8 75 52 39 
. 45 . 48 56 . 21 . . 30 69 28 20 63 12 67 26 51 . 25 44 . 42 36 23 11 . 57 8 70 19 . 40 . 43 2 46 10 71 50 35 . 29 55 . 74 14 1 58 13 18 65 4 68 5 64 53 17 . . 38 32 6 75 54 47 73 . 33 . 60 . 41 . 15 
33 . 24 20 35 27 72 65 67 73 64 38 22 58 . 70 . 17 1 36 47 66 7 62 15 . . 16 . 18 . 50 39 55 . 10 . 57 60 49 42 . 54 . 31 11 . 5 . 23 32 74 40 . 2 75 63 29 14 44 9 21 . . 56 26 . 68 6 41 . 45 3 46 61 
50 . . 1 5 39 73 57 61 37 75 45 23 32 . 11 14 12 42 . 2 25 71 29 64 . 13 58 . 74 21 65 38 . 26 . . 16 . . 17 44 6 48 . . 31 56 40 8 35 70 46 63 55 19 51 . . 36 47 33 67 62 59 28 9 15 . . 69 34 . 18 4 
. . 48 . 3 37 65 . 22 26 66 7 . 40 . 56 63 21 . . 49 20 31 . 9 34 47 54 25 60 57 42 44 19 . 71 45 53 29 8 72 16 24 67 30 . . 74 70 27 23 64 43 13 28 15 . 11 5 68 . . 62 59 51 39 33 . 10 14 1 . . 38 36 
18 65 . 27 13 . 45 34 4 38 9 . 8 23 42 75 46 26 68 . 40 . . 74 16 . 60 15 29 57 7 . . 53 . 54 62 . 63 73 . 1 . 35 5 17 . 59 10 69 31 . 70 72 33 55 41 14 30 52 . 2 61 48 39 . 6 37 51 . 47 56 28 49 67 
15 . 62 3 . 1 12 46 32 53 2 13 64 70 10 7 74 38 . 63 . . 34 . . 72 43 . 60 25 . . 5 . 47 . 75 30 27 4 . 33 51 58 66 50 42 . 31 54 . 39 67 . 69 36 68 23 37 . 52 49 26 44 18 14 . 57 24 56 20 6 16 . 8 
13 . 15 66 64 22 5 59 42 31 30 52 . 53 . . . . 73 75 72 . 62 21 14 71 27 7 . 33 55 . 51 12 46 34 65 . . 26 39 49 47 6 . 29 . 8 . 48 43 10 9 11 50 60 . . 28 56 41 68 19 . 61 3 32 . 16 38 . 54 20 63 2 
. . 45 18 . 16 . 15 25 71 22 69 . 54 28 35 73 2 49 43 34 10 . 6 17 59 32 4 1 46 68 56 50 . 29 . 53 47 74 . . 23 55 . 14 9 52 . 48 . 36 31 5 27 . 3 58 8 62 12 70 . . . 37 40 41 13 7 21 30 . 33 66 . 
1 36 18 . 23 51 57 22 . . . 44 . . 55 4 3 73 . 40 7 49 35 54 24 47 . 52 64 11 63 45 20 50 19 . 71 60 67 30 65 15 . . 61 66 69 . 5 21 . . . 34 39 70 . 10 26 58 74 . 56 72 27 6 68 41 . 43 31 . 48 29 . 
16 57 39 45 . 52 69 50 1 6 47 23 . 61 7 59 42 19 67 70 33 24 56 8 20 43 . 53 22 . 32 54 62 58 21 40 4 49 14 55 . 64 . 46 68 . . 26 . . 9 17 . . 12 44 48 . 36 . 13 3 . 28 . . 75 . 63 74 41 29 . 72 . 
71 . 30 5 . 28 67 68 54 . . . 62 12 8 25 61 59 . 47 29 9 20 . 75 18 16 . 2 . 31 73 41 11 48 38 60 74 . 13 19 . 46 . 55 64 57 66 44 50 63 33 . . 49 . 36 42 . 10 26 . 4 . 69 32 53 22 3 . 70 27 51 14 23 
58 48 5 . 49 15 38 69 . . . 66 50 20 36 21 52 7 54 72 53 30 44 3 73 12 41 26 4 39 34 . 32 37 14 63 . . 6 60 . 70 9 . . 25 1 47 . . . 59 61 74 . 8 67 . 22 16 10 55 13 42 43 . . 31 65 11 75 40 . 56 . 
9 25 33 28 38 . 13 75 . 47 63 8 34 . 62 60 57 53 22 54 48 64 . 18 . . 36 14 73 10 . 19 7 42 . 5 . . 37 39 49 29 56 40 44 68 51 67 . . . 4 55 24 17 11 . . 59 27 21 20 35 32 74 30 65 23 . . 43 . 72 58 69 
73 31 58 21 41 42 . 2 49 28 40 36 53 51 . 46 29 48 50 23 37 39 17 . . 13 . . 9 71 . 44 60 . 69 . 55 32 . 34 . . . 61 8 22 35 . 15 25 66 5 56 62 14 6 . 20 . 70 33 16 54 . 3 68 27 63 67 47 24 59 19 . 74 
21 56 69 17 18 62 60 38 44 24 . . 46 37 11 . . 16 26 73 1 19 55 23 . 40 64 . 72 . 25 . 28 10 . 36 22 68 59 . 32 20 15 . 13 51 33 . 49 . . 34 63 57 61 29 . 35 75 53 45 5 27 . 8 66 74 52 71 30 42 . . 47 . 
. 46 . . 14 50 1 13 70 5 26 62 12 71 . . 48 . 23 . 28 18 65 . . 9 75 . 19 43 42 15 . 24 33 58 35 64 41 37 63 68 30 . 11 3 21 32 66 74 55 47 20 7 16 2 49 54 . 6 61 60 29 . . 53 . 56 17 . . 25 . 40 72 
31 62 70 41 58 4 . 14 . 20 12 10 54 44 38 . . 52 53 . 5 51 37 45 8 . . 21 3 . . 25 59 17 . 30 49 19 . 24 69 71 . . 40 . 26 34 43 22 46 63 48 61 29 73 7 72 . 2 57 . 11 74 60 65 64 39 . 33 6 15 47 28 . 
72 43 13 39 . 2 37 31 10 4 15 20 . 45 57 48 40 62 34 69 71 . 21 73 59 66 17 . . 68 . 47 52 8 56 29 50 . 5 3 . . . 22 49 . 25 . 61 63 . 44 . 58 74 32 . 19 . . 14 1 18 51 65 23 46 26 41 70 16 . 12 11 55 
. . 4 44 . 74 . 23 36 17 6 . . 2 67 16 66 . 51 22 62 48 52 . 63 3 59 55 . 15 72 . 18 75 5 56 27 50 61 41 14 . 25 37 71 13 73 10 1 7 . . 28 19 21 54 . 24 . 31 34 65 45 11 . 57 26 32 . 64 33 . . 12 20 
36 26 . . 29 5 . 61 69 45 . 73 . . 43 27 54 71 20 50 . 60 . . 49 7 35 19 11 44 . 9 17 67 4 55 12 56 31 6 23 52 18 68 32 . 28 25 41 . 70 62 2 33 30 . . 21 64 66 65 58 . . 46 72 . 14 39 48 . 10 1 57 75 
65 16 66 . . 46 2 74 30 27 50 . . 42 14 . . 35 . . 52 . . 24 62 . 49 71 . 56 45 31 68 18 . 75 6 7 9 . 11 60 20 59 43 41 58 70 47 73 53 . 8 . 3 26 28 15 13 39 . 34 25 55 64 51 . 21 37 17 . 38 22 1 . 
26 63 46 . 70 44 10 64 . 29 24 35 15 . . 28 9 67 31 38 17 11 73 39 3 . 55 . 56 48 1 34 49 . 12 . . . 21 23 71 45 27 8 19 14 6 . . . 54 32 18 37 7 . . 2 . 59 4 72 57 69 20 16 . 42 36 5 58 75 40 . . 
63 5 35 34 57 . . 24 31 52 4 22 10 38 . 62 64 55 2 29 43 . 33 . . 50 . 13 69 17 18 . 48 16 3 66 . 45 36 . 20 47 26 . 46 15 60 . 14 49 1 61 . . 58 40 . 9 72 75 . . 71 73 . 11 67 53 . . 21 7 54 39 42 
14 . 63 36 46 . 18 . 55 42 25 56 71 65 22 19 50 24 43 66 . 62 10 . 48 74 . 67 . 61 23 41 8 . 51 . 70 . 4 11 . 31 39 26 64 20 40 6 17 33 44 . 53 . . 58 . 38 12 1 . 45 32 15 28 29 21 47 30 . 37 13 . 2 . 
45 32 72 37 73 65 29 3 40 22 52 30 57 . 44 . 47 . 60 . 38 . 26 5 . 4 11 . 21 . 8 46 56 . . 41 24 23 20 . 68 69 67 12 42 54 74 27 28 66 64 25 10 36 9 . 13 71 . . 15 . 7 70 17 75 55 . . 59 . 48 . 51 35 
49 17 . 25 1 45 3 60 . . 20 67 9 73 47 42 16 . 41 71 23 . 43 68 72 75 56 69 26 . 2 61 54 40 64 62 . 13 . 28 . 21 14 38 24 34 36 . 51 37 . 52 65 18 . 30 35 70 46 11 32 31 . . . 59 . 48 . 53 . 5 66 . 6 
62 38 23 54 10 6 59 30 65 68 74 75 . . 72 12 . 15 8 20 . . 48 52 1 60 70 . . 19 53 37 9 44 40 21 . . . 35 . 18 41 33 29 42 50 36 73 67 . 28 14 22 43 . 3 34 31 25 24 4 64 46 . . 16 66 26 39 63 11 . . . 
57 41 . 74 . . . 47 18 . 8 . 67 . 51 36 28 37 . 31 16 13 68 15 70 19 42 43 27 5 59 . . 14 . 61 1 46 7 22 64 62 3 65 . 40 66 63 . 52 . . 38 10 60 56 72 6 39 32 . 73 17 . . . 11 4 29 75 9 44 24 21 25 
10 70 . 42 47 . 7 71 63 59 57 21 3 17 . 64 . . . 39 56 34 60 66 25 1 52 35 12 . 29 16 67 5 . . 72 58 . 68 45 73 . 43 48 18 24 11 30 . 61 . 51 50 40 33 15 27 19 26 62 . . 49 75 . 13 54 . 46 22 23 37 . 53 
69 15 . 19 . 58 61 . 68 35 28 51 . 4 . 8 71 14 11 33 64 . . . . 24 57 66 45 49 6 10 2 25 . 47 74 43 22 54 30 . 31 73 56 46 39 . . 20 41 29 21 . 53 9 59 52 17 7 . 12 75 23 63 48 . 70 . . 62 72 . . 16 
41 1 34 69 44 . 50 . 73 32 . 46 4 3 53 . 60 66 . 10 35 15 27 70 42 . . . 36 40 24 7 . 6 57 20 48 18 11 31 8 . 58 . 75 21 . . 37 14 22 51 . 28 63 72 71 65 . . 16 74 . 45 . 38 47 . 23 25 59 64 68 55 56 
61 74 55 49 . 47 70 44 46 34 . 5 32 64 75 54 39 29 14 . 15 . 4 69 71 53 . 18 68 20 43 . . . . 50 . 40 58 56 . . 33 . 73 19 65 2 8 30 57 72 . 31 . 12 10 7 . . 22 63 1 52 67 45 62 . 11 36 28 16 59 6 37 
19 . . 40 . 38 9 . 50 70 56 . 41 74 60 57 34 . 21 48 6 75 30 . 53 69 62 20 18 12 . 52 58 33 27 26 . 31 66 25 55 72 . 44 23 7 13 14 39 46 24 1 . 54 . 35 47 . 32 15 . 22 . . . 43 29 . 2 63 . 49 8 65 . 
6 19 64 10 59 . 4 . 66 . 33 58 28 . 50 9 . 18 65 . 3 61 49 22 . 2 5 . 74 13 75 68 15 20 45 . . 26 8 1 43 42 63 57 . 70 . . 27 44 . . 31 . 25 . 14 47 . 41 40 51 69 38 35 36 17 . 72 16 48 24 29 32 54 
7 6 56 8 . 24 49 51 . 44 48 27 18 . 5 69 37 . 61 13 74 65 46 63 22 55 30 60 16 58 66 . 45 . 36 . . 4 25 12 40 . 59 29 17 23 . . 50 . 68 . 15 35 41 1 75 39 53 . 2 47 3 21 10 . . 9 73 31 64 . . 26 19 
39 9 50 43 68 34 17 1 75 56 73 55 . 60 35 18 25 . 29 . . 57 . 33 69 41 31 28 32 . 44 5 30 . 24 51 67 3 2 47 53 . . 14 7 . . 58 . 16 10 . 62 42 . . 54 46 40 20 37 11 38 19 4 70 22 . 12 . 45 71 52 . . 
. 49 73 22 66 . 26 . 19 51 . 41 . 18 . 55 10 9 74 8 . . . 44 43 6 29 40 31 34 35 . . . 32 45 15 27 69 48 47 3 64 71 36 60 67 . 4 . 56 21 . 25 65 63 50 . 54 23 17 62 24 12 30 . 20 59 61 28 11 . 2 37 . 
56 39 . 2 40 21 . 58 20 69 . 3 24 29 . 31 . . . 11 59 . 22 46 60 10 67 73 48 36 54 8 23 64 25 49 . 70 53 . 50 . . 28 . 33 15 16 . 9 . 57 27 47 26 74 44 5 68 55 72 71 37 43 66 52 . 75 14 . 51 32 6 . 38 
. 12 31 57 32 25 . . 74 . 34 71 . 43 52 20 19 23 40 3 68 17 64 48 . 35 46 11 55 41 10 53 . 9 73 28 33 . 54 21 38 14 5 69 39 47 . 30 . . 49 67 . . 72 42 . 56 44 . . 36 65 22 . 27 7 60 66 . 13 51 18 16 62 
. 47 27 . 11 54 . 70 64 21 59 63 . 13 73 49 65 61 18 60 . 67 53 2 30 36 . 12 . 37 17 . . 38 44 31 . 33 . 52 26 10 23 34 3 . 32 55 22 35 58 56 25 48 6 28 . . 1 46 51 41 8 68 . 15 . 43 9 . . 19 45 5 14 
48 14 . 58 . . 27 7 . 41 67 24 52 . 61 . 68 6 17 21 . 55 23 75 . . 39 59 40 35 74 62 69 57 15 . 30 . . 32 70 8 . 1 . 65 53 71 . . 11 9 19 4 31 25 42 . 38 47 63 . 28 2 49 18 56 20 . 60 34 66 26 3 12 
. 51 53 71 28 9 35 33 . . 7 40 69 68 15 73 . . 36 14 4 32 67 11 44 . 24 . 20 55 60 26 . 54 66 13 47 17 . . 74 38 8 25 . 48 . 65 75 . 52 . . 29 . 21 62 3 42 72 19 10 31 18 . . 30 61 57 6 27 50 49 . 34 
60 52 75 59 36 64 33 . 13 . . 74 48 27 68 66 22 34 . . 67 29 40 . 35 . 19 72 6 38 26 69 . 23 31 14 54 . 57 44 62 39 16 3 20 . . 7 45 . 21 8 37 30 24 . 61 49 47 17 11 70 15 50 41 10 12 . . 2 . . 46 . 32 
67 10 . 56 75 . 47 21 58 60 . 11 61 . . 50 62 . 24 15 12 37 13 19 . 28 33 36 . 22 . 14 26 51 49 53 . 1 45 . 16 54 68 32 25 . 29 64 69 4 48 20 23 59 . 27 . 41 74 43 . 30 . 71 44 2 31 5 46 55 66 . . . 73 
. 50 25 70 63 68 . 10 2 36 . 61 40 16 58 43 17 56 . 30 45 4 57 . 37 73 14 44 59 28 . 12 . . . 7 5 48 3 75 . 46 1 15 . 35 54 24 . 72 62 55 . 71 . 52 65 . 27 38 18 . 41 . . . 8 51 42 34 32 21 39 23 . 
. 11 60 14 . 10 . 62 6 . 19 50 . 28 66 . 44 . . 32 . 72 25 67 27 58 53 34 . . . 49 . 43 38 . 52 . 13 20 3 51 69 41 70 61 9 18 46 29 73 35 36 . 54 . 45 26 63 37 56 7 22 8 48 31 2 . 40 42 . . 21 75 5 
23 27 7 . . 75 64 . 48 . . 65 38 59 19 1 . 20 70 2 30 . 72 17 11 21 . 56 39 29 36 6 66 46 58 33 3 9 . . 54 63 37 42 34 . . 68 . 40 . 22 52 14 13 50 69 61 4 . 31 . 16 60 . . 10 . . 45 15 26 25 41 51 
66 20 . 53 21 . 36 27 17 . 44 9 35 . 29 . . 25 . 56 58 26 14 31 7 52 23 47 65 72 . . 10 32 . . 39 37 49 42 51 48 2 . 50 8 63 69 13 . 40 71 68 6 59 5 24 74 3 28 . 46 . 41 . 54 1 . 34 61 67 62 . 4 60 
70 18 74 52 50 48 41 45 . . 3 . 19 25 54 34 . 32 . 42 26 46 38 14 . 57 44 31 . 24 58 . 6 72 60 22 . . 30 43 . 40 28 . 63 5 68 15 16 . 69 . 35 17 1 . 29 36 73 49 27 75 10 61 2 . 37 55 8 . . 47 23 71 . 
. 72 54 . 26 . 11 63 14 16 36 18 . 9 . 37 5 33 6 . . 35 . 28 39 . 34 1 23 7 41 13 . 48 70 19 . 15 62 . 21 . 52 49 58 . 47 60 . 51 38 . 12 2 75 59 74 4 61 22 3 69 46 . 53 73 44 40 31 . 50 20 57 24 10 
12 . 38 . 24 72 34 4 27 62 . 42 30 66 . . 20 28 . 51 54 45 69 47 50 70 . 3 . 26 . 63 14 59 17 48 11 39 . 71 73 2 21 7 . 44 55 . 35 65 . 15 58 23 . 41 56 22 49 67 . 8 53 6 . 61 18 33 . 9 . 31 74 36 40 
25 22 32 47 52 . . . 12 49 . 34 26 41 56 24 . 13 . . 73 . 66 50 . 23 1 . . 3 64 59 55 39 2 43 38 44 51 29 . . 4 60 65 . 8 17 53 19 71 30 . 40 . 67 21 18 69 54 28 61 . 16 11 . 57 72 48 10 14 9 7 27 46 
4 23 . 16 6 30 . 52 . 18 42 60 49 . 9 58 . 43 66 . 65 59 61 . . 31 22 45 10 21 48 55 34 41 39 . 56 62 33 . 13 12 53 75 1 72 20 40 63 24 17 . . 44 71 38 73 . . . 29 26 68 . 47 46 50 25 69 19 74 57 . . 3 
28 68 67 72 25 40 . . 45 63 21 15 37 . 41 . . 39 . . . 5 . 56 34 . 58 27 53 23 46 . 4 49 20 . 42 2 24 62 75 . 12 9 38 69 3 22 7 55 14 18 . . 11 17 8 . 29 . 35 64 47 31 73 19 60 30 . 13 36 65 61 43 70 
35 54 68 62 42 23 66 36 43 10 41 . 16 72 21 32 24 47 3 44 . 69 1 . 56 . 63 61 14 2 27 51 . 13 . 65 . 28 26 46 4 7 40 . 57 75 12 49 9 58 74 19 . . . . 5 . 50 . 59 . 33 37 22 17 . 11 25 8 73 18 15 . . 
. . 47 . 51 . . . 7 23 71 14 1 75 31 15 2 42 45 34 . 27 28 4 10 17 20 29 63 . 11 60 13 70 52 25 26 . 18 59 41 30 73 53 . 24 16 72 . 57 . 58 64 . 32 . 38 43 . 9 46 39 5 36 40 49 48 50 54 69 19 68 . . 44 
. 30 6 33 4 56 22 . 21 . 10 2 36 69 17 26 53 . . . . 52 29 59 . 46 15 41 44 . 73 64 1 . 72 9 61 67 . . . 50 57 18 . 27 70 . 65 71 . 48 7 . 34 43 25 13 11 40 55 . . 47 31 20 58 12 38 54 . 28 32 74 24 
75 61 37 9 15 73 31 48 71 . 49 . 65 . 2 . 36 69 38 24 27 . 12 . 32 20 51 33 30 . 22 18 11 29 23 35 . 42 . . 56 25 . 74 47 58 . 13 60 70 . . 34 . 46 7 6 57 . . 8 52 39 . 68 . 40 19 45 . 54 4 55 . 1 
. 37 . . 20 26 23 . 34 2 27 . 51 57 24 14 . 44 47 74 9 6 19 38 36 . 71 . 15 8 56 58 61 63 62 16 43 54 10 64 7 . 75 70 . 73 48 42 . 60 4 . 29 . 68 . 52 28 35 65 49 66 . 1 32 . . . 59 . 40 30 31 . 21 
30 . 3 67 . 63 8 . . 13 65 17 11 . . . 6 70 37 59 32 23 15 72 . 14 21 49 62 54 . 39 . 73 16 4 . 38 48 7 . 28 61 10 74 12 . 51 . 42 25 27 26 52 36 . . 53 58 18 71 . 60 . 5 64 . 29 75 68 57 22 56 50 41 
